+1.000000e+004	   +2.993502e-001
+1.001126e+004	   +3.398188e-001
+1.002253e+004	   +2.889476e-001
+1.003382e+004	   +3.003358e-001
+1.004512e+004	   +2.936507e-001
+1.005643e+004	   +2.956769e-001
+1.006775e+004	   +2.935870e-001
+1.007909e+004	   +2.603326e-001
+1.009044e+004	   +2.865636e-001
+1.010180e+004	   +2.978145e-001
+1.011318e+004	   +2.984878e-001
+1.012456e+004	   +2.588599e-001
+1.013596e+004	   +2.403056e-001
+1.014738e+004	   +2.535662e-001
+1.015880e+004	   +2.290975e-001
+1.017024e+004	   +2.718665e-001
+1.018170e+004	   +2.514889e-001
+1.019316e+004	   +2.230974e-001
+1.020464e+004	   +2.101904e-001
+1.021613e+004	   +2.226414e-001
+1.022763e+004	   +2.690647e-001
+1.023915e+004	   +2.248695e-001
+1.025068e+004	   +1.842824e-001
+1.026222e+004	   +2.280826e-001
+1.027378e+004	   +2.051938e-001
+1.028535e+004	   +2.069744e-001
+1.029693e+004	   +2.428833e-001
+1.030852e+004	   +2.304522e-001
+1.032013e+004	   +2.035411e-001
+1.033175e+004	   +1.866387e-001
+1.034339e+004	   +2.119080e-001
+1.035503e+004	   +1.677674e-001
+1.036669e+004	   +2.044902e-001
+1.037837e+004	   +1.711359e-001
+1.039005e+004	   +1.972044e-001
+1.040175e+004	   +1.909060e-001
+1.041347e+004	   +1.782963e-001
+1.042519e+004	   +1.869386e-001
+1.043693e+004	   +1.856266e-001
+1.044868e+004	   +1.534132e-001
+1.046045e+004	   +1.811461e-001
+1.047223e+004	   +1.729993e-001
+1.048402e+004	   +1.407290e-001
+1.049583e+004	   +1.182094e-001
+1.050764e+004	   +1.197022e-001
+1.051948e+004	   +1.581037e-001
+1.053132e+004	   +1.081817e-001
+1.054318e+004	   +1.132012e-001
+1.055505e+004	   +1.427394e-001
+1.056694e+004	   +1.259378e-001
+1.057884e+004	   +1.444387e-001
+1.059075e+004	   +1.204772e-001
+1.060267e+004	   +7.912036e-002
+1.061461e+004	   +9.663047e-002
+1.062657e+004	   +1.279428e-001
+1.063853e+004	   +8.425456e-002
+1.065051e+004	   +5.685793e-002
+1.066250e+004	   +9.576756e-002
+1.067451e+004	   +8.534086e-002
+1.068653e+004	   +8.291799e-002
+1.069856e+004	   +8.494761e-002
+1.071061e+004	   +6.919171e-002
+1.072267e+004	   +6.968869e-002
+1.073475e+004	   +8.906870e-002
+1.074683e+004	   +7.811946e-002
+1.075894e+004	   +7.020484e-002
+1.077105e+004	   +2.167199e-002
+1.078318e+004	   +5.346999e-002
+1.079532e+004	   +4.594720e-002
+1.080748e+004	   +8.064532e-002
+1.081965e+004	   +6.857259e-002
+1.083183e+004	   +5.820817e-002
+1.084403e+004	   +2.814556e-002
+1.085624e+004	   +3.401925e-002
+1.086846e+004	   +1.329568e-002
+1.088070e+004	   +4.370226e-002
+1.089295e+004	   +4.191193e-003
+1.090522e+004	   +8.304728e-003
+1.091750e+004	   +5.220509e-005
+1.092979e+004	   +9.631081e-003
+1.094210e+004	   +2.039649e-002
+1.095442e+004	   +6.322264e-003
+1.096676e+004	   +2.140415e-002
+1.097911e+004	   -1.336072e-002
+1.099147e+004	   +2.325595e-002
+1.100385e+004	   +5.013211e-003
+1.101624e+004	   -6.512110e-004
+1.102864e+004	   -1.178452e-002
+1.104106e+004	   -4.723325e-002
+1.105349e+004	   -2.980454e-002
+1.106594e+004	   -8.374413e-003
+1.107840e+004	   -4.165922e-002
+1.109087e+004	   -3.242072e-002
+1.110336e+004	   -5.958785e-002
+1.111587e+004	   -3.797041e-002
+1.112838e+004	   -9.052331e-002
+1.114091e+004	   -5.225704e-002
+1.115346e+004	   -3.585883e-002
+1.116602e+004	   -5.739819e-002
+1.117859e+004	   -8.325233e-002
+1.119118e+004	   -9.297024e-002
+1.120378e+004	   -7.686368e-002
+1.121640e+004	   -9.039076e-002
+1.122903e+004	   -7.129058e-002
+1.124167e+004	   -4.899836e-002
+1.125433e+004	   -8.371292e-002
+1.126700e+004	   -6.739746e-002
+1.127969e+004	   -7.044077e-002
+1.129239e+004	   -4.895059e-002
+1.130511e+004	   -6.551117e-002
+1.131784e+004	   -1.082704e-001
+1.133058e+004	   -1.141338e-001
+1.134334e+004	   -1.060312e-001
+1.135611e+004	   -1.051262e-001
+1.136890e+004	   -1.116686e-001
+1.138170e+004	   -9.087829e-002
+1.139452e+004	   -1.114867e-001
+1.140735e+004	   -1.596505e-001
+1.142019e+004	   -1.343284e-001
+1.143305e+004	   -1.297695e-001
+1.144593e+004	   -1.475579e-001
+1.145882e+004	   -1.416311e-001
+1.147172e+004	   -1.362228e-001
+1.148464e+004	   -1.436448e-001
+1.149757e+004	   -1.169827e-001
+1.151052e+004	   -1.527578e-001
+1.152348e+004	   -1.146196e-001
+1.153645e+004	   -1.477476e-001
+1.154944e+004	   -1.641360e-001
+1.156245e+004	   -1.549823e-001
+1.157547e+004	   -1.328067e-001
+1.158850e+004	   -1.740904e-001
+1.160155e+004	   -1.495477e-001
+1.161462e+004	   -2.049180e-001
+1.162770e+004	   -1.720038e-001
+1.164079e+004	   -1.723048e-001
+1.165390e+004	   -2.005159e-001
+1.166702e+004	   -1.962420e-001
+1.168016e+004	   -1.799752e-001
+1.169331e+004	   -2.193623e-001
+1.170648e+004	   -1.879408e-001
+1.171966e+004	   -2.305900e-001
+1.173286e+004	   -2.150605e-001
+1.174607e+004	   -1.736663e-001
+1.175929e+004	   -1.774515e-001
+1.177254e+004	   -2.045867e-001
+1.178579e+004	   -2.157290e-001
+1.179906e+004	   -1.969577e-001
+1.181235e+004	   -2.404799e-001
+1.182565e+004	   -2.248475e-001
+1.183897e+004	   -2.229598e-001
+1.185230e+004	   -2.570128e-001
+1.186564e+004	   -2.458841e-001
+1.187900e+004	   -2.219378e-001
+1.189238e+004	   -2.190573e-001
+1.190577e+004	   -2.537219e-001
+1.191918e+004	   -2.251039e-001
+1.193260e+004	   -2.869900e-001
+1.194604e+004	   -2.736063e-001
+1.195949e+004	   -2.702498e-001
+1.197296e+004	   -2.678258e-001
+1.198644e+004	   -2.826813e-001
+1.199993e+004	   -2.611850e-001
+1.201345e+004	   -2.813322e-001
+1.202697e+004	   -2.830820e-001
+1.204052e+004	   -2.518907e-001
+1.205408e+004	   -3.104789e-001
+1.206765e+004	   -2.583008e-001
+1.208124e+004	   -2.732550e-001
+1.209484e+004	   -2.568551e-001
+1.210846e+004	   -2.961624e-001
+1.212210e+004	   -3.206198e-001
+1.213575e+004	   -3.072920e-001
+1.214941e+004	   -2.967746e-001
+1.216309e+004	   -3.006871e-001
+1.217679e+004	   -3.217447e-001
+1.219050e+004	   -3.529404e-001
+1.220423e+004	   -3.364691e-001
+1.221797e+004	   -3.617257e-001
+1.223173e+004	   -3.025371e-001
+1.224550e+004	   -3.333808e-001
+1.225929e+004	   -3.183200e-001
+1.227309e+004	   -3.446409e-001
+1.228691e+004	   -3.226937e-001
+1.230075e+004	   -3.582141e-001
+1.231460e+004	   -3.370605e-001
+1.232847e+004	   -3.763723e-001
+1.234235e+004	   -3.356971e-001
+1.235625e+004	   -3.763754e-001
+1.237016e+004	   -3.854285e-001
+1.238409e+004	   -3.204781e-001
+1.239804e+004	   -3.614666e-001
+1.241200e+004	   -3.825272e-001
+1.242597e+004	   -3.311332e-001
+1.243996e+004	   -3.514742e-001
+1.245397e+004	   -3.645095e-001
+1.246800e+004	   -4.281095e-001
+1.248204e+004	   -3.797318e-001
+1.249609e+004	   -4.052588e-001
+1.251016e+004	   -3.640256e-001
+1.252425e+004	   -3.852208e-001
+1.253835e+004	   -4.081273e-001
+1.255247e+004	   -3.915043e-001
+1.256661e+004	   -4.310443e-001
+1.258076e+004	   -3.925357e-001
+1.259492e+004	   -4.147868e-001
+1.260911e+004	   -4.262898e-001
+1.262330e+004	   -4.138370e-001
+1.263752e+004	   -4.056439e-001
+1.265175e+004	   -4.467653e-001
+1.266599e+004	   -4.148754e-001
+1.268026e+004	   -4.206574e-001
+1.269454e+004	   -4.362795e-001
+1.270883e+004	   -4.193957e-001
+1.272314e+004	   -4.419115e-001
+1.273747e+004	   -3.950335e-001
+1.275181e+004	   -4.596968e-001
+1.276617e+004	   -4.745574e-001
+1.278054e+004	   -4.701167e-001
+1.279494e+004	   -4.700771e-001
+1.280934e+004	   -4.469123e-001
+1.282377e+004	   -4.675723e-001
+1.283821e+004	   -4.878267e-001
+1.285266e+004	   -4.336421e-001
+1.286714e+004	   -4.882414e-001
+1.288163e+004	   -4.565533e-001
+1.289613e+004	   -4.774248e-001
+1.291065e+004	   -4.852638e-001
+1.292519e+004	   -4.846768e-001
+1.293975e+004	   -4.990925e-001
+1.295432e+004	   -4.908389e-001
+1.296890e+004	   -5.012173e-001
+1.298351e+004	   -5.100039e-001
+1.299813e+004	   -4.883105e-001
+1.301276e+004	   -5.107865e-001
+1.302742e+004	   -4.971755e-001
+1.304208e+004	   -5.018553e-001
+1.305677e+004	   -5.150286e-001
+1.307147e+004	   -4.735031e-001
+1.308619e+004	   -5.066739e-001
+1.310093e+004	   -5.016804e-001
+1.311568e+004	   -4.994569e-001
+1.313045e+004	   -5.207822e-001
+1.314523e+004	   -5.465060e-001
+1.316004e+004	   -5.316188e-001
+1.317486e+004	   -5.121700e-001
+1.318969e+004	   -5.015942e-001
+1.320454e+004	   -5.188527e-001
+1.321941e+004	   -5.068407e-001
+1.323430e+004	   -5.614085e-001
+1.324920e+004	   -5.677685e-001
+1.326412e+004	   -5.654236e-001
+1.327905e+004	   -5.951689e-001
+1.329401e+004	   -5.410070e-001
+1.330898e+004	   -5.274860e-001
+1.332396e+004	   -5.403618e-001
+1.333897e+004	   -5.384924e-001
+1.335399e+004	   -5.977402e-001
+1.336902e+004	   -5.617304e-001
+1.338408e+004	   -6.018865e-001
+1.339915e+004	   -6.008432e-001
+1.341424e+004	   -5.673409e-001
+1.342934e+004	   -6.095713e-001
+1.344446e+004	   -5.741697e-001
+1.345960e+004	   -5.871556e-001
+1.347476e+004	   -5.700018e-001
+1.348993e+004	   -6.006874e-001
+1.350512e+004	   -5.704331e-001
+1.352033e+004	   -6.006036e-001
+1.353555e+004	   -6.133585e-001
+1.355080e+004	   -6.084973e-001
+1.356605e+004	   -6.352420e-001
+1.358133e+004	   -5.848985e-001
+1.359662e+004	   -6.073379e-001
+1.361193e+004	   -6.144919e-001
+1.362726e+004	   -6.164331e-001
+1.364261e+004	   -5.922737e-001
+1.365797e+004	   -6.714188e-001
+1.367335e+004	   -6.435766e-001
+1.368875e+004	   -6.255400e-001
+1.370416e+004	   -5.941178e-001
+1.371959e+004	   -6.572123e-001
+1.373504e+004	   -6.578168e-001
+1.375051e+004	   -5.982047e-001
+1.376599e+004	   -6.327351e-001
+1.378149e+004	   -6.678283e-001
+1.379701e+004	   -6.341444e-001
+1.381254e+004	   -6.422876e-001
+1.382810e+004	   -6.898282e-001
+1.384367e+004	   -6.386247e-001
+1.385926e+004	   -6.612505e-001
+1.387486e+004	   -7.019160e-001
+1.389049e+004	   -6.826933e-001
+1.390613e+004	   -6.677282e-001
+1.392179e+004	   -6.812445e-001
+1.393746e+004	   -6.421071e-001
+1.395316e+004	   -6.768017e-001
+1.396887e+004	   -6.538895e-001
+1.398460e+004	   -6.884781e-001
+1.400035e+004	   -6.977137e-001
+1.401611e+004	   -6.885154e-001
+1.403189e+004	   -6.843458e-001
+1.404770e+004	   -7.048024e-001
+1.406351e+004	   -6.914681e-001
+1.407935e+004	   -6.802899e-001
+1.409520e+004	   -7.026853e-001
+1.411108e+004	   -7.355223e-001
+1.412696e+004	   -7.267454e-001
+1.414287e+004	   -7.102713e-001
+1.415880e+004	   -7.227365e-001
+1.417474e+004	   -7.296485e-001
+1.419070e+004	   -7.545558e-001
+1.420668e+004	   -7.723585e-001
+1.422268e+004	   -7.285814e-001
+1.423870e+004	   -7.459469e-001
+1.425473e+004	   -7.335739e-001
+1.427078e+004	   -7.153507e-001
+1.428685e+004	   -7.352841e-001
+1.430294e+004	   -7.100174e-001
+1.431904e+004	   -7.192550e-001
+1.433517e+004	   -7.429255e-001
+1.435131e+004	   -7.673602e-001
+1.436747e+004	   -7.537977e-001
+1.438365e+004	   -7.586219e-001
+1.439984e+004	   -7.661586e-001
+1.441606e+004	   -7.785512e-001
+1.443229e+004	   -7.207574e-001
+1.444854e+004	   -7.575895e-001
+1.446481e+004	   -7.729228e-001
+1.448110e+004	   -7.666879e-001
+1.449741e+004	   -7.971306e-001
+1.451373e+004	   -7.732421e-001
+1.453007e+004	   -7.483667e-001
+1.454644e+004	   -7.961603e-001
+1.456282e+004	   -7.707101e-001
+1.457921e+004	   -8.181093e-001
+1.459563e+004	   -7.887450e-001
+1.461207e+004	   -7.571501e-001
+1.462852e+004	   -8.172620e-001
+1.464499e+004	   -8.027238e-001
+1.466148e+004	   -7.665620e-001
+1.467799e+004	   -8.053142e-001
+1.469452e+004	   -8.451782e-001
+1.471107e+004	   -8.172567e-001
+1.472763e+004	   -7.795587e-001
+1.474422e+004	   -8.010185e-001
+1.476082e+004	   -8.490767e-001
+1.477744e+004	   -8.139990e-001
+1.479408e+004	   -8.081424e-001
+1.481074e+004	   -8.216798e-001
+1.482742e+004	   -8.287928e-001
+1.484411e+004	   -8.333951e-001
+1.486083e+004	   -8.390533e-001
+1.487756e+004	   -8.605923e-001
+1.489431e+004	   -8.505561e-001
+1.491109e+004	   -8.486316e-001
+1.492788e+004	   -8.512631e-001
+1.494469e+004	   -8.498557e-001
+1.496151e+004	   -8.011682e-001
+1.497836e+004	   -8.708295e-001
+1.499523e+004	   -8.599961e-001
+1.501211e+004	   -8.903870e-001
+1.502902e+004	   -8.401265e-001
+1.504594e+004	   -8.624209e-001
+1.506288e+004	   -8.706820e-001
+1.507984e+004	   -8.578812e-001
+1.509683e+004	   -8.966888e-001
+1.511383e+004	   -8.840452e-001
+1.513084e+004	   -9.100741e-001
+1.514788e+004	   -8.484879e-001
+1.516494e+004	   -8.605213e-001
+1.518202e+004	   -8.780764e-001
+1.519911e+004	   -8.795589e-001
+1.521623e+004	   -8.567837e-001
+1.523336e+004	   -8.781390e-001
+1.525051e+004	   -8.895609e-001
+1.526769e+004	   -9.119807e-001
+1.528488e+004	   -8.730834e-001
+1.530209e+004	   -8.949596e-001
+1.531932e+004	   -8.874452e-001
+1.533657e+004	   -8.640661e-001
+1.535384e+004	   -9.181316e-001
+1.537113e+004	   -9.119484e-001
+1.538844e+004	   -8.924102e-001
+1.540577e+004	   -9.192957e-001
+1.542311e+004	   -9.450068e-001
+1.544048e+004	   -9.291266e-001
+1.545787e+004	   -9.213758e-001
+1.547527e+004	   -9.127580e-001
+1.549270e+004	   -9.329966e-001
+1.551014e+004	   -9.515403e-001
+1.552761e+004	   -9.359832e-001
+1.554509e+004	   -9.361618e-001
+1.556260e+004	   -9.367163e-001
+1.558012e+004	   -9.246230e-001
+1.559767e+004	   -9.195297e-001
+1.561523e+004	   -9.345464e-001
+1.563281e+004	   -9.735286e-001
+1.565042e+004	   -9.864961e-001
+1.566804e+004	   -9.413874e-001
+1.568568e+004	   -9.439201e-001
+1.570335e+004	   -9.575713e-001
+1.572103e+004	   -1.014649e+000
+1.573873e+004	   -9.544267e-001
+1.575645e+004	   -9.659466e-001
+1.577420e+004	   -9.850510e-001
+1.579196e+004	   -9.899557e-001
+1.580974e+004	   -9.514253e-001
+1.582754e+004	   -9.876105e-001
+1.584537e+004	   -9.677323e-001
+1.586321e+004	   -1.024171e+000
+1.588107e+004	   -9.956970e-001
+1.589895e+004	   -9.687565e-001
+1.591686e+004	   -1.010909e+000
+1.593478e+004	   -9.794909e-001
+1.595272e+004	   -9.978152e-001
+1.597069e+004	   -9.998637e-001
+1.598867e+004	   -1.002501e+000
+1.600667e+004	   -1.021606e+000
+1.602470e+004	   -9.843349e-001
+1.604274e+004	   -9.845845e-001
+1.606081e+004	   -9.908557e-001
+1.607889e+004	   -1.032930e+000
+1.609700e+004	   -9.987011e-001
+1.611512e+004	   -9.909066e-001
+1.613327e+004	   -9.889442e-001
+1.615144e+004	   -1.049575e+000
+1.616962e+004	   -1.023890e+000
+1.618783e+004	   -1.045330e+000
+1.620606e+004	   -9.983339e-001
+1.622431e+004	   -1.053133e+000
+1.624258e+004	   -1.025142e+000
+1.626087e+004	   -1.034170e+000
+1.627918e+004	   -1.024053e+000
+1.629751e+004	   -1.042688e+000
+1.631586e+004	   -1.080322e+000
+1.633423e+004	   -1.035712e+000
+1.635263e+004	   -1.046767e+000
+1.637104e+004	   -1.033487e+000
+1.638947e+004	   -1.078893e+000
+1.640793e+004	   -1.062060e+000
+1.642640e+004	   -1.030665e+000
+1.644490e+004	   -1.059724e+000
+1.646342e+004	   -1.044919e+000
+1.648196e+004	   -1.068012e+000
+1.650052e+004	   -1.065986e+000
+1.651910e+004	   -1.051035e+000
+1.653770e+004	   -1.060927e+000
+1.655632e+004	   -1.101233e+000
+1.657496e+004	   -1.081042e+000
+1.659363e+004	   -1.093811e+000
+1.661231e+004	   -1.077986e+000
+1.663102e+004	   -1.126505e+000
+1.664975e+004	   -1.084389e+000
+1.666849e+004	   -1.065161e+000
+1.668726e+004	   -1.062591e+000
+1.670605e+004	   -1.100899e+000
+1.672487e+004	   -1.082617e+000
+1.674370e+004	   -1.110002e+000
+1.676255e+004	   -1.093197e+000
+1.678143e+004	   -1.131205e+000
+1.680033e+004	   -1.102702e+000
+1.681924e+004	   -1.142861e+000
+1.683818e+004	   -1.124545e+000
+1.685714e+004	   -1.124928e+000
+1.687613e+004	   -1.148052e+000
+1.689513e+004	   -1.139707e+000
+1.691415e+004	   -1.135957e+000
+1.693320e+004	   -1.123513e+000
+1.695227e+004	   -1.135536e+000
+1.697136e+004	   -1.139760e+000
+1.699046e+004	   -1.156280e+000
+1.700960e+004	   -1.174688e+000
+1.702875e+004	   -1.134585e+000
+1.704793e+004	   -1.193851e+000
+1.706712e+004	   -1.143015e+000
+1.708634e+004	   -1.147421e+000
+1.710558e+004	   -1.151791e+000
+1.712484e+004	   -1.160820e+000
+1.714413e+004	   -1.192207e+000
+1.716343e+004	   -1.213977e+000
+1.718276e+004	   -1.128314e+000
+1.720211e+004	   -1.170444e+000
+1.722148e+004	   -1.180573e+000
+1.724087e+004	   -1.192334e+000
+1.726028e+004	   -1.163952e+000
+1.727972e+004	   -1.166430e+000
+1.729918e+004	   -1.163189e+000
+1.731866e+004	   -1.134636e+000
+1.733816e+004	   -1.206710e+000
+1.735768e+004	   -1.174142e+000
+1.737723e+004	   -1.232129e+000
+1.739679e+004	   -1.169994e+000
+1.741638e+004	   -1.198032e+000
+1.743599e+004	   -1.167775e+000
+1.745563e+004	   -1.179989e+000
+1.747528e+004	   -1.201891e+000
+1.749496e+004	   -1.253747e+000
+1.751466e+004	   -1.204839e+000
+1.753438e+004	   -1.189418e+000
+1.755413e+004	   -1.224670e+000
+1.757389e+004	   -1.233705e+000
+1.759368e+004	   -1.249879e+000
+1.761350e+004	   -1.212496e+000
+1.763333e+004	   -1.242614e+000
+1.765319e+004	   -1.222178e+000
+1.767306e+004	   -1.266068e+000
+1.769296e+004	   -1.235072e+000
+1.771289e+004	   -1.218148e+000
+1.773283e+004	   -1.242012e+000
+1.775280e+004	   -1.208540e+000
+1.777279e+004	   -1.249752e+000
+1.779280e+004	   -1.225152e+000
+1.781284e+004	   -1.202717e+000
+1.783290e+004	   -1.221418e+000
+1.785298e+004	   -1.252930e+000
+1.787308e+004	   -1.233522e+000
+1.789321e+004	   -1.265929e+000
+1.791336e+004	   -1.280728e+000
+1.793353e+004	   -1.258457e+000
+1.795372e+004	   -1.248594e+000
+1.797394e+004	   -1.281040e+000
+1.799418e+004	   -1.256974e+000
+1.801444e+004	   -1.247585e+000
+1.803472e+004	   -1.308736e+000
+1.805503e+004	   -1.269267e+000
+1.807536e+004	   -1.262044e+000
+1.809571e+004	   -1.281405e+000
+1.811609e+004	   -1.287780e+000
+1.813649e+004	   -1.280501e+000
+1.815691e+004	   -1.281001e+000
+1.817736e+004	   -1.297247e+000
+1.819783e+004	   -1.258203e+000
+1.821832e+004	   -1.281889e+000
+1.823883e+004	   -1.327114e+000
+1.825937e+004	   -1.328752e+000
+1.827993e+004	   -1.299557e+000
+1.830052e+004	   -1.313285e+000
+1.832112e+004	   -1.322481e+000
+1.834175e+004	   -1.300410e+000
+1.836241e+004	   -1.286998e+000
+1.838308e+004	   -1.351806e+000
+1.840379e+004	   -1.290641e+000
+1.842451e+004	   -1.330500e+000
+1.844525e+004	   -1.329791e+000
+1.846603e+004	   -1.322654e+000
+1.848682e+004	   -1.318833e+000
+1.850763e+004	   -1.344497e+000
+1.852847e+004	   -1.332654e+000
+1.854934e+004	   -1.364046e+000
+1.857023e+004	   -1.321455e+000
+1.859114e+004	   -1.328500e+000
+1.861207e+004	   -1.364713e+000
+1.863303e+004	   -1.389897e+000
+1.865401e+004	   -1.332139e+000
+1.867502e+004	   -1.375720e+000
+1.869604e+004	   -1.333518e+000
+1.871710e+004	   -1.352141e+000
+1.873817e+004	   -1.383828e+000
+1.875927e+004	   -1.333474e+000
+1.878040e+004	   -1.377090e+000
+1.880154e+004	   -1.366022e+000
+1.882272e+004	   -1.363531e+000
+1.884391e+004	   -1.319123e+000
+1.886513e+004	   -1.375374e+000
+1.888637e+004	   -1.399353e+000
+1.890764e+004	   -1.391372e+000
+1.892893e+004	   -1.399973e+000
+1.895025e+004	   -1.374717e+000
+1.897159e+004	   -1.358153e+000
+1.899295e+004	   -1.368875e+000
+1.901433e+004	   -1.360357e+000
+1.903575e+004	   -1.379069e+000
+1.905718e+004	   -1.430855e+000
+1.907864e+004	   -1.393704e+000
+1.910012e+004	   -1.387234e+000
+1.912163e+004	   -1.392106e+000
+1.914316e+004	   -1.416825e+000
+1.916472e+004	   -1.406900e+000
+1.918630e+004	   -1.401207e+000
+1.920790e+004	   -1.422766e+000
+1.922953e+004	   -1.444774e+000
+1.925119e+004	   -1.424471e+000
+1.927286e+004	   -1.396313e+000
+1.929456e+004	   -1.415257e+000
+1.931629e+004	   -1.425092e+000
+1.933804e+004	   -1.459151e+000
+1.935982e+004	   -1.474643e+000
+1.938162e+004	   -1.410062e+000
+1.940344e+004	   -1.434435e+000
+1.942529e+004	   -1.400108e+000
+1.944717e+004	   -1.464212e+000
+1.946906e+004	   -1.392746e+000
+1.949099e+004	   -1.450547e+000
+1.951293e+004	   -1.428701e+000
+1.953491e+004	   -1.479440e+000
+1.955690e+004	   -1.414699e+000
+1.957893e+004	   -1.442393e+000
+1.960097e+004	   -1.425129e+000
+1.962304e+004	   -1.465389e+000
+1.964514e+004	   -1.455922e+000
+1.966726e+004	   -1.471242e+000
+1.968941e+004	   -1.452984e+000
+1.971158e+004	   -1.504285e+000
+1.973378e+004	   -1.455017e+000
+1.975600e+004	   -1.438275e+000
+1.977824e+004	   -1.499973e+000
+1.980051e+004	   -1.494475e+000
+1.982281e+004	   -1.453008e+000
+1.984513e+004	   -1.486402e+000
+1.986748e+004	   -1.522091e+000
+1.988985e+004	   -1.486409e+000
+1.991225e+004	   -1.495557e+000
+1.993467e+004	   -1.460119e+000
+1.995712e+004	   -1.525923e+000
+1.997959e+004	   -1.482544e+000
+2.000209e+004	   -1.480492e+000
+2.002461e+004	   -1.550351e+000
+2.004716e+004	   -1.510662e+000
+2.006973e+004	   -1.512854e+000
+2.009233e+004	   -1.543332e+000
+2.011496e+004	   -1.529212e+000
+2.013761e+004	   -1.531208e+000
+2.016028e+004	   -1.499709e+000
+2.018298e+004	   -1.513759e+000
+2.020571e+004	   -1.482688e+000
+2.022846e+004	   -1.551331e+000
+2.025124e+004	   -1.518084e+000
+2.027404e+004	   -1.505062e+000
+2.029687e+004	   -1.532548e+000
+2.031973e+004	   -1.563681e+000
+2.034261e+004	   -1.547118e+000
+2.036552e+004	   -1.511956e+000
+2.038845e+004	   -1.542156e+000
+2.041141e+004	   -1.505208e+000
+2.043439e+004	   -1.545843e+000
+2.045740e+004	   -1.552323e+000
+2.048044e+004	   -1.548439e+000
+2.050350e+004	   -1.533110e+000
+2.052659e+004	   -1.567280e+000
+2.054970e+004	   -1.600574e+000
+2.057284e+004	   -1.530743e+000
+2.059601e+004	   -1.553594e+000
+2.061920e+004	   -1.536887e+000
+2.064242e+004	   -1.564605e+000
+2.066566e+004	   -1.570761e+000
+2.068893e+004	   -1.623784e+000
+2.071223e+004	   -1.567154e+000
+2.073555e+004	   -1.604038e+000
+2.075890e+004	   -1.593162e+000
+2.078227e+004	   -1.588651e+000
+2.080568e+004	   -1.589082e+000
+2.082910e+004	   -1.562554e+000
+2.085256e+004	   -1.599583e+000
+2.087604e+004	   -1.565212e+000
+2.089955e+004	   -1.594576e+000
+2.092308e+004	   -1.605137e+000
+2.094664e+004	   -1.596626e+000
+2.097023e+004	   -1.624496e+000
+2.099384e+004	   -1.604517e+000
+2.101748e+004	   -1.626226e+000
+2.104115e+004	   -1.618536e+000
+2.106484e+004	   -1.627136e+000
+2.108856e+004	   -1.616473e+000
+2.111231e+004	   -1.640091e+000
+2.113608e+004	   -1.643433e+000
+2.115988e+004	   -1.572143e+000
+2.118371e+004	   -1.629491e+000
+2.120756e+004	   -1.579741e+000
+2.123144e+004	   -1.612107e+000
+2.125535e+004	   -1.607193e+000
+2.127928e+004	   -1.681378e+000
+2.130324e+004	   -1.635321e+000
+2.132723e+004	   -1.631919e+000
+2.135125e+004	   -1.636169e+000
+2.137529e+004	   -1.636077e+000
+2.139936e+004	   -1.679918e+000
+2.142346e+004	   -1.636884e+000
+2.144758e+004	   -1.644652e+000
+2.147173e+004	   -1.653852e+000
+2.149591e+004	   -1.679962e+000
+2.152012e+004	   -1.633268e+000
+2.154435e+004	   -1.691115e+000
+2.156861e+004	   -1.680863e+000
+2.159289e+004	   -1.671720e+000
+2.161721e+004	   -1.649365e+000
+2.164155e+004	   -1.696596e+000
+2.166592e+004	   -1.682264e+000
+2.169032e+004	   -1.703871e+000
+2.171474e+004	   -1.646616e+000
+2.173919e+004	   -1.705174e+000
+2.176367e+004	   -1.709718e+000
+2.178818e+004	   -1.717127e+000
+2.181271e+004	   -1.693078e+000
+2.183728e+004	   -1.736171e+000
+2.186187e+004	   -1.741802e+000
+2.188648e+004	   -1.698457e+000
+2.191113e+004	   -1.744960e+000
+2.193580e+004	   -1.699825e+000
+2.196050e+004	   -1.691780e+000
+2.198523e+004	   -1.713113e+000
+2.200998e+004	   -1.703771e+000
+2.203477e+004	   -1.697916e+000
+2.205958e+004	   -1.719341e+000
+2.208442e+004	   -1.705433e+000
+2.210929e+004	   -1.743155e+000
+2.213419e+004	   -1.757763e+000
+2.215911e+004	   -1.733861e+000
+2.218406e+004	   -1.754073e+000
+2.220904e+004	   -1.720023e+000
+2.223405e+004	   -1.712379e+000
+2.225909e+004	   -1.756453e+000
+2.228415e+004	   -1.746051e+000
+2.230924e+004	   -1.731870e+000
+2.233437e+004	   -1.788720e+000
+2.235951e+004	   -1.752850e+000
+2.238469e+004	   -1.779046e+000
+2.240990e+004	   -1.765735e+000
+2.243513e+004	   -1.782218e+000
+2.246040e+004	   -1.769244e+000
+2.248569e+004	   -1.774163e+000
+2.251101e+004	   -1.743460e+000
+2.253636e+004	   -1.830127e+000
+2.256173e+004	   -1.748993e+000
+2.258714e+004	   -1.783148e+000
+2.261257e+004	   -1.819145e+000
+2.263803e+004	   -1.781718e+000
+2.266353e+004	   -1.778221e+000
+2.268904e+004	   -1.792266e+000
+2.271459e+004	   -1.812261e+000
+2.274017e+004	   -1.792247e+000
+2.276578e+004	   -1.792245e+000
+2.279141e+004	   -1.818472e+000
+2.281708e+004	   -1.814601e+000
+2.284277e+004	   -1.795704e+000
+2.286849e+004	   -1.796163e+000
+2.289424e+004	   -1.821045e+000
+2.292002e+004	   -1.804641e+000
+2.294583e+004	   -1.807120e+000
+2.297167e+004	   -1.832413e+000
+2.299754e+004	   -1.822981e+000
+2.302343e+004	   -1.819841e+000
+2.304936e+004	   -1.835144e+000
+2.307531e+004	   -1.826263e+000
+2.310130e+004	   -1.839126e+000
+2.312731e+004	   -1.828727e+000
+2.315335e+004	   -1.881121e+000
+2.317942e+004	   -1.851865e+000
+2.320553e+004	   -1.865009e+000
+2.323166e+004	   -1.875929e+000
+2.325781e+004	   -1.855001e+000
+2.328400e+004	   -1.861487e+000
+2.331022e+004	   -1.863515e+000
+2.333647e+004	   -1.884871e+000
+2.336275e+004	   -1.830868e+000
+2.338906e+004	   -1.915453e+000
+2.341539e+004	   -1.844708e+000
+2.344176e+004	   -1.859420e+000
+2.346816e+004	   -1.859096e+000
+2.349458e+004	   -1.835887e+000
+2.352104e+004	   -1.895146e+000
+2.354753e+004	   -1.890058e+000
+2.357404e+004	   -1.876001e+000
+2.360059e+004	   -1.930012e+000
+2.362716e+004	   -1.884021e+000
+2.365377e+004	   -1.897964e+000
+2.368040e+004	   -1.903425e+000
+2.370707e+004	   -1.937162e+000
+2.373376e+004	   -1.903680e+000
+2.376049e+004	   -1.878222e+000
+2.378724e+004	   -1.900190e+000
+2.381403e+004	   -1.908848e+000
+2.384084e+004	   -1.957226e+000
+2.386769e+004	   -1.900975e+000
+2.389456e+004	   -1.920186e+000
+2.392147e+004	   -1.887673e+000
+2.394841e+004	   -1.923564e+000
+2.397538e+004	   -1.961418e+000
+2.400237e+004	   -1.916365e+000
+2.402940e+004	   -1.895796e+000
+2.405646e+004	   -1.941947e+000
+2.408355e+004	   -1.913923e+000
+2.411066e+004	   -1.952658e+000
+2.413781e+004	   -1.908542e+000
+2.416499e+004	   -1.926859e+000
+2.419221e+004	   -1.982611e+000
+2.421945e+004	   -1.959353e+000
+2.424672e+004	   -2.007516e+000
+2.427402e+004	   -1.969376e+000
+2.430136e+004	   -2.004362e+000
+2.432872e+004	   -1.931911e+000
+2.435612e+004	   -1.961310e+000
+2.438354e+004	   -1.933582e+000
+2.441100e+004	   -1.989967e+000
+2.443849e+004	   -1.995817e+000
+2.446600e+004	   -1.976504e+000
+2.449355e+004	   -1.972253e+000
+2.452113e+004	   -1.957718e+000
+2.454875e+004	   -2.012366e+000
+2.457639e+004	   -2.014641e+000
+2.460406e+004	   -2.050167e+000
+2.463177e+004	   -1.984943e+000
+2.465951e+004	   -2.005264e+000
+2.468727e+004	   -1.974973e+000
+2.471507e+004	   -2.020199e+000
+2.474290e+004	   -2.051162e+000
+2.477076e+004	   -2.031078e+000
+2.479866e+004	   -2.036642e+000
+2.482658e+004	   -2.022264e+000
+2.485454e+004	   -2.069203e+000
+2.488252e+004	   -2.061090e+000
+2.491054e+004	   -2.043872e+000
+2.493859e+004	   -2.039448e+000
+2.496667e+004	   -2.039860e+000
+2.499479e+004	   -2.065967e+000
+2.502293e+004	   -1.999246e+000
+2.505111e+004	   -2.081221e+000
+2.507932e+004	   -2.096970e+000
+2.510756e+004	   -2.105425e+000
+2.513583e+004	   -2.013644e+000
+2.516413e+004	   -2.025622e+000
+2.519247e+004	   -2.047976e+000
+2.522084e+004	   -2.022333e+000
+2.524924e+004	   -2.031250e+000
+2.527767e+004	   -2.100940e+000
+2.530613e+004	   -2.045842e+000
+2.533463e+004	   -2.046106e+000
+2.536316e+004	   -2.097878e+000
+2.539172e+004	   -2.032767e+000
+2.542031e+004	   -2.035273e+000
+2.544893e+004	   -2.047234e+000
+2.547759e+004	   -2.136592e+000
+2.550628e+004	   -2.134649e+000
+2.553500e+004	   -2.087090e+000
+2.556375e+004	   -2.093556e+000
+2.559254e+004	   -2.097857e+000
+2.562136e+004	   -2.086173e+000
+2.565021e+004	   -2.139594e+000
+2.567909e+004	   -2.180672e+000
+2.570801e+004	   -2.092414e+000
+2.573696e+004	   -2.127000e+000
+2.576594e+004	   -2.113549e+000
+2.579495e+004	   -2.112666e+000
+2.582400e+004	   -2.125580e+000
+2.585308e+004	   -2.165219e+000
+2.588219e+004	   -2.139232e+000
+2.591133e+004	   -2.107134e+000
+2.594051e+004	   -2.154822e+000
+2.596972e+004	   -2.103245e+000
+2.599896e+004	   -2.143417e+000
+2.602824e+004	   -2.129603e+000
+2.605755e+004	   -2.124656e+000
+2.608689e+004	   -2.158386e+000
+2.611626e+004	   -2.123195e+000
+2.614567e+004	   -2.109219e+000
+2.617511e+004	   -2.176312e+000
+2.620459e+004	   -2.186037e+000
+2.623409e+004	   -2.153612e+000
+2.626363e+004	   -2.178850e+000
+2.629321e+004	   -2.159127e+000
+2.632282e+004	   -2.172655e+000
+2.635246e+004	   -2.199687e+000
+2.638213e+004	   -2.204524e+000
+2.641184e+004	   -2.189219e+000
+2.644158e+004	   -2.180572e+000
+2.647135e+004	   -2.194085e+000
+2.650116e+004	   -2.148817e+000
+2.653100e+004	   -2.206471e+000
+2.656088e+004	   -2.181211e+000
+2.659079e+004	   -2.209281e+000
+2.662073e+004	   -2.199783e+000
+2.665071e+004	   -2.230162e+000
+2.668071e+004	   -2.232793e+000
+2.671076e+004	   -2.225353e+000
+2.674084e+004	   -2.224302e+000
+2.677095e+004	   -2.261480e+000
+2.680109e+004	   -2.216193e+000
+2.683127e+004	   -2.216828e+000
+2.686148e+004	   -2.190895e+000
+2.689173e+004	   -2.243550e+000
+2.692201e+004	   -2.254091e+000
+2.695233e+004	   -2.220503e+000
+2.698268e+004	   -2.247919e+000
+2.701306e+004	   -2.230998e+000
+2.704348e+004	   -2.270055e+000
+2.707393e+004	   -2.249546e+000
+2.710442e+004	   -2.262531e+000
+2.713494e+004	   -2.300771e+000
+2.716549e+004	   -2.264968e+000
+2.719608e+004	   -2.262411e+000
+2.722671e+004	   -2.272669e+000
+2.725737e+004	   -2.286669e+000
+2.728806e+004	   -2.331045e+000
+2.731879e+004	   -2.283952e+000
+2.734955e+004	   -2.304028e+000
+2.738034e+004	   -2.275072e+000
+2.741118e+004	   -2.313256e+000
+2.744204e+004	   -2.321735e+000
+2.747294e+004	   -2.269701e+000
+2.750388e+004	   -2.291753e+000
+2.753485e+004	   -2.313313e+000
+2.756585e+004	   -2.354365e+000
+2.759689e+004	   -2.296134e+000
+2.762797e+004	   -2.310326e+000
+2.765908e+004	   -2.314223e+000
+2.769022e+004	   -2.312343e+000
+2.772141e+004	   -2.358606e+000
+2.775262e+004	   -2.327274e+000
+2.778387e+004	   -2.393807e+000
+2.781516e+004	   -2.302543e+000
+2.784648e+004	   -2.286297e+000
+2.787783e+004	   -2.348463e+000
+2.790923e+004	   -2.361113e+000
+2.794065e+004	   -2.349482e+000
+2.797212e+004	   -2.377728e+000
+2.800361e+004	   -2.379933e+000
+2.803515e+004	   -2.340546e+000
+2.806671e+004	   -2.342427e+000
+2.809832e+004	   -2.350595e+000
+2.812996e+004	   -2.406617e+000
+2.816163e+004	   -2.393748e+000
+2.819335e+004	   -2.400928e+000
+2.822509e+004	   -2.382186e+000
+2.825688e+004	   -2.352035e+000
+2.828870e+004	   -2.349889e+000
+2.832055e+004	   -2.387660e+000
+2.835244e+004	   -2.361211e+000
+2.838437e+004	   -2.431442e+000
+2.841633e+004	   -2.398540e+000
+2.844832e+004	   -2.423859e+000
+2.848036e+004	   -2.405522e+000
+2.851243e+004	   -2.429512e+000
+2.854454e+004	   -2.449993e+000
+2.857668e+004	   -2.416576e+000
+2.860886e+004	   -2.444427e+000
+2.864107e+004	   -2.432980e+000
+2.867332e+004	   -2.421536e+000
+2.870561e+004	   -2.430192e+000
+2.873793e+004	   -2.482200e+000
+2.877029e+004	   -2.456951e+000
+2.880269e+004	   -2.459626e+000
+2.883512e+004	   -2.501800e+000
+2.886759e+004	   -2.398781e+000
+2.890010e+004	   -2.459127e+000
+2.893264e+004	   -2.436744e+000
+2.896522e+004	   -2.489657e+000
+2.899784e+004	   -2.468470e+000
+2.903049e+004	   -2.479958e+000
+2.906318e+004	   -2.520493e+000
+2.909590e+004	   -2.469718e+000
+2.912867e+004	   -2.512252e+000
+2.916147e+004	   -2.467988e+000
+2.919430e+004	   -2.501537e+000
+2.922718e+004	   -2.517393e+000
+2.926009e+004	   -2.487238e+000
+2.929304e+004	   -2.518534e+000
+2.932602e+004	   -2.508588e+000
+2.935904e+004	   -2.490552e+000
+2.939211e+004	   -2.496519e+000
+2.942520e+004	   -2.516770e+000
+2.945834e+004	   -2.523732e+000
+2.949151e+004	   -2.504075e+000
+2.952472e+004	   -2.513364e+000
+2.955796e+004	   -2.508375e+000
+2.959125e+004	   -2.502162e+000
+2.962457e+004	   -2.551056e+000
+2.965793e+004	   -2.566652e+000
+2.969132e+004	   -2.508662e+000
+2.972475e+004	   -2.548331e+000
+2.975823e+004	   -2.524568e+000
+2.979173e+004	   -2.586330e+000
+2.982528e+004	   -2.548039e+000
+2.985887e+004	   -2.603101e+000
+2.989249e+004	   -2.562073e+000
+2.992615e+004	   -2.540288e+000
+2.995985e+004	   -2.578466e+000
+2.999358e+004	   -2.585002e+000
+3.002736e+004	   -2.620502e+000
+3.006117e+004	   -2.558769e+000
+3.009502e+004	   -2.611741e+000
+3.012891e+004	   -2.577329e+000
+3.016283e+004	   -2.581099e+000
+3.019680e+004	   -2.557458e+000
+3.023080e+004	   -2.616638e+000
+3.026484e+004	   -2.590031e+000
+3.029892e+004	   -2.586766e+000
+3.033304e+004	   -2.624187e+000
+3.036720e+004	   -2.572711e+000
+3.040139e+004	   -2.615957e+000
+3.043562e+004	   -2.603568e+000
+3.046990e+004	   -2.628298e+000
+3.050421e+004	   -2.659125e+000
+3.053855e+004	   -2.662759e+000
+3.057294e+004	   -2.616401e+000
+3.060737e+004	   -2.613900e+000
+3.064183e+004	   -2.696446e+000
+3.067634e+004	   -2.654524e+000
+3.071088e+004	   -2.654597e+000
+3.074546e+004	   -2.657236e+000
+3.078008e+004	   -2.637687e+000
+3.081474e+004	   -2.644242e+000
+3.084944e+004	   -2.678582e+000
+3.088418e+004	   -2.652800e+000
+3.091896e+004	   -2.633525e+000
+3.095377e+004	   -2.692189e+000
+3.098863e+004	   -2.654858e+000
+3.102352e+004	   -2.682186e+000
+3.105846e+004	   -2.698907e+000
+3.109343e+004	   -2.748698e+000
+3.112844e+004	   -2.665489e+000
+3.116349e+004	   -2.682300e+000
+3.119859e+004	   -2.696981e+000
+3.123372e+004	   -2.682737e+000
+3.126889e+004	   -2.725332e+000
+3.130410e+004	   -2.729457e+000
+3.133935e+004	   -2.700271e+000
+3.137463e+004	   -2.711360e+000
+3.140996e+004	   -2.743154e+000
+3.144533e+004	   -2.768763e+000
+3.148074e+004	   -2.766689e+000
+3.151619e+004	   -2.777952e+000
+3.155168e+004	   -2.706468e+000
+3.158721e+004	   -2.687007e+000
+3.162278e+004	   -2.747214e+000
+3.165838e+004	   -2.747147e+000
+3.169403e+004	   -2.727315e+000
+3.172972e+004	   -2.765044e+000
+3.176545e+004	   -2.786558e+000
+3.180122e+004	   -2.747365e+000
+3.183703e+004	   -2.727508e+000
+3.187288e+004	   -2.740467e+000
+3.190877e+004	   -2.780507e+000
+3.194470e+004	   -2.770538e+000
+3.198067e+004	   -2.756234e+000
+3.201668e+004	   -2.822229e+000
+3.205274e+004	   -2.808329e+000
+3.208883e+004	   -2.723015e+000
+3.212496e+004	   -2.789206e+000
+3.216114e+004	   -2.796871e+000
+3.219735e+004	   -2.771519e+000
+3.223361e+004	   -2.785386e+000
+3.226990e+004	   -2.738155e+000
+3.230624e+004	   -2.805778e+000
+3.234262e+004	   -2.805097e+000
+3.237904e+004	   -2.783157e+000
+3.241550e+004	   -2.849380e+000
+3.245200e+004	   -2.814775e+000
+3.248854e+004	   -2.810470e+000
+3.252513e+004	   -2.793794e+000
+3.256175e+004	   -2.814147e+000
+3.259841e+004	   -2.834338e+000
+3.263512e+004	   -2.856774e+000
+3.267187e+004	   -2.876877e+000
+3.270866e+004	   -2.805303e+000
+3.274549e+004	   -2.776459e+000
+3.278236e+004	   -2.841501e+000
+3.281928e+004	   -2.873816e+000
+3.285623e+004	   -2.887849e+000
+3.289323e+004	   -2.871822e+000
+3.293027e+004	   -2.835816e+000
+3.296735e+004	   -2.859258e+000
+3.300448e+004	   -2.818079e+000
+3.304164e+004	   -2.853409e+000
+3.307884e+004	   -2.876266e+000
+3.311609e+004	   -2.918431e+000
+3.315338e+004	   -2.860548e+000
+3.319071e+004	   -2.891488e+000
+3.322809e+004	   -2.900993e+000
+3.326551e+004	   -2.911071e+000
+3.330296e+004	   -2.891275e+000
+3.334046e+004	   -2.906775e+000
+3.337801e+004	   -2.897494e+000
+3.341559e+004	   -2.880633e+000
+3.345322e+004	   -2.857388e+000
+3.349089e+004	   -2.910553e+000
+3.352860e+004	   -2.914997e+000
+3.356636e+004	   -2.972188e+000
+3.360415e+004	   -2.920652e+000
+3.364199e+004	   -2.852973e+000
+3.367988e+004	   -2.915834e+000
+3.371780e+004	   -2.916787e+000
+3.375577e+004	   -2.922360e+000
+3.379378e+004	   -2.962951e+000
+3.383183e+004	   -2.928019e+000
+3.386993e+004	   -2.948170e+000
+3.390807e+004	   -2.959438e+000
+3.394625e+004	   -2.953952e+000
+3.398447e+004	   -2.946432e+000
+3.402274e+004	   -2.966458e+000
+3.406105e+004	   -2.983194e+000
+3.409941e+004	   -2.998245e+000
+3.413780e+004	   -2.902341e+000
+3.417625e+004	   -2.947579e+000
+3.421473e+004	   -2.978406e+000
+3.425325e+004	   -2.950746e+000
+3.429183e+004	   -2.952238e+000
+3.433044e+004	   -2.991996e+000
+3.436910e+004	   -2.993239e+000
+3.440780e+004	   -2.947911e+000
+3.444654e+004	   -2.972389e+000
+3.448533e+004	   -2.987405e+000
+3.452416e+004	   -3.013116e+000
+3.456304e+004	   -2.999638e+000
+3.460196e+004	   -2.967605e+000
+3.464092e+004	   -2.970450e+000
+3.467993e+004	   -2.983324e+000
+3.471898e+004	   -2.988253e+000
+3.475807e+004	   -2.946547e+000
+3.479721e+004	   -2.991711e+000
+3.483640e+004	   -3.018864e+000
+3.487563e+004	   -2.989076e+000
+3.491489e+004	   -3.007549e+000
+3.495421e+004	   -2.989706e+000
+3.499357e+004	   -3.028980e+000
+3.503298e+004	   -3.022114e+000
+3.507243e+004	   -3.020437e+000
+3.511192e+004	   -3.056957e+000
+3.515145e+004	   -3.040921e+000
+3.519104e+004	   -3.056161e+000
+3.523066e+004	   -2.988506e+000
+3.527034e+004	   -2.978442e+000
+3.531005e+004	   -3.024069e+000
+3.534981e+004	   -3.040673e+000
+3.538962e+004	   -2.975250e+000
+3.542946e+004	   -3.049105e+000
+3.546936e+004	   -3.006685e+000
+3.550930e+004	   -3.048342e+000
+3.554929e+004	   -3.058634e+000
+3.558932e+004	   -3.035210e+000
+3.562939e+004	   -3.048354e+000
+3.566951e+004	   -3.032217e+000
+3.570968e+004	   -3.042518e+000
+3.574989e+004	   -3.027862e+000
+3.579014e+004	   -3.063901e+000
+3.583045e+004	   -3.099701e+000
+3.587079e+004	   -3.061454e+000
+3.591118e+004	   -3.036904e+000
+3.595162e+004	   -3.036083e+000
+3.599211e+004	   -3.069586e+000
+3.603263e+004	   -3.061485e+000
+3.607321e+004	   -3.070948e+000
+3.611383e+004	   -3.064708e+000
+3.615449e+004	   -3.073293e+000
+3.619520e+004	   -3.077066e+000
+3.623596e+004	   -3.095183e+000
+3.627677e+004	   -3.097934e+000
+3.631761e+004	   -3.046962e+000
+3.635851e+004	   -3.103208e+000
+3.639945e+004	   -3.091015e+000
+3.644044e+004	   -3.066695e+000
+3.648147e+004	   -3.133967e+000
+3.652255e+004	   -3.064789e+000
+3.656368e+004	   -3.086221e+000
+3.660485e+004	   -3.087607e+000
+3.664607e+004	   -3.070416e+000
+3.668733e+004	   -3.063884e+000
+3.672864e+004	   -3.120572e+000
+3.677000e+004	   -3.130884e+000
+3.681141e+004	   -3.069083e+000
+3.685286e+004	   -3.092706e+000
+3.689436e+004	   -3.092666e+000
+3.693590e+004	   -3.053048e+000
+3.697749e+004	   -3.133356e+000
+3.701913e+004	   -3.107203e+000
+3.706081e+004	   -3.085177e+000
+3.710255e+004	   -3.141944e+000
+3.714432e+004	   -3.117275e+000
+3.718615e+004	   -3.099619e+000
+3.722802e+004	   -3.072573e+000
+3.726995e+004	   -3.162817e+000
+3.731191e+004	   -3.117969e+000
+3.735393e+004	   -3.163246e+000
+3.739599e+004	   -3.132270e+000
+3.743810e+004	   -3.094965e+000
+3.748025e+004	   -3.142735e+000
+3.752246e+004	   -3.128108e+000
+3.756471e+004	   -3.153208e+000
+3.760701e+004	   -3.080026e+000
+3.764936e+004	   -3.107239e+000
+3.769175e+004	   -3.052206e+000
+3.773420e+004	   -3.124518e+000
+3.777669e+004	   -3.185143e+000
+3.781922e+004	   -3.140486e+000
+3.786181e+004	   -3.176721e+000
+3.790445e+004	   -3.117157e+000
+3.794713e+004	   -3.109548e+000
+3.798986e+004	   -3.132338e+000
+3.803263e+004	   -3.150395e+000
+3.807546e+004	   -3.121560e+000
+3.811834e+004	   -3.178387e+000
+3.816126e+004	   -3.101493e+000
+3.820423e+004	   -3.134788e+000
+3.824725e+004	   -3.149126e+000
+3.829032e+004	   -3.128352e+000
+3.833343e+004	   -3.172941e+000
+3.837660e+004	   -3.146425e+000
+3.841981e+004	   -3.135574e+000
+3.846307e+004	   -3.077955e+000
+3.850639e+004	   -3.119544e+000
+3.854975e+004	   -3.121767e+000
+3.859315e+004	   -3.145530e+000
+3.863661e+004	   -3.148750e+000
+3.868012e+004	   -3.113788e+000
+3.872367e+004	   -3.068852e+000
+3.876728e+004	   -3.132668e+000
+3.881093e+004	   -3.123334e+000
+3.885463e+004	   -3.100342e+000
+3.889839e+004	   -3.153895e+000
+3.894219e+004	   -3.046272e+000
+3.898604e+004	   -3.107837e+000
+3.902994e+004	   -3.098899e+000
+3.907389e+004	   -3.112870e+000
+3.911789e+004	   -3.162674e+000
+3.916193e+004	   -3.086179e+000
+3.920603e+004	   -3.140511e+000
+3.925018e+004	   -3.105461e+000
+3.929438e+004	   -3.098953e+000
+3.933863e+004	   -3.080732e+000
+3.938292e+004	   -3.111921e+000
+3.942727e+004	   -3.121526e+000
+3.947166e+004	   -3.124316e+000
+3.951611e+004	   -3.055984e+000
+3.956061e+004	   -3.090688e+000
+3.960516e+004	   -3.068407e+000
+3.964975e+004	   -3.057887e+000
+3.969440e+004	   -3.057106e+000
+3.973910e+004	   -3.132687e+000
+3.978384e+004	   -3.038679e+000
+3.982864e+004	   -3.052577e+000
+3.987349e+004	   -3.043728e+000
+3.991839e+004	   -3.064756e+000
+3.996334e+004	   -3.040624e+000
+4.000834e+004	   -3.109615e+000
+4.005339e+004	   -3.056997e+000
+4.009849e+004	   -3.080968e+000
+4.014364e+004	   -3.099942e+000
+4.018885e+004	   -3.091128e+000
+4.023411e+004	   -3.110652e+000
+4.027941e+004	   -3.079552e+000
+4.032477e+004	   -3.075827e+000
+4.037017e+004	   -3.066213e+000
+4.041563e+004	   -3.073023e+000
+4.046114e+004	   -3.030502e+000
+4.050670e+004	   -3.083684e+000
+4.055231e+004	   -3.072496e+000
+4.059798e+004	   -3.062865e+000
+4.064369e+004	   -3.055789e+000
+4.068946e+004	   -3.025416e+000
+4.073528e+004	   -3.052850e+000
+4.078115e+004	   -3.062718e+000
+4.082707e+004	   -3.069916e+000
+4.087304e+004	   -3.005280e+000
+4.091907e+004	   -3.047438e+000
+4.096514e+004	   -3.024739e+000
+4.101127e+004	   -2.982502e+000
+4.105745e+004	   -3.049437e+000
+4.110368e+004	   -3.019402e+000
+4.114997e+004	   -3.010596e+000
+4.119630e+004	   -3.045498e+000
+4.124269e+004	   -3.073570e+000
+4.128913e+004	   -3.010866e+000
+4.133563e+004	   -3.013372e+000
+4.138217e+004	   -3.006743e+000
+4.142877e+004	   -3.077401e+000
+4.147542e+004	   -3.044803e+000
+4.152213e+004	   -2.994213e+000
+4.156888e+004	   -3.005152e+000
+4.161569e+004	   -3.031405e+000
+4.166255e+004	   -2.991836e+000
+4.170946e+004	   -2.975376e+000
+4.175643e+004	   -2.982646e+000
+4.180345e+004	   -3.001388e+000
+4.185052e+004	   -3.044084e+000
+4.189765e+004	   -2.974797e+000
+4.194482e+004	   -2.967607e+000
+4.199206e+004	   -3.017219e+000
+4.203934e+004	   -2.915370e+000
+4.208668e+004	   -2.935094e+000
+4.213407e+004	   -2.949435e+000
+4.218152e+004	   -2.914502e+000
+4.222902e+004	   -2.969640e+000
+4.227657e+004	   -2.906928e+000
+4.232417e+004	   -2.950147e+000
+4.237183e+004	   -2.956007e+000
+4.241954e+004	   -2.986490e+000
+4.246731e+004	   -2.907785e+000
+4.251513e+004	   -2.935310e+000
+4.256300e+004	   -2.950027e+000
+4.261093e+004	   -2.930487e+000
+4.265891e+004	   -2.945928e+000
+4.270695e+004	   -2.898562e+000
+4.275504e+004	   -2.958524e+000
+4.280318e+004	   -2.913619e+000
+4.285138e+004	   -2.915552e+000
+4.289963e+004	   -2.909860e+000
+4.294794e+004	   -2.919819e+000
+4.299630e+004	   -2.859987e+000
+4.304471e+004	   -2.832009e+000
+4.309319e+004	   -2.892258e+000
+4.314171e+004	   -2.879702e+000
+4.319029e+004	   -2.906173e+000
+4.323893e+004	   -2.907734e+000
+4.328761e+004	   -2.893129e+000
+4.333636e+004	   -2.874314e+000
+4.338516e+004	   -2.893566e+000
+4.343401e+004	   -2.877847e+000
+4.348292e+004	   -2.858696e+000
+4.353188e+004	   -2.853787e+000
+4.358090e+004	   -2.804741e+000
+4.362997e+004	   -2.841093e+000
+4.367910e+004	   -2.877830e+000
+4.372829e+004	   -2.860967e+000
+4.377753e+004	   -2.825661e+000
+4.382682e+004	   -2.768612e+000
+4.387617e+004	   -2.820564e+000
+4.392558e+004	   -2.846023e+000
+4.397504e+004	   -2.787363e+000
+4.402456e+004	   -2.803778e+000
+4.407413e+004	   -2.828204e+000
+4.412376e+004	   -2.820711e+000
+4.417345e+004	   -2.828830e+000
+4.422319e+004	   -2.791406e+000
+4.427298e+004	   -2.756356e+000
+4.432284e+004	   -2.763721e+000
+4.437275e+004	   -2.808162e+000
+4.442271e+004	   -2.734964e+000
+4.447273e+004	   -2.778301e+000
+4.452281e+004	   -2.701162e+000
+4.457295e+004	   -2.752665e+000
+4.462314e+004	   -2.729181e+000
+4.467339e+004	   -2.764633e+000
+4.472369e+004	   -2.747051e+000
+4.477405e+004	   -2.740939e+000
+4.482447e+004	   -2.719363e+000
+4.487494e+004	   -2.748052e+000
+4.492547e+004	   -2.742532e+000
+4.497606e+004	   -2.699213e+000
+4.502671e+004	   -2.679421e+000
+4.507741e+004	   -2.654562e+000
+4.512817e+004	   -2.703001e+000
+4.517898e+004	   -2.680312e+000
+4.522986e+004	   -2.704870e+000
+4.528079e+004	   -2.701028e+000
+4.533178e+004	   -2.663605e+000
+4.538282e+004	   -2.656810e+000
+4.543393e+004	   -2.701040e+000
+4.548509e+004	   -2.648406e+000
+4.553630e+004	   -2.673088e+000
+4.558758e+004	   -2.637573e+000
+4.563891e+004	   -2.645824e+000
+4.569030e+004	   -2.619183e+000
+4.574175e+004	   -2.654516e+000
+4.579326e+004	   -2.595387e+000
+4.584482e+004	   -2.658738e+000
+4.589645e+004	   -2.582727e+000
+4.594813e+004	   -2.621773e+000
+4.599987e+004	   -2.601577e+000
+4.605167e+004	   -2.597779e+000
+4.610352e+004	   -2.609490e+000
+4.615544e+004	   -2.578613e+000
+4.620741e+004	   -2.595377e+000
+4.625944e+004	   -2.561080e+000
+4.631153e+004	   -2.560904e+000
+4.636368e+004	   -2.586636e+000
+4.641589e+004	   -2.594576e+000
+4.646816e+004	   -2.576876e+000
+4.652048e+004	   -2.555378e+000
+4.657286e+004	   -2.544470e+000
+4.662530e+004	   -2.531078e+000
+4.667781e+004	   -2.526025e+000
+4.673037e+004	   -2.538301e+000
+4.678299e+004	   -2.493907e+000
+4.683567e+004	   -2.558287e+000
+4.688841e+004	   -2.552361e+000
+4.694121e+004	   -2.507015e+000
+4.699407e+004	   -2.501269e+000
+4.704698e+004	   -2.495996e+000
+4.709996e+004	   -2.490997e+000
+4.715300e+004	   -2.455390e+000
+4.720609e+004	   -2.481694e+000
+4.725925e+004	   -2.449963e+000
+4.731246e+004	   -2.454742e+000
+4.736574e+004	   -2.432346e+000
+4.741907e+004	   -2.477794e+000
+4.747247e+004	   -2.474469e+000
+4.752593e+004	   -2.442679e+000
+4.757944e+004	   -2.434731e+000
+4.763302e+004	   -2.451691e+000
+4.768666e+004	   -2.422656e+000
+4.774035e+004	   -2.373678e+000
+4.779411e+004	   -2.411158e+000
+4.784793e+004	   -2.439121e+000
+4.790181e+004	   -2.386313e+000
+4.795575e+004	   -2.356788e+000
+4.800975e+004	   -2.385091e+000
+4.806381e+004	   -2.360241e+000
+4.811793e+004	   -2.376586e+000
+4.817211e+004	   -2.331537e+000
+4.822636e+004	   -2.384109e+000
+4.828066e+004	   -2.348677e+000
+4.833503e+004	   -2.349852e+000
+4.838946e+004	   -2.317097e+000
+4.844395e+004	   -2.351247e+000
+4.849849e+004	   -2.345531e+000
+4.855311e+004	   -2.306735e+000
+4.860778e+004	   -2.355887e+000
+4.866251e+004	   -2.358552e+000
+4.871731e+004	   -2.352489e+000
+4.877216e+004	   -2.312040e+000
+4.882709e+004	   -2.269197e+000
+4.888207e+004	   -2.305825e+000
+4.893711e+004	   -2.305458e+000
+4.899221e+004	   -2.341313e+000
+4.904738e+004	   -2.258082e+000
+4.910261e+004	   -2.278737e+000
+4.915790e+004	   -2.246886e+000
+4.921326e+004	   -2.292947e+000
+4.926867e+004	   -2.289014e+000
+4.932415e+004	   -2.264618e+000
+4.937969e+004	   -2.271325e+000
+4.943530e+004	   -2.268252e+000
+4.949096e+004	   -2.253513e+000
+4.954669e+004	   -2.215550e+000
+4.960248e+004	   -2.230912e+000
+4.965834e+004	   -2.244053e+000
+4.971425e+004	   -2.236058e+000
+4.977023e+004	   -2.274384e+000
+4.982628e+004	   -2.180685e+000
+4.988239e+004	   -2.184887e+000
+4.993855e+004	   -2.204767e+000
+4.999479e+004	   -2.197330e+000
+5.005109e+004	   -2.186275e+000
+5.010745e+004	   -2.159526e+000
+5.016387e+004	   -2.223666e+000
+5.022035e+004	   -2.178174e+000
+5.027690e+004	   -2.165295e+000
+5.033352e+004	   -2.117062e+000
+5.039020e+004	   -2.210597e+000
+5.044694e+004	   -2.219063e+000
+5.050374e+004	   -2.139988e+000
+5.056061e+004	   -2.180512e+000
+5.061754e+004	   -2.171079e+000
+5.067454e+004	   -2.180893e+000
+5.073161e+004	   -2.185787e+000
+5.078873e+004	   -2.199045e+000
+5.084592e+004	   -2.155057e+000
+5.090318e+004	   -2.107817e+000
+5.096049e+004	   -2.110557e+000
+5.101788e+004	   -2.129001e+000
+5.107532e+004	   -2.120148e+000
+5.113284e+004	   -2.106601e+000
+5.119042e+004	   -2.117375e+000
+5.124806e+004	   -2.114020e+000
+5.130577e+004	   -2.124110e+000
+5.136354e+004	   -2.052534e+000
+5.142138e+004	   -2.066209e+000
+5.147928e+004	   -2.071266e+000
+5.153725e+004	   -2.084518e+000
+5.159528e+004	   -2.022782e+000
+5.165338e+004	   -2.017650e+000
+5.171154e+004	   -2.023110e+000
+5.176977e+004	   -2.038037e+000
+5.182807e+004	   -2.029774e+000
+5.188643e+004	   -2.073377e+000
+5.194485e+004	   -2.032636e+000
+5.200334e+004	   -2.030834e+000
+5.206190e+004	   -1.979705e+000
+5.212053e+004	   -2.048990e+000
+5.217922e+004	   -2.007539e+000
+5.223797e+004	   -2.003491e+000
+5.229679e+004	   -1.975511e+000
+5.235568e+004	   -2.001072e+000
+5.241464e+004	   -2.031291e+000
+5.247366e+004	   -1.995878e+000
+5.253275e+004	   -1.985467e+000
+5.259190e+004	   -2.027663e+000
+5.265112e+004	   -1.995558e+000
+5.271041e+004	   -2.026152e+000
+5.276976e+004	   -1.957397e+000
+5.282918e+004	   -1.924886e+000
+5.288867e+004	   -1.962098e+000
+5.294823e+004	   -1.940748e+000
+5.300785e+004	   -1.978744e+000
+5.306754e+004	   -1.954249e+000
+5.312729e+004	   -1.937072e+000
+5.318712e+004	   -1.944350e+000
+5.324701e+004	   -1.920927e+000
+5.330696e+004	   -1.905560e+000
+5.336699e+004	   -1.934391e+000
+5.342709e+004	   -1.963803e+000
+5.348725e+004	   -1.924939e+000
+5.354748e+004	   -1.903077e+000
+5.360777e+004	   -1.912041e+000
+5.366814e+004	   -1.932958e+000
+5.372857e+004	   -1.876931e+000
+5.378907e+004	   -1.903132e+000
+5.384964e+004	   -1.914558e+000
+5.391028e+004	   -1.851087e+000
+5.397098e+004	   -1.882365e+000
+5.403175e+004	   -1.855511e+000
+5.409260e+004	   -1.839779e+000
+5.415351e+004	   -1.877706e+000
+5.421448e+004	   -1.881774e+000
+5.427554e+004	   -1.904967e+000
+5.433665e+004	   -1.878375e+000
+5.439784e+004	   -1.851965e+000
+5.445909e+004	   -1.877056e+000
+5.452041e+004	   -1.839902e+000
+5.458180e+004	   -1.865137e+000
+5.464327e+004	   -1.890313e+000
+5.470480e+004	   -1.828147e+000
+5.476640e+004	   -1.838773e+000
+5.482807e+004	   -1.808121e+000
+5.488980e+004	   -1.819918e+000
+5.495161e+004	   -1.877258e+000
+5.501349e+004	   -1.808944e+000
+5.507544e+004	   -1.795253e+000
+5.513746e+004	   -1.801676e+000
+5.519954e+004	   -1.809983e+000
+5.526170e+004	   -1.816648e+000
+5.532393e+004	   -1.830426e+000
+5.538622e+004	   -1.817256e+000
+5.544859e+004	   -1.818603e+000
+5.551103e+004	   -1.784379e+000
+5.557354e+004	   -1.814168e+000
+5.563611e+004	   -1.802316e+000
+5.569876e+004	   -1.791371e+000
+5.576148e+004	   -1.787515e+000
+5.582427e+004	   -1.773221e+000
+5.588713e+004	   -1.784557e+000
+5.595006e+004	   -1.755394e+000
+5.601307e+004	   -1.785956e+000
+5.607614e+004	   -1.751088e+000
+5.613928e+004	   -1.807018e+000
+5.620250e+004	   -1.792318e+000
+5.626579e+004	   -1.721396e+000
+5.632914e+004	   -1.784670e+000
+5.639257e+004	   -1.756821e+000
+5.645607e+004	   -1.754959e+000
+5.651964e+004	   -1.744617e+000
+5.658329e+004	   -1.715191e+000
+5.664700e+004	   -1.717905e+000
+5.671079e+004	   -1.751703e+000
+5.677465e+004	   -1.730977e+000
+5.683858e+004	   -1.740117e+000
+5.690258e+004	   -1.777910e+000
+5.696666e+004	   -1.716875e+000
+5.703080e+004	   -1.745171e+000
+5.709502e+004	   -1.713923e+000
+5.715931e+004	   -1.671425e+000
+5.722368e+004	   -1.695572e+000
+5.728811e+004	   -1.660618e+000
+5.735262e+004	   -1.676231e+000
+5.741720e+004	   -1.709338e+000
+5.748186e+004	   -1.714578e+000
+5.754659e+004	   -1.700090e+000
+5.761138e+004	   -1.709316e+000
+5.767626e+004	   -1.650507e+000
+5.774120e+004	   -1.671478e+000
+5.780622e+004	   -1.719132e+000
+5.787131e+004	   -1.693398e+000
+5.793648e+004	   -1.676870e+000
+5.800172e+004	   -1.673998e+000
+5.806703e+004	   -1.654516e+000
+5.813242e+004	   -1.718087e+000
+5.819788e+004	   -1.689882e+000
+5.826341e+004	   -1.690214e+000
+5.832902e+004	   -1.695135e+000
+5.839470e+004	   -1.714585e+000
+5.846045e+004	   -1.630121e+000
+5.852628e+004	   -1.666155e+000
+5.859218e+004	   -1.648273e+000
+5.865816e+004	   -1.659566e+000
+5.872421e+004	   -1.648148e+000
+5.879034e+004	   -1.658529e+000
+5.885654e+004	   -1.624719e+000
+5.892281e+004	   -1.662034e+000
+5.898916e+004	   -1.629959e+000
+5.905559e+004	   -1.661954e+000
+5.912209e+004	   -1.621257e+000
+5.918866e+004	   -1.668546e+000
+5.925531e+004	   -1.647048e+000
+5.932204e+004	   -1.650614e+000
+5.938883e+004	   -1.607524e+000
+5.945571e+004	   -1.675987e+000
+5.952266e+004	   -1.646605e+000
+5.958968e+004	   -1.656075e+000
+5.965678e+004	   -1.614928e+000
+5.972396e+004	   -1.655620e+000
+5.979121e+004	   -1.666808e+000
+5.985854e+004	   -1.626701e+000
+5.992594e+004	   -1.613057e+000
+5.999342e+004	   -1.641088e+000
+6.006098e+004	   -1.613806e+000
+6.012861e+004	   -1.630294e+000
+6.019631e+004	   -1.613796e+000
+6.026410e+004	   -1.607192e+000
+6.033196e+004	   -1.562270e+000
+6.039989e+004	   -1.628356e+000
+6.046791e+004	   -1.626484e+000
+6.053600e+004	   -1.581317e+000
+6.060416e+004	   -1.636220e+000
+6.067240e+004	   -1.613075e+000
+6.074072e+004	   -1.644531e+000
+6.080912e+004	   -1.621845e+000
+6.087759e+004	   -1.624976e+000
+6.094614e+004	   -1.599262e+000
+6.101477e+004	   -1.591351e+000
+6.108348e+004	   -1.610785e+000
+6.115226e+004	   -1.607265e+000
+6.122112e+004	   -1.604528e+000
+6.129006e+004	   -1.611060e+000
+6.135907e+004	   -1.593460e+000
+6.142816e+004	   -1.589975e+000
+6.149734e+004	   -1.591784e+000
+6.156659e+004	   -1.629221e+000
+6.163591e+004	   -1.627032e+000
+6.170532e+004	   -1.585877e+000
+6.177480e+004	   -1.575385e+000
+6.184436e+004	   -1.578096e+000
+6.191400e+004	   -1.554175e+000
+6.198372e+004	   -1.594485e+000
+6.205351e+004	   -1.593691e+000
+6.212339e+004	   -1.568506e+000
+6.219334e+004	   -1.546478e+000
+6.226338e+004	   -1.531969e+000
+6.233348e+004	   -1.605899e+000
+6.240368e+004	   -1.524204e+000
+6.247395e+004	   -1.592754e+000
+6.254429e+004	   -1.552506e+000
+6.261472e+004	   -1.560679e+000
+6.268523e+004	   -1.560456e+000
+6.275581e+004	   -1.534948e+000
+6.282648e+004	   -1.547288e+000
+6.289722e+004	   -1.584934e+000
+6.296805e+004	   -1.555181e+000
+6.303895e+004	   -1.582849e+000
+6.310994e+004	   -1.523070e+000
+6.318100e+004	   -1.514055e+000
+6.325215e+004	   -1.521774e+000
+6.332337e+004	   -1.526629e+000
+6.339468e+004	   -1.541357e+000
+6.346606e+004	   -1.574495e+000
+6.353753e+004	   -1.566676e+000
+6.360907e+004	   -1.547808e+000
+6.368070e+004	   -1.553350e+000
+6.375241e+004	   -1.546833e+000
+6.382420e+004	   -1.538295e+000
+6.389606e+004	   -1.573467e+000
+6.396801e+004	   -1.597574e+000
+6.404004e+004	   -1.567278e+000
+6.411216e+004	   -1.551184e+000
+6.418435e+004	   -1.553830e+000
+6.425662e+004	   -1.543843e+000
+6.432898e+004	   -1.539991e+000
+6.440141e+004	   -1.571707e+000
+6.447393e+004	   -1.581152e+000
+6.454654e+004	   -1.570156e+000
+6.461921e+004	   -1.538737e+000
+6.469198e+004	   -1.556509e+000
+6.476482e+004	   -1.490442e+000
+6.483775e+004	   -1.578966e+000
+6.491076e+004	   -1.536998e+000
+6.498386e+004	   -1.559592e+000
+6.505703e+004	   -1.489337e+000
+6.513029e+004	   -1.527292e+000
+6.520363e+004	   -1.514147e+000
+6.527705e+004	   -1.576429e+000
+6.535055e+004	   -1.529192e+000
+6.542414e+004	   -1.513409e+000
+6.549781e+004	   -1.482432e+000
+6.557156e+004	   -1.530156e+000
+6.564540e+004	   -1.568530e+000
+6.571932e+004	   -1.549116e+000
+6.579332e+004	   -1.520367e+000
+6.586741e+004	   -1.504090e+000
+6.594158e+004	   -1.531940e+000
+6.601583e+004	   -1.486481e+000
+6.609016e+004	   -1.525223e+000
+6.616459e+004	   -1.530705e+000
+6.623909e+004	   -1.522369e+000
+6.631368e+004	   -1.555744e+000
+6.638835e+004	   -1.500156e+000
+6.646311e+004	   -1.558631e+000
+6.653795e+004	   -1.536519e+000
+6.661288e+004	   -1.499499e+000
+6.668788e+004	   -1.533667e+000
+6.676298e+004	   -1.580612e+000
+6.683816e+004	   -1.526336e+000
+6.691341e+004	   -1.538795e+000
+6.698877e+004	   -1.537861e+000
+6.706420e+004	   -1.533340e+000
+6.713971e+004	   -1.566360e+000
+6.721531e+004	   -1.509462e+000
+6.729100e+004	   -1.501613e+000
+6.736677e+004	   -1.563831e+000
+6.744263e+004	   -1.508392e+000
+6.751858e+004	   -1.532278e+000
+6.759460e+004	   -1.583819e+000
+6.767072e+004	   -1.538004e+000
+6.774691e+004	   -1.516542e+000
+6.782320e+004	   -1.482206e+000
+6.789958e+004	   -1.469471e+000
+6.797603e+004	   -1.507266e+000
+6.805258e+004	   -1.515215e+000
+6.812920e+004	   -1.552536e+000
+6.820592e+004	   -1.517317e+000
+6.828273e+004	   -1.493834e+000
+6.835962e+004	   -1.518127e+000
+6.843659e+004	   -1.537413e+000
+6.851366e+004	   -1.533078e+000
+6.859080e+004	   -1.570512e+000
+6.866804e+004	   -1.528686e+000
+6.874536e+004	   -1.486775e+000
+6.882277e+004	   -1.532751e+000
+6.890027e+004	   -1.512929e+000
+6.897785e+004	   -1.514869e+000
+6.905552e+004	   -1.516702e+000
+6.913328e+004	   -1.521715e+000
+6.921113e+004	   -1.520392e+000
+6.928907e+004	   -1.561938e+000
+6.936709e+004	   -1.532224e+000
+6.944520e+004	   -1.547476e+000
+6.952340e+004	   -1.509286e+000
+6.960169e+004	   -1.498819e+000
+6.968005e+004	   -1.533886e+000
+6.975852e+004	   -1.511214e+000
+6.983707e+004	   -1.524644e+000
+6.991571e+004	   -1.505504e+000
+6.999444e+004	   -1.521385e+000
+7.007326e+004	   -1.512088e+000
+7.015216e+004	   -1.554609e+000
+7.023116e+004	   -1.551167e+000
+7.031024e+004	   -1.493773e+000
+7.038941e+004	   -1.569131e+000
+7.046867e+004	   -1.560067e+000
+7.054802e+004	   -1.532653e+000
+7.062746e+004	   -1.537274e+000
+7.070699e+004	   -1.544134e+000
+7.078661e+004	   -1.483526e+000
+7.086632e+004	   -1.565832e+000
+7.094612e+004	   -1.534542e+000
+7.102601e+004	   -1.530597e+000
+7.110598e+004	   -1.512621e+000
+7.118605e+004	   -1.574548e+000
+7.126621e+004	   -1.526889e+000
+7.134646e+004	   -1.503428e+000
+7.142680e+004	   -1.570217e+000
+7.150723e+004	   -1.484997e+000
+7.158775e+004	   -1.534206e+000
+7.166836e+004	   -1.547155e+000
+7.174906e+004	   -1.511562e+000
+7.182985e+004	   -1.505871e+000
+7.191073e+004	   -1.521563e+000
+7.199171e+004	   -1.538792e+000
+7.207278e+004	   -1.513867e+000
+7.215394e+004	   -1.495343e+000
+7.223518e+004	   -1.552902e+000
+7.231652e+004	   -1.531187e+000
+7.239795e+004	   -1.549031e+000
+7.247948e+004	   -1.572970e+000
+7.256109e+004	   -1.519906e+000
+7.264280e+004	   -1.570056e+000
+7.272460e+004	   -1.538251e+000
+7.280649e+004	   -1.596911e+000
+7.288847e+004	   -1.535990e+000
+7.297055e+004	   -1.503856e+000
+7.305272e+004	   -1.569160e+000
+7.313498e+004	   -1.532563e+000
+7.321733e+004	   -1.501344e+000
+7.329977e+004	   -1.568738e+000
+7.338231e+004	   -1.547871e+000
+7.346495e+004	   -1.545860e+000
+7.354767e+004	   -1.540382e+000
+7.363048e+004	   -1.575411e+000
+7.371340e+004	   -1.560113e+000
+7.379641e+004	   -1.555440e+000
+7.387950e+004	   -1.570025e+000
+7.396270e+004	   -1.583875e+000
+7.404598e+004	   -1.543440e+000
+7.412936e+004	   -1.580549e+000
+7.421283e+004	   -1.593036e+000
+7.429640e+004	   -1.572208e+000
+7.438005e+004	   -1.595259e+000
+7.446381e+004	   -1.597409e+000
+7.454766e+004	   -1.582996e+000
+7.463160e+004	   -1.537880e+000
+7.471564e+004	   -1.547332e+000
+7.479977e+004	   -1.583151e+000
+7.488400e+004	   -1.530726e+000
+7.496833e+004	   -1.578026e+000
+7.505274e+004	   -1.505855e+000
+7.513726e+004	   -1.537104e+000
+7.522186e+004	   -1.595992e+000
+7.530656e+004	   -1.586476e+000
+7.539137e+004	   -1.574044e+000
+7.547626e+004	   -1.561000e+000
+7.556125e+004	   -1.558952e+000
+7.564634e+004	   -1.566565e+000
+7.573152e+004	   -1.563378e+000
+7.581679e+004	   -1.562914e+000
+7.590216e+004	   -1.574418e+000
+7.598763e+004	   -1.569146e+000
+7.607320e+004	   -1.571875e+000
+7.615886e+004	   -1.585677e+000
+7.624462e+004	   -1.595701e+000
+7.633047e+004	   -1.587433e+000
+7.641642e+004	   -1.549385e+000
+7.650247e+004	   -1.542610e+000
+7.658862e+004	   -1.621311e+000
+7.667486e+004	   -1.539318e+000
+7.676120e+004	   -1.566607e+000
+7.684763e+004	   -1.597084e+000
+7.693416e+004	   -1.583125e+000
+7.702080e+004	   -1.573349e+000
+7.710752e+004	   -1.604322e+000
+7.719435e+004	   -1.641929e+000
+7.728127e+004	   -1.562793e+000
+7.736830e+004	   -1.583030e+000
+7.745542e+004	   -1.573619e+000
+7.754264e+004	   -1.589234e+000
+7.762995e+004	   -1.610658e+000
+7.771737e+004	   -1.546709e+000
+7.780488e+004	   -1.553487e+000
+7.789249e+004	   -1.611045e+000
+7.798020e+004	   -1.571836e+000
+7.806801e+004	   -1.627494e+000
+7.815592e+004	   -1.619492e+000
+7.824393e+004	   -1.569300e+000
+7.833203e+004	   -1.625982e+000
+7.842023e+004	   -1.626760e+000
+7.850854e+004	   -1.604131e+000
+7.859695e+004	   -1.634705e+000
+7.868545e+004	   -1.656561e+000
+7.877405e+004	   -1.613477e+000
+7.886276e+004	   -1.636101e+000
+7.895155e+004	   -1.597292e+000
+7.904046e+004	   -1.588953e+000
+7.912946e+004	   -1.595292e+000
+7.921857e+004	   -1.642109e+000
+7.930777e+004	   -1.629530e+000
+7.939707e+004	   -1.599574e+000
+7.948648e+004	   -1.607293e+000
+7.957598e+004	   -1.573142e+000
+7.966559e+004	   -1.597117e+000
+7.975530e+004	   -1.621250e+000
+7.984510e+004	   -1.617477e+000
+7.993502e+004	   -1.582453e+000
+8.002502e+004	   -1.635006e+000
+8.011513e+004	   -1.672533e+000
+8.020534e+004	   -1.630582e+000
+8.029566e+004	   -1.637887e+000
+8.038608e+004	   -1.624202e+000
+8.047659e+004	   -1.622978e+000
+8.056722e+004	   -1.648786e+000
+8.065794e+004	   -1.660099e+000
+8.074877e+004	   -1.584803e+000
+8.083969e+004	   -1.619892e+000
+8.093072e+004	   -1.599697e+000
+8.102185e+004	   -1.631208e+000
+8.111309e+004	   -1.650369e+000
+8.120442e+004	   -1.671328e+000
+8.129586e+004	   -1.640021e+000
+8.138740e+004	   -1.682848e+000
+8.147905e+004	   -1.653591e+000
+8.157080e+004	   -1.646140e+000
+8.166265e+004	   -1.638426e+000
+8.175460e+004	   -1.625804e+000
+8.184666e+004	   -1.672026e+000
+8.193883e+004	   -1.667463e+000
+8.203109e+004	   -1.621223e+000
+8.212346e+004	   -1.627723e+000
+8.221594e+004	   -1.657717e+000
+8.230852e+004	   -1.668138e+000
+8.240120e+004	   -1.644283e+000
+8.249398e+004	   -1.693565e+000
+8.258688e+004	   -1.642739e+000
+8.267988e+004	   -1.658077e+000
+8.277298e+004	   -1.663697e+000
+8.286618e+004	   -1.637625e+000
+8.295949e+004	   -1.614750e+000
+8.305291e+004	   -1.656666e+000
+8.314643e+004	   -1.709073e+000
+8.324005e+004	   -1.695606e+000
+8.333379e+004	   -1.667012e+000
+8.342763e+004	   -1.677262e+000
+8.352157e+004	   -1.648110e+000
+8.361562e+004	   -1.651505e+000
+8.370977e+004	   -1.687966e+000
+8.380403e+004	   -1.738504e+000
+8.389840e+004	   -1.638713e+000
+8.399287e+004	   -1.639831e+000
+8.408745e+004	   -1.657314e+000
+8.418213e+004	   -1.640597e+000
+8.427693e+004	   -1.648472e+000
+8.437183e+004	   -1.731212e+000
+8.446684e+004	   -1.639161e+000
+8.456195e+004	   -1.715781e+000
+8.465716e+004	   -1.748946e+000
+8.475249e+004	   -1.653751e+000
+8.484793e+004	   -1.726386e+000
+8.494347e+004	   -1.684889e+000
+8.503913e+004	   -1.703483e+000
+8.513488e+004	   -1.723916e+000
+8.523074e+004	   -1.728714e+000
+8.532672e+004	   -1.747721e+000
+8.542280e+004	   -1.722514e+000
+8.551899e+004	   -1.729533e+000
+8.561529e+004	   -1.725456e+000
+8.571170e+004	   -1.727573e+000
+8.580821e+004	   -1.717790e+000
+8.590484e+004	   -1.693363e+000
+8.600156e+004	   -1.781552e+000
+8.609841e+004	   -1.719524e+000
+8.619536e+004	   -1.730940e+000
+8.629241e+004	   -1.721163e+000
+8.638959e+004	   -1.757046e+000
+8.648687e+004	   -1.767474e+000
+8.658425e+004	   -1.733886e+000
+8.668175e+004	   -1.710781e+000
+8.677936e+004	   -1.695707e+000
+8.687707e+004	   -1.749326e+000
+8.697490e+004	   -1.756516e+000
+8.707284e+004	   -1.699858e+000
+8.717088e+004	   -1.732982e+000
+8.726905e+004	   -1.741065e+000
+8.736731e+004	   -1.779359e+000
+8.746569e+004	   -1.761944e+000
+8.756418e+004	   -1.770520e+000
+8.766278e+004	   -1.734636e+000
+8.776149e+004	   -1.745965e+000
+8.786032e+004	   -1.817037e+000
+8.795925e+004	   -1.770553e+000
+8.805830e+004	   -1.728877e+000
+8.815745e+004	   -1.790030e+000
+8.825673e+004	   -1.817869e+000
+8.835610e+004	   -1.792927e+000
+8.845559e+004	   -1.794971e+000
+8.855520e+004	   -1.788956e+000
+8.865492e+004	   -1.741524e+000
+8.875475e+004	   -1.791462e+000
+8.885469e+004	   -1.777871e+000
+8.895474e+004	   -1.791926e+000
+8.905491e+004	   -1.734567e+000
+8.915519e+004	   -1.803239e+000
+8.925558e+004	   -1.760627e+000
+8.935609e+004	   -1.808921e+000
+8.945670e+004	   -1.793845e+000
+8.955744e+004	   -1.776947e+000
+8.965828e+004	   -1.828963e+000
+8.975924e+004	   -1.805432e+000
+8.986031e+004	   -1.758056e+000
+8.996150e+004	   -1.793133e+000
+9.006280e+004	   -1.782156e+000
+9.016422e+004	   -1.868835e+000
+9.026574e+004	   -1.821086e+000
+9.036739e+004	   -1.808902e+000
+9.046915e+004	   -1.854648e+000
+9.057102e+004	   -1.798940e+000
+9.067301e+004	   -1.844135e+000
+9.077511e+004	   -1.818814e+000
+9.087732e+004	   -1.779403e+000
+9.097966e+004	   -1.831465e+000
+9.108210e+004	   -1.785891e+000
+9.118466e+004	   -1.818594e+000
+9.128734e+004	   -1.818693e+000
+9.139013e+004	   -1.848772e+000
+9.149305e+004	   -1.865034e+000
+9.159607e+004	   -1.810785e+000
+9.169921e+004	   -1.794410e+000
+9.180247e+004	   -1.856592e+000
+9.190584e+004	   -1.821988e+000
+9.200933e+004	   -1.860694e+000
+9.211294e+004	   -1.836567e+000
+9.221666e+004	   -1.845384e+000
+9.232050e+004	   -1.854097e+000
+9.242445e+004	   -1.857075e+000
+9.252853e+004	   -1.857634e+000
+9.263272e+004	   -1.864551e+000
+9.273703e+004	   -1.856524e+000
+9.284145e+004	   -1.861764e+000
+9.294600e+004	   -1.870927e+000
+9.305066e+004	   -1.871400e+000
+9.315544e+004	   -1.872128e+000
+9.326034e+004	   -1.865275e+000
+9.336535e+004	   -1.851397e+000
+9.347048e+004	   -1.868786e+000
+9.357573e+004	   -1.925681e+000
+9.368110e+004	   -1.907254e+000
+9.378659e+004	   -1.890385e+000
+9.389220e+004	   -1.849299e+000
+9.399793e+004	   -1.920902e+000
+9.410377e+004	   -1.886185e+000
+9.420973e+004	   -1.915227e+000
+9.431582e+004	   -1.915050e+000
+9.442202e+004	   -1.887143e+000
+9.452835e+004	   -1.897350e+000
+9.463479e+004	   -1.929687e+000
+9.474135e+004	   -1.869180e+000
+9.484804e+004	   -1.951597e+000
+9.495484e+004	   -1.895454e+000
+9.506177e+004	   -1.900731e+000
+9.516880e+004	   -1.890010e+000
+9.527597e+004	   -1.934232e+000
+9.538326e+004	   -1.897558e+000
+9.549066e+004	   -1.851169e+000
+9.559819e+004	   -1.909857e+000
+9.570584e+004	   -1.923002e+000
+9.581360e+004	   -1.986494e+000
+9.592149e+004	   -1.920700e+000
+9.602951e+004	   -1.926281e+000
+9.613764e+004	   -1.919671e+000
+9.624589e+004	   -1.935105e+000
+9.635427e+004	   -1.870918e+000
+9.646277e+004	   -1.936519e+000
+9.657139e+004	   -1.943963e+000
+9.668013e+004	   -1.965104e+000
+9.678900e+004	   -1.955407e+000
+9.689798e+004	   -1.939345e+000
+9.700710e+004	   -2.003589e+000
+9.711634e+004	   -1.953880e+000
+9.722569e+004	   -1.890003e+000
+9.733517e+004	   -1.939866e+000
+9.744477e+004	   -1.944203e+000
+9.755450e+004	   -1.967456e+000
+9.766435e+004	   -1.919204e+000
+9.777433e+004	   -1.993353e+000
+9.788442e+004	   -1.966920e+000
+9.799465e+004	   -1.949653e+000
+9.810499e+004	   -1.947351e+000
+9.821546e+004	   -1.954641e+000
+9.832605e+004	   -1.967046e+000
+9.843677e+004	   -1.973332e+000
+9.854762e+004	   -1.963970e+000
+9.865859e+004	   -1.935994e+000
+9.876968e+004	   -1.944470e+000
+9.888090e+004	   -1.979383e+000
+9.899224e+004	   -1.993220e+000
+9.910371e+004	   -2.039271e+000
+9.921531e+004	   -1.960185e+000
+9.932703e+004	   -2.009761e+000
+9.943888e+004	   -2.038698e+000
+9.955085e+004	   -1.986429e+000
+9.966295e+004	   -1.956742e+000
+9.977517e+004	   -1.976529e+000
+9.988752e+004	   -1.996122e+000
+1.000000e+005	   -2.016071e+000
