+1.000000e+004	   -4.189727e+001
+1.001126e+004	   -4.177628e+001
+1.002253e+004	   -4.200874e+001
+1.003382e+004	   -4.181559e+001
+1.004512e+004	   -4.159693e+001
+1.005643e+004	   -4.189046e+001
+1.006775e+004	   -4.171722e+001
+1.007909e+004	   -4.152566e+001
+1.009044e+004	   -4.179805e+001
+1.010180e+004	   -4.160328e+001
+1.011318e+004	   -4.171630e+001
+1.012456e+004	   -4.147750e+001
+1.013596e+004	   -4.182332e+001
+1.014738e+004	   -4.144950e+001
+1.015880e+004	   -4.178719e+001
+1.017024e+004	   -4.150993e+001
+1.018170e+004	   -4.164134e+001
+1.019316e+004	   -4.138630e+001
+1.020464e+004	   -4.146959e+001
+1.021613e+004	   -4.147609e+001
+1.022763e+004	   -4.141722e+001
+1.023915e+004	   -4.121920e+001
+1.025068e+004	   -4.138039e+001
+1.026222e+004	   -4.132879e+001
+1.027378e+004	   -4.114857e+001
+1.028535e+004	   -4.111655e+001
+1.029693e+004	   -4.127432e+001
+1.030852e+004	   -4.143167e+001
+1.032013e+004	   -4.112916e+001
+1.033175e+004	   -4.119303e+001
+1.034339e+004	   -4.123280e+001
+1.035503e+004	   -4.093272e+001
+1.036669e+004	   -4.100203e+001
+1.037837e+004	   -4.104057e+001
+1.039005e+004	   -4.097403e+001
+1.040175e+004	   -4.117905e+001
+1.041347e+004	   -4.104524e+001
+1.042519e+004	   -4.096645e+001
+1.043693e+004	   -4.107053e+001
+1.044868e+004	   -4.099642e+001
+1.046045e+004	   -4.097131e+001
+1.047223e+004	   -4.103101e+001
+1.048402e+004	   -4.071284e+001
+1.049583e+004	   -4.062687e+001
+1.050764e+004	   -4.071737e+001
+1.051948e+004	   -4.068154e+001
+1.053132e+004	   -4.061164e+001
+1.054318e+004	   -4.075367e+001
+1.055505e+004	   -4.045975e+001
+1.056694e+004	   -4.073086e+001
+1.057884e+004	   -4.046710e+001
+1.059075e+004	   -4.069820e+001
+1.060267e+004	   -4.071149e+001
+1.061461e+004	   -4.062017e+001
+1.062657e+004	   -4.074685e+001
+1.063853e+004	   -4.049233e+001
+1.065051e+004	   -4.042727e+001
+1.066250e+004	   -4.051051e+001
+1.067451e+004	   -4.027962e+001
+1.068653e+004	   -4.050241e+001
+1.069856e+004	   -4.035097e+001
+1.071061e+004	   -4.057129e+001
+1.072267e+004	   -4.019954e+001
+1.073475e+004	   -4.027440e+001
+1.074683e+004	   -4.026210e+001
+1.075894e+004	   -4.021101e+001
+1.077105e+004	   -4.038626e+001
+1.078318e+004	   -3.995581e+001
+1.079532e+004	   -4.010276e+001
+1.080748e+004	   -4.017578e+001
+1.081965e+004	   -4.040698e+001
+1.083183e+004	   -4.017140e+001
+1.084403e+004	   -4.016735e+001
+1.085624e+004	   -3.975927e+001
+1.086846e+004	   -3.986049e+001
+1.088070e+004	   -3.993839e+001
+1.089295e+004	   -3.972076e+001
+1.090522e+004	   -4.008636e+001
+1.091750e+004	   -4.006060e+001
+1.092979e+004	   -3.968141e+001
+1.094210e+004	   -3.992199e+001
+1.095442e+004	   -3.958067e+001
+1.096676e+004	   -3.977216e+001
+1.097911e+004	   -3.993196e+001
+1.099147e+004	   -3.981226e+001
+1.100385e+004	   -3.981065e+001
+1.101624e+004	   -3.991596e+001
+1.102864e+004	   -3.964626e+001
+1.104106e+004	   -3.971200e+001
+1.105349e+004	   -3.961917e+001
+1.106594e+004	   -3.954091e+001
+1.107840e+004	   -3.965378e+001
+1.109087e+004	   -3.985680e+001
+1.110336e+004	   -3.965815e+001
+1.111587e+004	   -3.934179e+001
+1.112838e+004	   -3.956266e+001
+1.114091e+004	   -3.958803e+001
+1.115346e+004	   -3.963430e+001
+1.116602e+004	   -3.935397e+001
+1.117859e+004	   -3.970546e+001
+1.119118e+004	   -3.958905e+001
+1.120378e+004	   -3.925085e+001
+1.121640e+004	   -3.939811e+001
+1.122903e+004	   -3.950312e+001
+1.124167e+004	   -3.929537e+001
+1.125433e+004	   -3.952930e+001
+1.126700e+004	   -3.939454e+001
+1.127969e+004	   -3.917245e+001
+1.129239e+004	   -3.931306e+001
+1.130511e+004	   -3.913961e+001
+1.131784e+004	   -3.910096e+001
+1.133058e+004	   -3.897332e+001
+1.134334e+004	   -3.892731e+001
+1.135611e+004	   -3.902165e+001
+1.136890e+004	   -3.931450e+001
+1.138170e+004	   -3.907363e+001
+1.139452e+004	   -3.910003e+001
+1.140735e+004	   -3.915948e+001
+1.142019e+004	   -3.902291e+001
+1.143305e+004	   -3.908860e+001
+1.144593e+004	   -3.904910e+001
+1.145882e+004	   -3.885187e+001
+1.147172e+004	   -3.911243e+001
+1.148464e+004	   -3.886641e+001
+1.149757e+004	   -3.899314e+001
+1.151052e+004	   -3.876902e+001
+1.152348e+004	   -3.868887e+001
+1.153645e+004	   -3.872821e+001
+1.154944e+004	   -3.852964e+001
+1.156245e+004	   -3.877829e+001
+1.157547e+004	   -3.848817e+001
+1.158850e+004	   -3.880783e+001
+1.160155e+004	   -3.886758e+001
+1.161462e+004	   -3.879289e+001
+1.162770e+004	   -3.843140e+001
+1.164079e+004	   -3.834984e+001
+1.165390e+004	   -3.855559e+001
+1.166702e+004	   -3.841412e+001
+1.168016e+004	   -3.865965e+001
+1.169331e+004	   -3.855155e+001
+1.170648e+004	   -3.866495e+001
+1.171966e+004	   -3.829409e+001
+1.173286e+004	   -3.836052e+001
+1.174607e+004	   -3.826260e+001
+1.175929e+004	   -3.845844e+001
+1.177254e+004	   -3.829944e+001
+1.178579e+004	   -3.829827e+001
+1.179906e+004	   -3.847895e+001
+1.181235e+004	   -3.803888e+001
+1.182565e+004	   -3.825203e+001
+1.183897e+004	   -3.826049e+001
+1.185230e+004	   -3.844411e+001
+1.186564e+004	   -3.825830e+001
+1.187900e+004	   -3.812412e+001
+1.189238e+004	   -3.797009e+001
+1.190577e+004	   -3.806487e+001
+1.191918e+004	   -3.803469e+001
+1.193260e+004	   -3.801573e+001
+1.194604e+004	   -3.809623e+001
+1.195949e+004	   -3.830915e+001
+1.197296e+004	   -3.790271e+001
+1.198644e+004	   -3.825383e+001
+1.199993e+004	   -3.783347e+001
+1.201345e+004	   -3.769212e+001
+1.202697e+004	   -3.773184e+001
+1.204052e+004	   -3.789287e+001
+1.205408e+004	   -3.799475e+001
+1.206765e+004	   -3.795171e+001
+1.208124e+004	   -3.771533e+001
+1.209484e+004	   -3.783206e+001
+1.210846e+004	   -3.789788e+001
+1.212210e+004	   -3.797028e+001
+1.213575e+004	   -3.777372e+001
+1.214941e+004	   -3.755988e+001
+1.216309e+004	   -3.761538e+001
+1.217679e+004	   -3.771305e+001
+1.219050e+004	   -3.751073e+001
+1.220423e+004	   -3.746381e+001
+1.221797e+004	   -3.754526e+001
+1.223173e+004	   -3.768673e+001
+1.224550e+004	   -3.753254e+001
+1.225929e+004	   -3.772915e+001
+1.227309e+004	   -3.775086e+001
+1.228691e+004	   -3.749099e+001
+1.230075e+004	   -3.733733e+001
+1.231460e+004	   -3.731520e+001
+1.232847e+004	   -3.728307e+001
+1.234235e+004	   -3.753754e+001
+1.235625e+004	   -3.732543e+001
+1.237016e+004	   -3.736225e+001
+1.238409e+004	   -3.725622e+001
+1.239804e+004	   -3.742333e+001
+1.241200e+004	   -3.722874e+001
+1.242597e+004	   -3.732465e+001
+1.243996e+004	   -3.713153e+001
+1.245397e+004	   -3.723136e+001
+1.246800e+004	   -3.718940e+001
+1.248204e+004	   -3.703106e+001
+1.249609e+004	   -3.725092e+001
+1.251016e+004	   -3.729261e+001
+1.252425e+004	   -3.705317e+001
+1.253835e+004	   -3.680007e+001
+1.255247e+004	   -3.711729e+001
+1.256661e+004	   -3.713889e+001
+1.258076e+004	   -3.699366e+001
+1.259492e+004	   -3.683525e+001
+1.260911e+004	   -3.688015e+001
+1.262330e+004	   -3.681955e+001
+1.263752e+004	   -3.693776e+001
+1.265175e+004	   -3.692232e+001
+1.266599e+004	   -3.690182e+001
+1.268026e+004	   -3.668009e+001
+1.269454e+004	   -3.682429e+001
+1.270883e+004	   -3.661240e+001
+1.272314e+004	   -3.671714e+001
+1.273747e+004	   -3.684728e+001
+1.275181e+004	   -3.657452e+001
+1.276617e+004	   -3.682001e+001
+1.278054e+004	   -3.645696e+001
+1.279494e+004	   -3.668722e+001
+1.280934e+004	   -3.658086e+001
+1.282377e+004	   -3.679908e+001
+1.283821e+004	   -3.659627e+001
+1.285266e+004	   -3.675353e+001
+1.286714e+004	   -3.681354e+001
+1.288163e+004	   -3.658308e+001
+1.289613e+004	   -3.661800e+001
+1.291065e+004	   -3.629968e+001
+1.292519e+004	   -3.621262e+001
+1.293975e+004	   -3.654281e+001
+1.295432e+004	   -3.647942e+001
+1.296890e+004	   -3.660463e+001
+1.298351e+004	   -3.670188e+001
+1.299813e+004	   -3.643895e+001
+1.301276e+004	   -3.643295e+001
+1.302742e+004	   -3.664970e+001
+1.304208e+004	   -3.612894e+001
+1.305677e+004	   -3.630579e+001
+1.307147e+004	   -3.611243e+001
+1.308619e+004	   -3.615413e+001
+1.310093e+004	   -3.617915e+001
+1.311568e+004	   -3.641091e+001
+1.313045e+004	   -3.621028e+001
+1.314523e+004	   -3.598559e+001
+1.316004e+004	   -3.628820e+001
+1.317486e+004	   -3.620544e+001
+1.318969e+004	   -3.599052e+001
+1.320454e+004	   -3.610073e+001
+1.321941e+004	   -3.626566e+001
+1.323430e+004	   -3.599243e+001
+1.324920e+004	   -3.629555e+001
+1.326412e+004	   -3.593744e+001
+1.327905e+004	   -3.583761e+001
+1.329401e+004	   -3.601249e+001
+1.330898e+004	   -3.567165e+001
+1.332396e+004	   -3.588933e+001
+1.333897e+004	   -3.606581e+001
+1.335399e+004	   -3.592682e+001
+1.336902e+004	   -3.566109e+001
+1.338408e+004	   -3.609674e+001
+1.339915e+004	   -3.592336e+001
+1.341424e+004	   -3.597867e+001
+1.342934e+004	   -3.552237e+001
+1.344446e+004	   -3.573249e+001
+1.345960e+004	   -3.559544e+001
+1.347476e+004	   -3.570226e+001
+1.348993e+004	   -3.561826e+001
+1.350512e+004	   -3.594209e+001
+1.352033e+004	   -3.536311e+001
+1.353555e+004	   -3.567845e+001
+1.355080e+004	   -3.552626e+001
+1.356605e+004	   -3.549371e+001
+1.358133e+004	   -3.569446e+001
+1.359662e+004	   -3.573159e+001
+1.361193e+004	   -3.541843e+001
+1.362726e+004	   -3.544103e+001
+1.364261e+004	   -3.556697e+001
+1.365797e+004	   -3.537098e+001
+1.367335e+004	   -3.547183e+001
+1.368875e+004	   -3.553281e+001
+1.370416e+004	   -3.548477e+001
+1.371959e+004	   -3.528911e+001
+1.373504e+004	   -3.525275e+001
+1.375051e+004	   -3.540491e+001
+1.376599e+004	   -3.538431e+001
+1.378149e+004	   -3.536018e+001
+1.379701e+004	   -3.502398e+001
+1.381254e+004	   -3.528739e+001
+1.382810e+004	   -3.535723e+001
+1.384367e+004	   -3.524922e+001
+1.385926e+004	   -3.500502e+001
+1.387486e+004	   -3.521410e+001
+1.389049e+004	   -3.520110e+001
+1.390613e+004	   -3.485705e+001
+1.392179e+004	   -3.513050e+001
+1.393746e+004	   -3.502880e+001
+1.395316e+004	   -3.504975e+001
+1.396887e+004	   -3.489830e+001
+1.398460e+004	   -3.501806e+001
+1.400035e+004	   -3.480326e+001
+1.401611e+004	   -3.502044e+001
+1.403189e+004	   -3.481622e+001
+1.404770e+004	   -3.498469e+001
+1.406351e+004	   -3.503520e+001
+1.407935e+004	   -3.492259e+001
+1.409520e+004	   -3.481534e+001
+1.411108e+004	   -3.489859e+001
+1.412696e+004	   -3.478271e+001
+1.414287e+004	   -3.474387e+001
+1.415880e+004	   -3.456545e+001
+1.417474e+004	   -3.493390e+001
+1.419070e+004	   -3.464349e+001
+1.420668e+004	   -3.470022e+001
+1.422268e+004	   -3.484212e+001
+1.423870e+004	   -3.475752e+001
+1.425473e+004	   -3.482528e+001
+1.427078e+004	   -3.461096e+001
+1.428685e+004	   -3.484022e+001
+1.430294e+004	   -3.451418e+001
+1.431904e+004	   -3.473745e+001
+1.433517e+004	   -3.451971e+001
+1.435131e+004	   -3.465763e+001
+1.436747e+004	   -3.437545e+001
+1.438365e+004	   -3.432925e+001
+1.439984e+004	   -3.457994e+001
+1.441606e+004	   -3.460874e+001
+1.443229e+004	   -3.446670e+001
+1.444854e+004	   -3.458060e+001
+1.446481e+004	   -3.446592e+001
+1.448110e+004	   -3.466322e+001
+1.449741e+004	   -3.437144e+001
+1.451373e+004	   -3.432834e+001
+1.453007e+004	   -3.416893e+001
+1.454644e+004	   -3.450060e+001
+1.456282e+004	   -3.429190e+001
+1.457921e+004	   -3.455328e+001
+1.459563e+004	   -3.437101e+001
+1.461207e+004	   -3.424279e+001
+1.462852e+004	   -3.415306e+001
+1.464499e+004	   -3.437417e+001
+1.466148e+004	   -3.425967e+001
+1.467799e+004	   -3.408944e+001
+1.469452e+004	   -3.402191e+001
+1.471107e+004	   -3.423492e+001
+1.472763e+004	   -3.387130e+001
+1.474422e+004	   -3.411692e+001
+1.476082e+004	   -3.387020e+001
+1.477744e+004	   -3.402542e+001
+1.479408e+004	   -3.394573e+001
+1.481074e+004	   -3.390504e+001
+1.482742e+004	   -3.387482e+001
+1.484411e+004	   -3.385426e+001
+1.486083e+004	   -3.393214e+001
+1.487756e+004	   -3.408206e+001
+1.489431e+004	   -3.396259e+001
+1.491109e+004	   -3.391302e+001
+1.492788e+004	   -3.370599e+001
+1.494469e+004	   -3.391206e+001
+1.496151e+004	   -3.382457e+001
+1.497836e+004	   -3.371172e+001
+1.499523e+004	   -3.400108e+001
+1.501211e+004	   -3.393217e+001
+1.502902e+004	   -3.411978e+001
+1.504594e+004	   -3.369492e+001
+1.506288e+004	   -3.365308e+001
+1.507984e+004	   -3.385250e+001
+1.509683e+004	   -3.380246e+001
+1.511383e+004	   -3.390456e+001
+1.513084e+004	   -3.378251e+001
+1.514788e+004	   -3.373724e+001
+1.516494e+004	   -3.359946e+001
+1.518202e+004	   -3.377115e+001
+1.519911e+004	   -3.340599e+001
+1.521623e+004	   -3.358300e+001
+1.523336e+004	   -3.349492e+001
+1.525051e+004	   -3.362161e+001
+1.526769e+004	   -3.327622e+001
+1.528488e+004	   -3.331825e+001
+1.530209e+004	   -3.346659e+001
+1.531932e+004	   -3.333817e+001
+1.533657e+004	   -3.350919e+001
+1.535384e+004	   -3.347467e+001
+1.537113e+004	   -3.328914e+001
+1.538844e+004	   -3.321133e+001
+1.540577e+004	   -3.337760e+001
+1.542311e+004	   -3.320441e+001
+1.544048e+004	   -3.322121e+001
+1.545787e+004	   -3.327320e+001
+1.547527e+004	   -3.309821e+001
+1.549270e+004	   -3.332957e+001
+1.551014e+004	   -3.351696e+001
+1.552761e+004	   -3.338643e+001
+1.554509e+004	   -3.344071e+001
+1.556260e+004	   -3.334978e+001
+1.558012e+004	   -3.334922e+001
+1.559767e+004	   -3.320973e+001
+1.561523e+004	   -3.310662e+001
+1.563281e+004	   -3.308324e+001
+1.565042e+004	   -3.329442e+001
+1.566804e+004	   -3.327050e+001
+1.568568e+004	   -3.285029e+001
+1.570335e+004	   -3.302170e+001
+1.572103e+004	   -3.300221e+001
+1.573873e+004	   -3.320766e+001
+1.575645e+004	   -3.273884e+001
+1.577420e+004	   -3.323203e+001
+1.579196e+004	   -3.304720e+001
+1.580974e+004	   -3.273118e+001
+1.582754e+004	   -3.324071e+001
+1.584537e+004	   -3.300566e+001
+1.586321e+004	   -3.312117e+001
+1.588107e+004	   -3.266806e+001
+1.589895e+004	   -3.283006e+001
+1.591686e+004	   -3.273197e+001
+1.593478e+004	   -3.316103e+001
+1.595272e+004	   -3.285683e+001
+1.597069e+004	   -3.286121e+001
+1.598867e+004	   -3.274630e+001
+1.600667e+004	   -3.263781e+001
+1.602470e+004	   -3.288659e+001
+1.604274e+004	   -3.265016e+001
+1.606081e+004	   -3.285233e+001
+1.607889e+004	   -3.281966e+001
+1.609700e+004	   -3.272886e+001
+1.611512e+004	   -3.265091e+001
+1.613327e+004	   -3.285295e+001
+1.615144e+004	   -3.264635e+001
+1.616962e+004	   -3.276745e+001
+1.618783e+004	   -3.257530e+001
+1.620606e+004	   -3.235280e+001
+1.622431e+004	   -3.242535e+001
+1.624258e+004	   -3.259266e+001
+1.626087e+004	   -3.281148e+001
+1.627918e+004	   -3.279544e+001
+1.629751e+004	   -3.248145e+001
+1.631586e+004	   -3.251063e+001
+1.633423e+004	   -3.271819e+001
+1.635263e+004	   -3.249949e+001
+1.637104e+004	   -3.233577e+001
+1.638947e+004	   -3.262960e+001
+1.640793e+004	   -3.238293e+001
+1.642640e+004	   -3.264489e+001
+1.644490e+004	   -3.238802e+001
+1.646342e+004	   -3.254188e+001
+1.648196e+004	   -3.250069e+001
+1.650052e+004	   -3.258131e+001
+1.651910e+004	   -3.247150e+001
+1.653770e+004	   -3.221065e+001
+1.655632e+004	   -3.216236e+001
+1.657496e+004	   -3.235831e+001
+1.659363e+004	   -3.207790e+001
+1.661231e+004	   -3.247432e+001
+1.663102e+004	   -3.223994e+001
+1.664975e+004	   -3.197189e+001
+1.666849e+004	   -3.206006e+001
+1.668726e+004	   -3.220844e+001
+1.670605e+004	   -3.209182e+001
+1.672487e+004	   -3.194477e+001
+1.674370e+004	   -3.226956e+001
+1.676255e+004	   -3.197787e+001
+1.678143e+004	   -3.217440e+001
+1.680033e+004	   -3.206601e+001
+1.681924e+004	   -3.206096e+001
+1.683818e+004	   -3.196170e+001
+1.685714e+004	   -3.201304e+001
+1.687613e+004	   -3.202509e+001
+1.689513e+004	   -3.206952e+001
+1.691415e+004	   -3.200750e+001
+1.693320e+004	   -3.202873e+001
+1.695227e+004	   -3.178216e+001
+1.697136e+004	   -3.182143e+001
+1.699046e+004	   -3.193198e+001
+1.700960e+004	   -3.162699e+001
+1.702875e+004	   -3.215901e+001
+1.704793e+004	   -3.173098e+001
+1.706712e+004	   -3.184863e+001
+1.708634e+004	   -3.192358e+001
+1.710558e+004	   -3.185712e+001
+1.712484e+004	   -3.180758e+001
+1.714413e+004	   -3.190392e+001
+1.716343e+004	   -3.165712e+001
+1.718276e+004	   -3.180710e+001
+1.720211e+004	   -3.172469e+001
+1.722148e+004	   -3.187422e+001
+1.724087e+004	   -3.193210e+001
+1.726028e+004	   -3.149229e+001
+1.727972e+004	   -3.161489e+001
+1.729918e+004	   -3.173494e+001
+1.731866e+004	   -3.178749e+001
+1.733816e+004	   -3.178537e+001
+1.735768e+004	   -3.167410e+001
+1.737723e+004	   -3.170804e+001
+1.739679e+004	   -3.142724e+001
+1.741638e+004	   -3.162955e+001
+1.743599e+004	   -3.137864e+001
+1.745563e+004	   -3.145470e+001
+1.747528e+004	   -3.142986e+001
+1.749496e+004	   -3.140435e+001
+1.751466e+004	   -3.142379e+001
+1.753438e+004	   -3.168351e+001
+1.755413e+004	   -3.160423e+001
+1.757389e+004	   -3.147218e+001
+1.759368e+004	   -3.156444e+001
+1.761350e+004	   -3.150711e+001
+1.763333e+004	   -3.169818e+001
+1.765319e+004	   -3.139269e+001
+1.767306e+004	   -3.123235e+001
+1.769296e+004	   -3.141995e+001
+1.771289e+004	   -3.167237e+001
+1.773283e+004	   -3.139605e+001
+1.775280e+004	   -3.138029e+001
+1.777279e+004	   -3.131251e+001
+1.779280e+004	   -3.109990e+001
+1.781284e+004	   -3.127995e+001
+1.783290e+004	   -3.117746e+001
+1.785298e+004	   -3.093090e+001
+1.787308e+004	   -3.120022e+001
+1.789321e+004	   -3.127423e+001
+1.791336e+004	   -3.115899e+001
+1.793353e+004	   -3.112819e+001
+1.795372e+004	   -3.103435e+001
+1.797394e+004	   -3.116196e+001
+1.799418e+004	   -3.110697e+001
+1.801444e+004	   -3.100728e+001
+1.803472e+004	   -3.123599e+001
+1.805503e+004	   -3.114579e+001
+1.807536e+004	   -3.115876e+001
+1.809571e+004	   -3.123623e+001
+1.811609e+004	   -3.096173e+001
+1.813649e+004	   -3.105751e+001
+1.815691e+004	   -3.100563e+001
+1.817736e+004	   -3.101103e+001
+1.819783e+004	   -3.094338e+001
+1.821832e+004	   -3.082090e+001
+1.823883e+004	   -3.095250e+001
+1.825937e+004	   -3.100030e+001
+1.827993e+004	   -3.069765e+001
+1.830052e+004	   -3.077672e+001
+1.832112e+004	   -3.083273e+001
+1.834175e+004	   -3.076820e+001
+1.836241e+004	   -3.104743e+001
+1.838308e+004	   -3.093217e+001
+1.840379e+004	   -3.079157e+001
+1.842451e+004	   -3.079909e+001
+1.844525e+004	   -3.075370e+001
+1.846603e+004	   -3.099400e+001
+1.848682e+004	   -3.052647e+001
+1.850763e+004	   -3.071334e+001
+1.852847e+004	   -3.067928e+001
+1.854934e+004	   -3.082232e+001
+1.857023e+004	   -3.093522e+001
+1.859114e+004	   -3.075185e+001
+1.861207e+004	   -3.074946e+001
+1.863303e+004	   -3.059897e+001
+1.865401e+004	   -3.068144e+001
+1.867502e+004	   -3.059248e+001
+1.869604e+004	   -3.040206e+001
+1.871710e+004	   -3.067622e+001
+1.873817e+004	   -3.083149e+001
+1.875927e+004	   -3.065017e+001
+1.878040e+004	   -3.055969e+001
+1.880154e+004	   -3.020780e+001
+1.882272e+004	   -3.054680e+001
+1.884391e+004	   -3.051007e+001
+1.886513e+004	   -3.059786e+001
+1.888637e+004	   -3.042925e+001
+1.890764e+004	   -3.042416e+001
+1.892893e+004	   -3.064424e+001
+1.895025e+004	   -3.036881e+001
+1.897159e+004	   -3.058194e+001
+1.899295e+004	   -3.051837e+001
+1.901433e+004	   -3.026038e+001
+1.903575e+004	   -3.042157e+001
+1.905718e+004	   -3.034521e+001
+1.907864e+004	   -3.044727e+001
+1.910012e+004	   -3.013912e+001
+1.912163e+004	   -3.062105e+001
+1.914316e+004	   -3.062662e+001
+1.916472e+004	   -3.061093e+001
+1.918630e+004	   -3.037473e+001
+1.920790e+004	   -3.017108e+001
+1.922953e+004	   -3.048928e+001
+1.925119e+004	   -3.025791e+001
+1.927286e+004	   -3.017412e+001
+1.929456e+004	   -3.068189e+001
+1.931629e+004	   -3.002370e+001
+1.933804e+004	   -3.019592e+001
+1.935982e+004	   -3.007195e+001
+1.938162e+004	   -2.999087e+001
+1.940344e+004	   -3.037606e+001
+1.942529e+004	   -3.009132e+001
+1.944717e+004	   -3.039810e+001
+1.946906e+004	   -3.006250e+001
+1.949099e+004	   -3.031562e+001
+1.951293e+004	   -2.992272e+001
+1.953491e+004	   -3.003871e+001
+1.955690e+004	   -3.027272e+001
+1.957893e+004	   -3.031569e+001
+1.960097e+004	   -3.027871e+001
+1.962304e+004	   -3.002844e+001
+1.964514e+004	   -3.009436e+001
+1.966726e+004	   -2.999851e+001
+1.968941e+004	   -3.010178e+001
+1.971158e+004	   -2.974344e+001
+1.973378e+004	   -3.025809e+001
+1.975600e+004	   -2.985829e+001
+1.977824e+004	   -2.989365e+001
+1.980051e+004	   -2.995729e+001
+1.982281e+004	   -3.006511e+001
+1.984513e+004	   -2.958782e+001
+1.986748e+004	   -2.991476e+001
+1.988985e+004	   -3.000262e+001
+1.991225e+004	   -2.993007e+001
+1.993467e+004	   -2.970476e+001
+1.995712e+004	   -3.007057e+001
+1.997959e+004	   -2.982955e+001
+2.000209e+004	   -2.974759e+001
+2.002461e+004	   -2.976114e+001
+2.004716e+004	   -2.987657e+001
+2.006973e+004	   -2.992314e+001
+2.009233e+004	   -3.008883e+001
+2.011496e+004	   -2.969325e+001
+2.013761e+004	   -2.968770e+001
+2.016028e+004	   -3.002232e+001
+2.018298e+004	   -2.971271e+001
+2.020571e+004	   -2.968809e+001
+2.022846e+004	   -2.966739e+001
+2.025124e+004	   -2.961345e+001
+2.027404e+004	   -2.942003e+001
+2.029687e+004	   -2.968833e+001
+2.031973e+004	   -2.993691e+001
+2.034261e+004	   -2.964696e+001
+2.036552e+004	   -2.948619e+001
+2.038845e+004	   -2.977684e+001
+2.041141e+004	   -2.974300e+001
+2.043439e+004	   -2.948773e+001
+2.045740e+004	   -2.989543e+001
+2.048044e+004	   -2.945372e+001
+2.050350e+004	   -2.985990e+001
+2.052659e+004	   -2.952413e+001
+2.054970e+004	   -2.947419e+001
+2.057284e+004	   -2.955318e+001
+2.059601e+004	   -2.946626e+001
+2.061920e+004	   -2.934067e+001
+2.064242e+004	   -2.950738e+001
+2.066566e+004	   -2.927336e+001
+2.068893e+004	   -2.959253e+001
+2.071223e+004	   -2.947875e+001
+2.073555e+004	   -2.906527e+001
+2.075890e+004	   -2.926493e+001
+2.078227e+004	   -2.938667e+001
+2.080568e+004	   -2.959361e+001
+2.082910e+004	   -2.969123e+001
+2.085256e+004	   -2.963632e+001
+2.087604e+004	   -2.923271e+001
+2.089955e+004	   -2.902009e+001
+2.092308e+004	   -2.902921e+001
+2.094664e+004	   -2.919413e+001
+2.097023e+004	   -2.940395e+001
+2.099384e+004	   -2.933240e+001
+2.101748e+004	   -2.896993e+001
+2.104115e+004	   -2.946272e+001
+2.106484e+004	   -2.940663e+001
+2.108856e+004	   -2.938740e+001
+2.111231e+004	   -2.934526e+001
+2.113608e+004	   -2.921125e+001
+2.115988e+004	   -2.920854e+001
+2.118371e+004	   -2.952715e+001
+2.120756e+004	   -2.912169e+001
+2.123144e+004	   -2.886326e+001
+2.125535e+004	   -2.895871e+001
+2.127928e+004	   -2.938638e+001
+2.130324e+004	   -2.906185e+001
+2.132723e+004	   -2.906853e+001
+2.135125e+004	   -2.918003e+001
+2.137529e+004	   -2.928497e+001
+2.139936e+004	   -2.890778e+001
+2.142346e+004	   -2.946839e+001
+2.144758e+004	   -2.904329e+001
+2.147173e+004	   -2.896694e+001
+2.149591e+004	   -2.891536e+001
+2.152012e+004	   -2.927187e+001
+2.154435e+004	   -2.880110e+001
+2.156861e+004	   -2.916163e+001
+2.159289e+004	   -2.902548e+001
+2.161721e+004	   -2.860901e+001
+2.164155e+004	   -2.878538e+001
+2.166592e+004	   -2.892952e+001
+2.169032e+004	   -2.881959e+001
+2.171474e+004	   -2.912871e+001
+2.173919e+004	   -2.887981e+001
+2.176367e+004	   -2.897750e+001
+2.178818e+004	   -2.861420e+001
+2.181271e+004	   -2.894059e+001
+2.183728e+004	   -2.888605e+001
+2.186187e+004	   -2.901653e+001
+2.188648e+004	   -2.886916e+001
+2.191113e+004	   -2.905158e+001
+2.193580e+004	   -2.871719e+001
+2.196050e+004	   -2.901184e+001
+2.198523e+004	   -2.861334e+001
+2.200998e+004	   -2.886341e+001
+2.203477e+004	   -2.864324e+001
+2.205958e+004	   -2.884579e+001
+2.208442e+004	   -2.896115e+001
+2.210929e+004	   -2.863942e+001
+2.213419e+004	   -2.853992e+001
+2.215911e+004	   -2.891430e+001
+2.218406e+004	   -2.903366e+001
+2.220904e+004	   -2.858576e+001
+2.223405e+004	   -2.873191e+001
+2.225909e+004	   -2.841410e+001
+2.228415e+004	   -2.862447e+001
+2.230924e+004	   -2.890869e+001
+2.233437e+004	   -2.872087e+001
+2.235951e+004	   -2.867089e+001
+2.238469e+004	   -2.845741e+001
+2.240990e+004	   -2.861578e+001
+2.243513e+004	   -2.887353e+001
+2.246040e+004	   -2.882431e+001
+2.248569e+004	   -2.859911e+001
+2.251101e+004	   -2.855787e+001
+2.253636e+004	   -2.848645e+001
+2.256173e+004	   -2.852794e+001
+2.258714e+004	   -2.845995e+001
+2.261257e+004	   -2.873131e+001
+2.263803e+004	   -2.868643e+001
+2.266353e+004	   -2.845591e+001
+2.268904e+004	   -2.860009e+001
+2.271459e+004	   -2.817443e+001
+2.274017e+004	   -2.879075e+001
+2.276578e+004	   -2.822799e+001
+2.279141e+004	   -2.832926e+001
+2.281708e+004	   -2.845579e+001
+2.284277e+004	   -2.836775e+001
+2.286849e+004	   -2.808276e+001
+2.289424e+004	   -2.816233e+001
+2.292002e+004	   -2.853738e+001
+2.294583e+004	   -2.841259e+001
+2.297167e+004	   -2.827848e+001
+2.299754e+004	   -2.837065e+001
+2.302343e+004	   -2.823535e+001
+2.304936e+004	   -2.823866e+001
+2.307531e+004	   -2.834035e+001
+2.310130e+004	   -2.823868e+001
+2.312731e+004	   -2.837643e+001
+2.315335e+004	   -2.838738e+001
+2.317942e+004	   -2.791079e+001
+2.320553e+004	   -2.841165e+001
+2.323166e+004	   -2.811129e+001
+2.325781e+004	   -2.835774e+001
+2.328400e+004	   -2.818336e+001
+2.331022e+004	   -2.811035e+001
+2.333647e+004	   -2.815679e+001
+2.336275e+004	   -2.833250e+001
+2.338906e+004	   -2.801237e+001
+2.341539e+004	   -2.815497e+001
+2.344176e+004	   -2.816999e+001
+2.346816e+004	   -2.806374e+001
+2.349458e+004	   -2.835368e+001
+2.352104e+004	   -2.824704e+001
+2.354753e+004	   -2.815866e+001
+2.357404e+004	   -2.796815e+001
+2.360059e+004	   -2.828460e+001
+2.362716e+004	   -2.785054e+001
+2.365377e+004	   -2.798480e+001
+2.368040e+004	   -2.775291e+001
+2.370707e+004	   -2.794359e+001
+2.373376e+004	   -2.807709e+001
+2.376049e+004	   -2.811227e+001
+2.378724e+004	   -2.822309e+001
+2.381403e+004	   -2.792088e+001
+2.384084e+004	   -2.805744e+001
+2.386769e+004	   -2.786252e+001
+2.389456e+004	   -2.781290e+001
+2.392147e+004	   -2.805029e+001
+2.394841e+004	   -2.790716e+001
+2.397538e+004	   -2.808326e+001
+2.400237e+004	   -2.785612e+001
+2.402940e+004	   -2.783000e+001
+2.405646e+004	   -2.802180e+001
+2.408355e+004	   -2.800332e+001
+2.411066e+004	   -2.799142e+001
+2.413781e+004	   -2.779930e+001
+2.416499e+004	   -2.772429e+001
+2.419221e+004	   -2.798402e+001
+2.421945e+004	   -2.788204e+001
+2.424672e+004	   -2.804433e+001
+2.427402e+004	   -2.782359e+001
+2.430136e+004	   -2.772263e+001
+2.432872e+004	   -2.769772e+001
+2.435612e+004	   -2.761191e+001
+2.438354e+004	   -2.800137e+001
+2.441100e+004	   -2.783593e+001
+2.443849e+004	   -2.785756e+001
+2.446600e+004	   -2.736215e+001
+2.449355e+004	   -2.758719e+001
+2.452113e+004	   -2.768095e+001
+2.454875e+004	   -2.733456e+001
+2.457639e+004	   -2.763120e+001
+2.460406e+004	   -2.777057e+001
+2.463177e+004	   -2.785093e+001
+2.465951e+004	   -2.759466e+001
+2.468727e+004	   -2.762895e+001
+2.471507e+004	   -2.786379e+001
+2.474290e+004	   -2.753409e+001
+2.477076e+004	   -2.757136e+001
+2.479866e+004	   -2.762017e+001
+2.482658e+004	   -2.772253e+001
+2.485454e+004	   -2.762420e+001
+2.488252e+004	   -2.746212e+001
+2.491054e+004	   -2.764697e+001
+2.493859e+004	   -2.745759e+001
+2.496667e+004	   -2.745756e+001
+2.499479e+004	   -2.746521e+001
+2.502293e+004	   -2.735575e+001
+2.505111e+004	   -2.738321e+001
+2.507932e+004	   -2.727646e+001
+2.510756e+004	   -2.754568e+001
+2.513583e+004	   -2.738152e+001
+2.516413e+004	   -2.753098e+001
+2.519247e+004	   -2.762249e+001
+2.522084e+004	   -2.734985e+001
+2.524924e+004	   -2.731022e+001
+2.527767e+004	   -2.748362e+001
+2.530613e+004	   -2.730005e+001
+2.533463e+004	   -2.742561e+001
+2.536316e+004	   -2.749826e+001
+2.539172e+004	   -2.743960e+001
+2.542031e+004	   -2.743363e+001
+2.544893e+004	   -2.703544e+001
+2.547759e+004	   -2.717047e+001
+2.550628e+004	   -2.744197e+001
+2.553500e+004	   -2.705635e+001
+2.556375e+004	   -2.726167e+001
+2.559254e+004	   -2.715842e+001
+2.562136e+004	   -2.725367e+001
+2.565021e+004	   -2.706611e+001
+2.567909e+004	   -2.728349e+001
+2.570801e+004	   -2.736107e+001
+2.573696e+004	   -2.704830e+001
+2.576594e+004	   -2.707751e+001
+2.579495e+004	   -2.693617e+001
+2.582400e+004	   -2.748191e+001
+2.585308e+004	   -2.732838e+001
+2.588219e+004	   -2.721167e+001
+2.591133e+004	   -2.708605e+001
+2.594051e+004	   -2.673761e+001
+2.596972e+004	   -2.701786e+001
+2.599896e+004	   -2.701091e+001
+2.602824e+004	   -2.700853e+001
+2.605755e+004	   -2.732367e+001
+2.608689e+004	   -2.716166e+001
+2.611626e+004	   -2.691815e+001
+2.614567e+004	   -2.684184e+001
+2.617511e+004	   -2.691969e+001
+2.620459e+004	   -2.719607e+001
+2.623409e+004	   -2.718137e+001
+2.626363e+004	   -2.701578e+001
+2.629321e+004	   -2.726265e+001
+2.632282e+004	   -2.679429e+001
+2.635246e+004	   -2.666012e+001
+2.638213e+004	   -2.670481e+001
+2.641184e+004	   -2.704882e+001
+2.644158e+004	   -2.666100e+001
+2.647135e+004	   -2.678377e+001
+2.650116e+004	   -2.677191e+001
+2.653100e+004	   -2.682683e+001
+2.656088e+004	   -2.706520e+001
+2.659079e+004	   -2.687567e+001
+2.662073e+004	   -2.705130e+001
+2.665071e+004	   -2.669651e+001
+2.668071e+004	   -2.698045e+001
+2.671076e+004	   -2.704024e+001
+2.674084e+004	   -2.677201e+001
+2.677095e+004	   -2.703709e+001
+2.680109e+004	   -2.676546e+001
+2.683127e+004	   -2.655525e+001
+2.686148e+004	   -2.667024e+001
+2.689173e+004	   -2.662730e+001
+2.692201e+004	   -2.692266e+001
+2.695233e+004	   -2.678289e+001
+2.698268e+004	   -2.661639e+001
+2.701306e+004	   -2.635696e+001
+2.704348e+004	   -2.679996e+001
+2.707393e+004	   -2.660313e+001
+2.710442e+004	   -2.681554e+001
+2.713494e+004	   -2.676377e+001
+2.716549e+004	   -2.690828e+001
+2.719608e+004	   -2.664248e+001
+2.722671e+004	   -2.645362e+001
+2.725737e+004	   -2.668982e+001
+2.728806e+004	   -2.656454e+001
+2.731879e+004	   -2.664509e+001
+2.734955e+004	   -2.650534e+001
+2.738034e+004	   -2.642541e+001
+2.741118e+004	   -2.670274e+001
+2.744204e+004	   -2.667394e+001
+2.747294e+004	   -2.654068e+001
+2.750388e+004	   -2.639520e+001
+2.753485e+004	   -2.635923e+001
+2.756585e+004	   -2.627766e+001
+2.759689e+004	   -2.642363e+001
+2.762797e+004	   -2.627439e+001
+2.765908e+004	   -2.632480e+001
+2.769022e+004	   -2.638068e+001
+2.772141e+004	   -2.629194e+001
+2.775262e+004	   -2.610015e+001
+2.778387e+004	   -2.641194e+001
+2.781516e+004	   -2.644468e+001
+2.784648e+004	   -2.638939e+001
+2.787783e+004	   -2.612784e+001
+2.790923e+004	   -2.618940e+001
+2.794065e+004	   -2.626894e+001
+2.797212e+004	   -2.623477e+001
+2.800361e+004	   -2.625871e+001
+2.803515e+004	   -2.607934e+001
+2.806671e+004	   -2.614652e+001
+2.809832e+004	   -2.619424e+001
+2.812996e+004	   -2.610193e+001
+2.816163e+004	   -2.608764e+001
+2.819335e+004	   -2.605809e+001
+2.822509e+004	   -2.617256e+001
+2.825688e+004	   -2.613179e+001
+2.828870e+004	   -2.610596e+001
+2.832055e+004	   -2.639182e+001
+2.835244e+004	   -2.592468e+001
+2.838437e+004	   -2.623126e+001
+2.841633e+004	   -2.593175e+001
+2.844832e+004	   -2.592083e+001
+2.848036e+004	   -2.592935e+001
+2.851243e+004	   -2.585780e+001
+2.854454e+004	   -2.573779e+001
+2.857668e+004	   -2.628680e+001
+2.860886e+004	   -2.607623e+001
+2.864107e+004	   -2.582594e+001
+2.867332e+004	   -2.577992e+001
+2.870561e+004	   -2.604843e+001
+2.873793e+004	   -2.604157e+001
+2.877029e+004	   -2.598857e+001
+2.880269e+004	   -2.572154e+001
+2.883512e+004	   -2.582294e+001
+2.886759e+004	   -2.575557e+001
+2.890010e+004	   -2.575503e+001
+2.893264e+004	   -2.571620e+001
+2.896522e+004	   -2.607830e+001
+2.899784e+004	   -2.582891e+001
+2.903049e+004	   -2.582603e+001
+2.906318e+004	   -2.589444e+001
+2.909590e+004	   -2.573258e+001
+2.912867e+004	   -2.560368e+001
+2.916147e+004	   -2.536794e+001
+2.919430e+004	   -2.562428e+001
+2.922718e+004	   -2.587076e+001
+2.926009e+004	   -2.546512e+001
+2.929304e+004	   -2.543450e+001
+2.932602e+004	   -2.577628e+001
+2.935904e+004	   -2.547600e+001
+2.939211e+004	   -2.523002e+001
+2.942520e+004	   -2.538155e+001
+2.945834e+004	   -2.509865e+001
+2.949151e+004	   -2.530915e+001
+2.952472e+004	   -2.502078e+001
+2.955796e+004	   -2.536776e+001
+2.959125e+004	   -2.540361e+001
+2.962457e+004	   -2.553862e+001
+2.965793e+004	   -2.524141e+001
+2.969132e+004	   -2.524190e+001
+2.972475e+004	   -2.540813e+001
+2.975823e+004	   -2.551513e+001
+2.979173e+004	   -2.529106e+001
+2.982528e+004	   -2.509130e+001
+2.985887e+004	   -2.539850e+001
+2.989249e+004	   -2.514573e+001
+2.992615e+004	   -2.528078e+001
+2.995985e+004	   -2.483024e+001
+2.999358e+004	   -2.510795e+001
+3.002736e+004	   -2.526488e+001
+3.006117e+004	   -2.533078e+001
+3.009502e+004	   -2.528440e+001
+3.012891e+004	   -2.510594e+001
+3.016283e+004	   -2.534000e+001
+3.019680e+004	   -2.504124e+001
+3.023080e+004	   -2.507282e+001
+3.026484e+004	   -2.486997e+001
+3.029892e+004	   -2.502670e+001
+3.033304e+004	   -2.524034e+001
+3.036720e+004	   -2.492337e+001
+3.040139e+004	   -2.495522e+001
+3.043562e+004	   -2.483073e+001
+3.046990e+004	   -2.493887e+001
+3.050421e+004	   -2.501311e+001
+3.053855e+004	   -2.462542e+001
+3.057294e+004	   -2.506382e+001
+3.060737e+004	   -2.451143e+001
+3.064183e+004	   -2.469707e+001
+3.067634e+004	   -2.461117e+001
+3.071088e+004	   -2.471308e+001
+3.074546e+004	   -2.482189e+001
+3.078008e+004	   -2.452791e+001
+3.081474e+004	   -2.466870e+001
+3.084944e+004	   -2.467100e+001
+3.088418e+004	   -2.475208e+001
+3.091896e+004	   -2.460706e+001
+3.095377e+004	   -2.463208e+001
+3.098863e+004	   -2.460197e+001
+3.102352e+004	   -2.458164e+001
+3.105846e+004	   -2.458677e+001
+3.109343e+004	   -2.443325e+001
+3.112844e+004	   -2.474154e+001
+3.116349e+004	   -2.420244e+001
+3.119859e+004	   -2.466793e+001
+3.123372e+004	   -2.447609e+001
+3.126889e+004	   -2.438999e+001
+3.130410e+004	   -2.429819e+001
+3.133935e+004	   -2.438518e+001
+3.137463e+004	   -2.443678e+001
+3.140996e+004	   -2.450928e+001
+3.144533e+004	   -2.435151e+001
+3.148074e+004	   -2.422348e+001
+3.151619e+004	   -2.433828e+001
+3.155168e+004	   -2.398151e+001
+3.158721e+004	   -2.444890e+001
+3.162278e+004	   -2.391571e+001
+3.165838e+004	   -2.441456e+001
+3.169403e+004	   -2.377518e+001
+3.172972e+004	   -2.442893e+001
+3.176545e+004	   -2.397074e+001
+3.180122e+004	   -2.398987e+001
+3.183703e+004	   -2.387686e+001
+3.187288e+004	   -2.403260e+001
+3.190877e+004	   -2.396667e+001
+3.194470e+004	   -2.398947e+001
+3.198067e+004	   -2.397796e+001
+3.201668e+004	   -2.370196e+001
+3.205274e+004	   -2.370520e+001
+3.208883e+004	   -2.392621e+001
+3.212496e+004	   -2.398903e+001
+3.216114e+004	   -2.375887e+001
+3.219735e+004	   -2.388610e+001
+3.223361e+004	   -2.348701e+001
+3.226990e+004	   -2.360163e+001
+3.230624e+004	   -2.369333e+001
+3.234262e+004	   -2.365846e+001
+3.237904e+004	   -2.357174e+001
+3.241550e+004	   -2.333019e+001
+3.245200e+004	   -2.354708e+001
+3.248854e+004	   -2.367674e+001
+3.252513e+004	   -2.388039e+001
+3.256175e+004	   -2.375721e+001
+3.259841e+004	   -2.353612e+001
+3.263512e+004	   -2.314126e+001
+3.267187e+004	   -2.352802e+001
+3.270866e+004	   -2.345651e+001
+3.274549e+004	   -2.345414e+001
+3.278236e+004	   -2.354751e+001
+3.281928e+004	   -2.341513e+001
+3.285623e+004	   -2.362626e+001
+3.289323e+004	   -2.331286e+001
+3.293027e+004	   -2.364480e+001
+3.296735e+004	   -2.318219e+001
+3.300448e+004	   -2.310622e+001
+3.304164e+004	   -2.301130e+001
+3.307884e+004	   -2.297859e+001
+3.311609e+004	   -2.314381e+001
+3.315338e+004	   -2.314222e+001
+3.319071e+004	   -2.325370e+001
+3.322809e+004	   -2.292500e+001
+3.326551e+004	   -2.313811e+001
+3.330296e+004	   -2.318272e+001
+3.334046e+004	   -2.285792e+001
+3.337801e+004	   -2.326040e+001
+3.341559e+004	   -2.297578e+001
+3.345322e+004	   -2.268539e+001
+3.349089e+004	   -2.268269e+001
+3.352860e+004	   -2.299670e+001
+3.356636e+004	   -2.245848e+001
+3.360415e+004	   -2.276719e+001
+3.364199e+004	   -2.267996e+001
+3.367988e+004	   -2.236755e+001
+3.371780e+004	   -2.262337e+001
+3.375577e+004	   -2.236165e+001
+3.379378e+004	   -2.299768e+001
+3.383183e+004	   -2.266158e+001
+3.386993e+004	   -2.233745e+001
+3.390807e+004	   -2.249562e+001
+3.394625e+004	   -2.223106e+001
+3.398447e+004	   -2.247367e+001
+3.402274e+004	   -2.236177e+001
+3.406105e+004	   -2.263881e+001
+3.409941e+004	   -2.235175e+001
+3.413780e+004	   -2.227729e+001
+3.417625e+004	   -2.225103e+001
+3.421473e+004	   -2.245229e+001
+3.425325e+004	   -2.208459e+001
+3.429183e+004	   -2.253546e+001
+3.433044e+004	   -2.196498e+001
+3.436910e+004	   -2.206012e+001
+3.440780e+004	   -2.214891e+001
+3.444654e+004	   -2.199466e+001
+3.448533e+004	   -2.207375e+001
+3.452416e+004	   -2.187410e+001
+3.456304e+004	   -2.197843e+001
+3.460196e+004	   -2.214544e+001
+3.464092e+004	   -2.223901e+001
+3.467993e+004	   -2.177075e+001
+3.471898e+004	   -2.207195e+001
+3.475807e+004	   -2.196099e+001
+3.479721e+004	   -2.166293e+001
+3.483640e+004	   -2.202773e+001
+3.487563e+004	   -2.173007e+001
+3.491489e+004	   -2.181678e+001
+3.495421e+004	   -2.150444e+001
+3.499357e+004	   -2.148344e+001
+3.503298e+004	   -2.155271e+001
+3.507243e+004	   -2.144291e+001
+3.511192e+004	   -2.160186e+001
+3.515145e+004	   -2.160136e+001
+3.519104e+004	   -2.133880e+001
+3.523066e+004	   -2.131996e+001
+3.527034e+004	   -2.133468e+001
+3.531005e+004	   -2.142979e+001
+3.534981e+004	   -2.124957e+001
+3.538962e+004	   -2.134904e+001
+3.542946e+004	   -2.092521e+001
+3.546936e+004	   -2.144703e+001
+3.550930e+004	   -2.097518e+001
+3.554929e+004	   -2.124860e+001
+3.558932e+004	   -2.124588e+001
+3.562939e+004	   -2.121989e+001
+3.566951e+004	   -2.093477e+001
+3.570968e+004	   -2.134347e+001
+3.574989e+004	   -2.120220e+001
+3.579014e+004	   -2.111776e+001
+3.583045e+004	   -2.078429e+001
+3.587079e+004	   -2.091490e+001
+3.591118e+004	   -2.074626e+001
+3.595162e+004	   -2.076962e+001
+3.599211e+004	   -2.065695e+001
+3.603263e+004	   -2.076314e+001
+3.607321e+004	   -2.063872e+001
+3.611383e+004	   -2.056307e+001
+3.615449e+004	   -2.061914e+001
+3.619520e+004	   -2.047009e+001
+3.623596e+004	   -2.066049e+001
+3.627677e+004	   -2.049650e+001
+3.631761e+004	   -2.053047e+001
+3.635851e+004	   -2.050324e+001
+3.639945e+004	   -2.074439e+001
+3.644044e+004	   -2.000523e+001
+3.648147e+004	   -2.053598e+001
+3.652255e+004	   -2.021605e+001
+3.656368e+004	   -2.034427e+001
+3.660485e+004	   -2.010312e+001
+3.664607e+004	   -2.012425e+001
+3.668733e+004	   -2.024902e+001
+3.672864e+004	   -1.968262e+001
+3.677000e+004	   -2.024893e+001
+3.681141e+004	   -1.995936e+001
+3.685286e+004	   -1.991622e+001
+3.689436e+004	   -1.979058e+001
+3.693590e+004	   -2.013101e+001
+3.697749e+004	   -1.960747e+001
+3.701913e+004	   -1.977692e+001
+3.706081e+004	   -1.957164e+001
+3.710255e+004	   -1.931854e+001
+3.714432e+004	   -1.980835e+001
+3.718615e+004	   -1.958351e+001
+3.722802e+004	   -1.973322e+001
+3.726995e+004	   -1.953484e+001
+3.731191e+004	   -1.947856e+001
+3.735393e+004	   -1.949033e+001
+3.739599e+004	   -1.954774e+001
+3.743810e+004	   -1.942545e+001
+3.748025e+004	   -1.900232e+001
+3.752246e+004	   -1.934828e+001
+3.756471e+004	   -1.927587e+001
+3.760701e+004	   -1.928410e+001
+3.764936e+004	   -1.933314e+001
+3.769175e+004	   -1.903320e+001
+3.773420e+004	   -1.907006e+001
+3.777669e+004	   -1.914373e+001
+3.781922e+004	   -1.891711e+001
+3.786181e+004	   -1.910536e+001
+3.790445e+004	   -1.908430e+001
+3.794713e+004	   -1.931611e+001
+3.798986e+004	   -1.888554e+001
+3.803263e+004	   -1.835628e+001
+3.807546e+004	   -1.871728e+001
+3.811834e+004	   -1.867286e+001
+3.816126e+004	   -1.869000e+001
+3.820423e+004	   -1.883175e+001
+3.824725e+004	   -1.842769e+001
+3.829032e+004	   -1.856291e+001
+3.833343e+004	   -1.874590e+001
+3.837660e+004	   -1.850434e+001
+3.841981e+004	   -1.864859e+001
+3.846307e+004	   -1.815352e+001
+3.850639e+004	   -1.842029e+001
+3.854975e+004	   -1.811723e+001
+3.859315e+004	   -1.783455e+001
+3.863661e+004	   -1.812632e+001
+3.868012e+004	   -1.851107e+001
+3.872367e+004	   -1.805077e+001
+3.876728e+004	   -1.798504e+001
+3.881093e+004	   -1.809230e+001
+3.885463e+004	   -1.769196e+001
+3.889839e+004	   -1.815065e+001
+3.894219e+004	   -1.779978e+001
+3.898604e+004	   -1.810771e+001
+3.902994e+004	   -1.790730e+001
+3.907389e+004	   -1.759745e+001
+3.911789e+004	   -1.769552e+001
+3.916193e+004	   -1.785040e+001
+3.920603e+004	   -1.766038e+001
+3.925018e+004	   -1.775087e+001
+3.929438e+004	   -1.759509e+001
+3.933863e+004	   -1.759105e+001
+3.938292e+004	   -1.760729e+001
+3.942727e+004	   -1.733702e+001
+3.947166e+004	   -1.710476e+001
+3.951611e+004	   -1.754791e+001
+3.956061e+004	   -1.705219e+001
+3.960516e+004	   -1.708708e+001
+3.964975e+004	   -1.710800e+001
+3.969440e+004	   -1.738694e+001
+3.973910e+004	   -1.720873e+001
+3.978384e+004	   -1.699203e+001
+3.982864e+004	   -1.715807e+001
+3.987349e+004	   -1.744198e+001
+3.991839e+004	   -1.692034e+001
+3.996334e+004	   -1.705227e+001
+4.000834e+004	   -1.678912e+001
+4.005339e+004	   -1.707455e+001
+4.009849e+004	   -1.700684e+001
+4.014364e+004	   -1.674541e+001
+4.018885e+004	   -1.673874e+001
+4.023411e+004	   -1.631049e+001
+4.027941e+004	   -1.650998e+001
+4.032477e+004	   -1.633307e+001
+4.037017e+004	   -1.673801e+001
+4.041563e+004	   -1.662502e+001
+4.046114e+004	   -1.642304e+001
+4.050670e+004	   -1.625840e+001
+4.055231e+004	   -1.670803e+001
+4.059798e+004	   -1.631705e+001
+4.064369e+004	   -1.648307e+001
+4.068946e+004	   -1.682082e+001
+4.073528e+004	   -1.633148e+001
+4.078115e+004	   -1.623837e+001
+4.082707e+004	   -1.662651e+001
+4.087304e+004	   -1.644443e+001
+4.091907e+004	   -1.622764e+001
+4.096514e+004	   -1.653434e+001
+4.101127e+004	   -1.600659e+001
+4.105745e+004	   -1.618924e+001
+4.110368e+004	   -1.617889e+001
+4.114997e+004	   -1.584533e+001
+4.119630e+004	   -1.634676e+001
+4.124269e+004	   -1.599654e+001
+4.128913e+004	   -1.596197e+001
+4.133563e+004	   -1.600485e+001
+4.138217e+004	   -1.571008e+001
+4.142877e+004	   -1.571511e+001
+4.147542e+004	   -1.558553e+001
+4.152213e+004	   -1.571541e+001
+4.156888e+004	   -1.578979e+001
+4.161569e+004	   -1.578509e+001
+4.166255e+004	   -1.556408e+001
+4.170946e+004	   -1.541470e+001
+4.175643e+004	   -1.559462e+001
+4.180345e+004	   -1.583096e+001
+4.185052e+004	   -1.562055e+001
+4.189765e+004	   -1.519364e+001
+4.194482e+004	   -1.578979e+001
+4.199206e+004	   -1.517053e+001
+4.203934e+004	   -1.553249e+001
+4.208668e+004	   -1.511530e+001
+4.213407e+004	   -1.511702e+001
+4.218152e+004	   -1.512080e+001
+4.222902e+004	   -1.557679e+001
+4.227657e+004	   -1.503332e+001
+4.232417e+004	   -1.534459e+001
+4.237183e+004	   -1.554735e+001
+4.241954e+004	   -1.501378e+001
+4.246731e+004	   -1.522875e+001
+4.251513e+004	   -1.493343e+001
+4.256300e+004	   -1.491566e+001
+4.261093e+004	   -1.479178e+001
+4.265891e+004	   -1.481334e+001
+4.270695e+004	   -1.485614e+001
+4.275504e+004	   -1.499776e+001
+4.280318e+004	   -1.462913e+001
+4.285138e+004	   -1.460344e+001
+4.289963e+004	   -1.460517e+001
+4.294794e+004	   -1.457659e+001
+4.299630e+004	   -1.464651e+001
+4.304471e+004	   -1.463577e+001
+4.309319e+004	   -1.459355e+001
+4.314171e+004	   -1.468986e+001
+4.319029e+004	   -1.465309e+001
+4.323893e+004	   -1.410261e+001
+4.328761e+004	   -1.445507e+001
+4.333636e+004	   -1.442462e+001
+4.338516e+004	   -1.480752e+001
+4.343401e+004	   -1.428054e+001
+4.348292e+004	   -1.444959e+001
+4.353188e+004	   -1.458818e+001
+4.358090e+004	   -1.423821e+001
+4.362997e+004	   -1.426544e+001
+4.367910e+004	   -1.447676e+001
+4.372829e+004	   -1.438503e+001
+4.377753e+004	   -1.415716e+001
+4.382682e+004	   -1.423917e+001
+4.387617e+004	   -1.411030e+001
+4.392558e+004	   -1.442625e+001
+4.397504e+004	   -1.414922e+001
+4.402456e+004	   -1.396463e+001
+4.407413e+004	   -1.411671e+001
+4.412376e+004	   -1.404135e+001
+4.417345e+004	   -1.396137e+001
+4.422319e+004	   -1.389684e+001
+4.427298e+004	   -1.387092e+001
+4.432284e+004	   -1.426556e+001
+4.437275e+004	   -1.407951e+001
+4.442271e+004	   -1.398876e+001
+4.447273e+004	   -1.396008e+001
+4.452281e+004	   -1.393274e+001
+4.457295e+004	   -1.388092e+001
+4.462314e+004	   -1.365055e+001
+4.467339e+004	   -1.389297e+001
+4.472369e+004	   -1.403527e+001
+4.477405e+004	   -1.426576e+001
+4.482447e+004	   -1.370805e+001
+4.487494e+004	   -1.352947e+001
+4.492547e+004	   -1.340457e+001
+4.497606e+004	   -1.389383e+001
+4.502671e+004	   -1.365022e+001
+4.507741e+004	   -1.383601e+001
+4.512817e+004	   -1.355287e+001
+4.517898e+004	   -1.353967e+001
+4.522986e+004	   -1.377124e+001
+4.528079e+004	   -1.374638e+001
+4.533178e+004	   -1.357747e+001
+4.538282e+004	   -1.357161e+001
+4.543393e+004	   -1.361041e+001
+4.548509e+004	   -1.387136e+001
+4.553630e+004	   -1.351375e+001
+4.558758e+004	   -1.354344e+001
+4.563891e+004	   -1.360126e+001
+4.569030e+004	   -1.358650e+001
+4.574175e+004	   -1.339030e+001
+4.579326e+004	   -1.331670e+001
+4.584482e+004	   -1.344910e+001
+4.589645e+004	   -1.344559e+001
+4.594813e+004	   -1.331094e+001
+4.599987e+004	   -1.365522e+001
+4.605167e+004	   -1.363717e+001
+4.610352e+004	   -1.338454e+001
+4.615544e+004	   -1.350963e+001
+4.620741e+004	   -1.337360e+001
+4.625944e+004	   -1.322391e+001
+4.631153e+004	   -1.325473e+001
+4.636368e+004	   -1.348358e+001
+4.641589e+004	   -1.343103e+001
+4.646816e+004	   -1.337745e+001
+4.652048e+004	   -1.335890e+001
+4.657286e+004	   -1.321234e+001
+4.662530e+004	   -1.308178e+001
+4.667781e+004	   -1.330583e+001
+4.673037e+004	   -1.335571e+001
+4.678299e+004	   -1.326950e+001
+4.683567e+004	   -1.308791e+001
+4.688841e+004	   -1.316097e+001
+4.694121e+004	   -1.303800e+001
+4.699407e+004	   -1.325770e+001
+4.704698e+004	   -1.342174e+001
+4.709996e+004	   -1.325331e+001
+4.715300e+004	   -1.317022e+001
+4.720609e+004	   -1.357233e+001
+4.725925e+004	   -1.321451e+001
+4.731246e+004	   -1.322229e+001
+4.736574e+004	   -1.269786e+001
+4.741907e+004	   -1.312647e+001
+4.747247e+004	   -1.295396e+001
+4.752593e+004	   -1.321492e+001
+4.757944e+004	   -1.342514e+001
+4.763302e+004	   -1.336703e+001
+4.768666e+004	   -1.308162e+001
+4.774035e+004	   -1.321922e+001
+4.779411e+004	   -1.296772e+001
+4.784793e+004	   -1.315264e+001
+4.790181e+004	   -1.346261e+001
+4.795575e+004	   -1.334967e+001
+4.800975e+004	   -1.313226e+001
+4.806381e+004	   -1.342022e+001
+4.811793e+004	   -1.319822e+001
+4.817211e+004	   -1.308459e+001
+4.822636e+004	   -1.315054e+001
+4.828066e+004	   -1.286172e+001
+4.833503e+004	   -1.317009e+001
+4.838946e+004	   -1.342900e+001
+4.844395e+004	   -1.317779e+001
+4.849849e+004	   -1.318663e+001
+4.855311e+004	   -1.346252e+001
+4.860778e+004	   -1.324535e+001
+4.866251e+004	   -1.319076e+001
+4.871731e+004	   -1.323146e+001
+4.877216e+004	   -1.319703e+001
+4.882709e+004	   -1.304837e+001
+4.888207e+004	   -1.339502e+001
+4.893711e+004	   -1.332890e+001
+4.899221e+004	   -1.337956e+001
+4.904738e+004	   -1.318950e+001
+4.910261e+004	   -1.317855e+001
+4.915790e+004	   -1.279674e+001
+4.921326e+004	   -1.301727e+001
+4.926867e+004	   -1.329368e+001
+4.932415e+004	   -1.314048e+001
+4.937969e+004	   -1.329472e+001
+4.943530e+004	   -1.295170e+001
+4.949096e+004	   -1.350464e+001
+4.954669e+004	   -1.326800e+001
+4.960248e+004	   -1.321131e+001
+4.965834e+004	   -1.345181e+001
+4.971425e+004	   -1.358107e+001
+4.977023e+004	   -1.317299e+001
+4.982628e+004	   -1.308221e+001
+4.988239e+004	   -1.331101e+001
+4.993855e+004	   -1.323191e+001
+4.999479e+004	   -1.323658e+001
+5.005109e+004	   -1.343891e+001
+5.010745e+004	   -1.334551e+001
+5.016387e+004	   -1.336895e+001
+5.022035e+004	   -1.298234e+001
+5.027690e+004	   -1.297456e+001
+5.033352e+004	   -1.347459e+001
+5.039020e+004	   -1.355759e+001
+5.044694e+004	   -1.343888e+001
+5.050374e+004	   -1.362742e+001
+5.056061e+004	   -1.317658e+001
+5.061754e+004	   -1.316162e+001
+5.067454e+004	   -1.364373e+001
+5.073161e+004	   -1.337818e+001
+5.078873e+004	   -1.329373e+001
+5.084592e+004	   -1.320004e+001
+5.090318e+004	   -1.313553e+001
+5.096049e+004	   -1.320348e+001
+5.101788e+004	   -1.359996e+001
+5.107532e+004	   -1.348017e+001
+5.113284e+004	   -1.352516e+001
+5.119042e+004	   -1.349764e+001
+5.124806e+004	   -1.334092e+001
+5.130577e+004	   -1.362840e+001
+5.136354e+004	   -1.379307e+001
+5.142138e+004	   -1.374099e+001
+5.147928e+004	   -1.357402e+001
+5.153725e+004	   -1.375616e+001
+5.159528e+004	   -1.374122e+001
+5.165338e+004	   -1.335419e+001
+5.171154e+004	   -1.350095e+001
+5.176977e+004	   -1.362307e+001
+5.182807e+004	   -1.358485e+001
+5.188643e+004	   -1.337208e+001
+5.194485e+004	   -1.388772e+001
+5.200334e+004	   -1.367393e+001
+5.206190e+004	   -1.379257e+001
+5.212053e+004	   -1.367328e+001
+5.217922e+004	   -1.373826e+001
+5.223797e+004	   -1.360680e+001
+5.229679e+004	   -1.374656e+001
+5.235568e+004	   -1.378792e+001
+5.241464e+004	   -1.372443e+001
+5.247366e+004	   -1.400216e+001
+5.253275e+004	   -1.374321e+001
+5.259190e+004	   -1.366920e+001
+5.265112e+004	   -1.391674e+001
+5.271041e+004	   -1.377561e+001
+5.276976e+004	   -1.389348e+001
+5.282918e+004	   -1.394947e+001
+5.288867e+004	   -1.413800e+001
+5.294823e+004	   -1.410373e+001
+5.300785e+004	   -1.379231e+001
+5.306754e+004	   -1.386747e+001
+5.312729e+004	   -1.428818e+001
+5.318712e+004	   -1.420403e+001
+5.324701e+004	   -1.386529e+001
+5.330696e+004	   -1.393538e+001
+5.336699e+004	   -1.422575e+001
+5.342709e+004	   -1.436664e+001
+5.348725e+004	   -1.415499e+001
+5.354748e+004	   -1.448658e+001
+5.360777e+004	   -1.405056e+001
+5.366814e+004	   -1.422766e+001
+5.372857e+004	   -1.404817e+001
+5.378907e+004	   -1.422956e+001
+5.384964e+004	   -1.448838e+001
+5.391028e+004	   -1.439569e+001
+5.397098e+004	   -1.427532e+001
+5.403175e+004	   -1.429113e+001
+5.409260e+004	   -1.442935e+001
+5.415351e+004	   -1.434503e+001
+5.421448e+004	   -1.421927e+001
+5.427554e+004	   -1.434925e+001
+5.433665e+004	   -1.469923e+001
+5.439784e+004	   -1.444318e+001
+5.445909e+004	   -1.455525e+001
+5.452041e+004	   -1.427494e+001
+5.458180e+004	   -1.484203e+001
+5.464327e+004	   -1.456864e+001
+5.470480e+004	   -1.461940e+001
+5.476640e+004	   -1.453157e+001
+5.482807e+004	   -1.470271e+001
+5.488980e+004	   -1.435508e+001
+5.495161e+004	   -1.455519e+001
+5.501349e+004	   -1.501484e+001
+5.507544e+004	   -1.480919e+001
+5.513746e+004	   -1.480669e+001
+5.519954e+004	   -1.471058e+001
+5.526170e+004	   -1.485280e+001
+5.532393e+004	   -1.469783e+001
+5.538622e+004	   -1.488558e+001
+5.544859e+004	   -1.489931e+001
+5.551103e+004	   -1.475727e+001
+5.557354e+004	   -1.476379e+001
+5.563611e+004	   -1.469427e+001
+5.569876e+004	   -1.501556e+001
+5.576148e+004	   -1.493389e+001
+5.582427e+004	   -1.497466e+001
+5.588713e+004	   -1.515212e+001
+5.595006e+004	   -1.506641e+001
+5.601307e+004	   -1.499603e+001
+5.607614e+004	   -1.494919e+001
+5.613928e+004	   -1.517116e+001
+5.620250e+004	   -1.529381e+001
+5.626579e+004	   -1.523352e+001
+5.632914e+004	   -1.516778e+001
+5.639257e+004	   -1.535763e+001
+5.645607e+004	   -1.530076e+001
+5.651964e+004	   -1.526047e+001
+5.658329e+004	   -1.511045e+001
+5.664700e+004	   -1.565618e+001
+5.671079e+004	   -1.558034e+001
+5.677465e+004	   -1.523896e+001
+5.683858e+004	   -1.517702e+001
+5.690258e+004	   -1.523079e+001
+5.696666e+004	   -1.566487e+001
+5.703080e+004	   -1.541872e+001
+5.709502e+004	   -1.521300e+001
+5.715931e+004	   -1.561963e+001
+5.722368e+004	   -1.566956e+001
+5.728811e+004	   -1.565627e+001
+5.735262e+004	   -1.560913e+001
+5.741720e+004	   -1.561139e+001
+5.748186e+004	   -1.582011e+001
+5.754659e+004	   -1.562146e+001
+5.761138e+004	   -1.563230e+001
+5.767626e+004	   -1.559986e+001
+5.774120e+004	   -1.596159e+001
+5.780622e+004	   -1.548223e+001
+5.787131e+004	   -1.599944e+001
+5.793648e+004	   -1.592844e+001
+5.800172e+004	   -1.593597e+001
+5.806703e+004	   -1.605345e+001
+5.813242e+004	   -1.611259e+001
+5.819788e+004	   -1.596989e+001
+5.826341e+004	   -1.589594e+001
+5.832902e+004	   -1.596756e+001
+5.839470e+004	   -1.611534e+001
+5.846045e+004	   -1.630376e+001
+5.852628e+004	   -1.609872e+001
+5.859218e+004	   -1.638241e+001
+5.865816e+004	   -1.643206e+001
+5.872421e+004	   -1.605002e+001
+5.879034e+004	   -1.604910e+001
+5.885654e+004	   -1.622196e+001
+5.892281e+004	   -1.605479e+001
+5.898916e+004	   -1.628762e+001
+5.905559e+004	   -1.618718e+001
+5.912209e+004	   -1.638311e+001
+5.918866e+004	   -1.633504e+001
+5.925531e+004	   -1.621869e+001
+5.932204e+004	   -1.656889e+001
+5.938883e+004	   -1.674212e+001
+5.945571e+004	   -1.622930e+001
+5.952266e+004	   -1.647300e+001
+5.958968e+004	   -1.644570e+001
+5.965678e+004	   -1.668100e+001
+5.972396e+004	   -1.694777e+001
+5.979121e+004	   -1.671710e+001
+5.985854e+004	   -1.645135e+001
+5.992594e+004	   -1.675300e+001
+5.999342e+004	   -1.676457e+001
+6.006098e+004	   -1.660076e+001
+6.012861e+004	   -1.715522e+001
+6.019631e+004	   -1.688289e+001
+6.026410e+004	   -1.718637e+001
+6.033196e+004	   -1.724246e+001
+6.039989e+004	   -1.728228e+001
+6.046791e+004	   -1.716087e+001
+6.053600e+004	   -1.662346e+001
+6.060416e+004	   -1.699504e+001
+6.067240e+004	   -1.703301e+001
+6.074072e+004	   -1.729327e+001
+6.080912e+004	   -1.721984e+001
+6.087759e+004	   -1.684515e+001
+6.094614e+004	   -1.739219e+001
+6.101477e+004	   -1.706112e+001
+6.108348e+004	   -1.692044e+001
+6.115226e+004	   -1.754822e+001
+6.122112e+004	   -1.723228e+001
+6.129006e+004	   -1.723802e+001
+6.135907e+004	   -1.712501e+001
+6.142816e+004	   -1.739762e+001
+6.149734e+004	   -1.737431e+001
+6.156659e+004	   -1.765089e+001
+6.163591e+004	   -1.718412e+001
+6.170532e+004	   -1.742796e+001
+6.177480e+004	   -1.750214e+001
+6.184436e+004	   -1.787173e+001
+6.191400e+004	   -1.795029e+001
+6.198372e+004	   -1.765620e+001
+6.205351e+004	   -1.758482e+001
+6.212339e+004	   -1.780653e+001
+6.219334e+004	   -1.784849e+001
+6.226338e+004	   -1.776005e+001
+6.233348e+004	   -1.802582e+001
+6.240368e+004	   -1.786827e+001
+6.247395e+004	   -1.780415e+001
+6.254429e+004	   -1.782820e+001
+6.261472e+004	   -1.785590e+001
+6.268523e+004	   -1.788839e+001
+6.275581e+004	   -1.790038e+001
+6.282648e+004	   -1.785089e+001
+6.289722e+004	   -1.786209e+001
+6.296805e+004	   -1.820430e+001
+6.303895e+004	   -1.780295e+001
+6.310994e+004	   -1.802174e+001
+6.318100e+004	   -1.829715e+001
+6.325215e+004	   -1.823196e+001
+6.332337e+004	   -1.800110e+001
+6.339468e+004	   -1.839591e+001
+6.346606e+004	   -1.839485e+001
+6.353753e+004	   -1.821897e+001
+6.360907e+004	   -1.819407e+001
+6.368070e+004	   -1.835105e+001
+6.375241e+004	   -1.854308e+001
+6.382420e+004	   -1.851505e+001
+6.389606e+004	   -1.854573e+001
+6.396801e+004	   -1.842842e+001
+6.404004e+004	   -1.882088e+001
+6.411216e+004	   -1.880360e+001
+6.418435e+004	   -1.841316e+001
+6.425662e+004	   -1.854045e+001
+6.432898e+004	   -1.870342e+001
+6.440141e+004	   -1.849278e+001
+6.447393e+004	   -1.887944e+001
+6.454654e+004	   -1.858991e+001
+6.461921e+004	   -1.875096e+001
+6.469198e+004	   -1.866383e+001
+6.476482e+004	   -1.889077e+001
+6.483775e+004	   -1.879728e+001
+6.491076e+004	   -1.886535e+001
+6.498386e+004	   -1.902131e+001
+6.505703e+004	   -1.904062e+001
+6.513029e+004	   -1.887282e+001
+6.520363e+004	   -1.899850e+001
+6.527705e+004	   -1.932365e+001
+6.535055e+004	   -1.892717e+001
+6.542414e+004	   -1.912097e+001
+6.549781e+004	   -1.901786e+001
+6.557156e+004	   -1.918813e+001
+6.564540e+004	   -1.926483e+001
+6.571932e+004	   -1.939891e+001
+6.579332e+004	   -1.922279e+001
+6.586741e+004	   -1.955986e+001
+6.594158e+004	   -1.931156e+001
+6.601583e+004	   -1.928613e+001
+6.609016e+004	   -1.927900e+001
+6.616459e+004	   -1.914501e+001
+6.623909e+004	   -1.962405e+001
+6.631368e+004	   -1.961699e+001
+6.638835e+004	   -1.954672e+001
+6.646311e+004	   -1.951155e+001
+6.653795e+004	   -1.962731e+001
+6.661288e+004	   -1.976688e+001
+6.668788e+004	   -1.966863e+001
+6.676298e+004	   -1.954043e+001
+6.683816e+004	   -1.963775e+001
+6.691341e+004	   -1.951031e+001
+6.698877e+004	   -1.998323e+001
+6.706420e+004	   -1.983180e+001
+6.713971e+004	   -1.947997e+001
+6.721531e+004	   -1.986606e+001
+6.729100e+004	   -1.973040e+001
+6.736677e+004	   -2.008585e+001
+6.744263e+004	   -1.982458e+001
+6.751858e+004	   -2.012399e+001
+6.759460e+004	   -1.986152e+001
+6.767072e+004	   -1.985452e+001
+6.774691e+004	   -1.996816e+001
+6.782320e+004	   -2.000716e+001
+6.789958e+004	   -2.011370e+001
+6.797603e+004	   -2.015893e+001
+6.805258e+004	   -2.029056e+001
+6.812920e+004	   -2.034800e+001
+6.820592e+004	   -1.995462e+001
+6.828273e+004	   -2.035860e+001
+6.835962e+004	   -2.023053e+001
+6.843659e+004	   -2.030094e+001
+6.851366e+004	   -2.054162e+001
+6.859080e+004	   -2.034752e+001
+6.866804e+004	   -2.077083e+001
+6.874536e+004	   -2.050761e+001
+6.882277e+004	   -2.040379e+001
+6.890027e+004	   -2.039507e+001
+6.897785e+004	   -2.053469e+001
+6.905552e+004	   -2.049347e+001
+6.913328e+004	   -2.070292e+001
+6.921113e+004	   -2.069379e+001
+6.928907e+004	   -2.060296e+001
+6.936709e+004	   -2.088691e+001
+6.944520e+004	   -2.072361e+001
+6.952340e+004	   -2.089124e+001
+6.960169e+004	   -2.096286e+001
+6.968005e+004	   -2.107707e+001
+6.975852e+004	   -2.092232e+001
+6.983707e+004	   -2.087985e+001
+6.991571e+004	   -2.088327e+001
+6.999444e+004	   -2.104466e+001
+7.007326e+004	   -2.101953e+001
+7.015216e+004	   -2.115204e+001
+7.023116e+004	   -2.080861e+001
+7.031024e+004	   -2.128425e+001
+7.038941e+004	   -2.127056e+001
+7.046867e+004	   -2.121228e+001
+7.054802e+004	   -2.112737e+001
+7.062746e+004	   -2.113911e+001
+7.070699e+004	   -2.131731e+001
+7.078661e+004	   -2.148250e+001
+7.086632e+004	   -2.143217e+001
+7.094612e+004	   -2.132382e+001
+7.102601e+004	   -2.141382e+001
+7.110598e+004	   -2.122384e+001
+7.118605e+004	   -2.157287e+001
+7.126621e+004	   -2.151110e+001
+7.134646e+004	   -2.165187e+001
+7.142680e+004	   -2.139310e+001
+7.150723e+004	   -2.154966e+001
+7.158775e+004	   -2.159896e+001
+7.166836e+004	   -2.204998e+001
+7.174906e+004	   -2.152318e+001
+7.182985e+004	   -2.170313e+001
+7.191073e+004	   -2.189748e+001
+7.199171e+004	   -2.197175e+001
+7.207278e+004	   -2.189567e+001
+7.215394e+004	   -2.179355e+001
+7.223518e+004	   -2.198811e+001
+7.231652e+004	   -2.163082e+001
+7.239795e+004	   -2.189227e+001
+7.247948e+004	   -2.199131e+001
+7.256109e+004	   -2.207380e+001
+7.264280e+004	   -2.175368e+001
+7.272460e+004	   -2.203505e+001
+7.280649e+004	   -2.225695e+001
+7.288847e+004	   -2.214356e+001
+7.297055e+004	   -2.210730e+001
+7.305272e+004	   -2.227214e+001
+7.313498e+004	   -2.218818e+001
+7.321733e+004	   -2.246289e+001
+7.329977e+004	   -2.215923e+001
+7.338231e+004	   -2.194638e+001
+7.346495e+004	   -2.236485e+001
+7.354767e+004	   -2.212703e+001
+7.363048e+004	   -2.260160e+001
+7.371340e+004	   -2.238205e+001
+7.379641e+004	   -2.260776e+001
+7.387950e+004	   -2.211755e+001
+7.396270e+004	   -2.242626e+001
+7.404598e+004	   -2.255206e+001
+7.412936e+004	   -2.253035e+001
+7.421283e+004	   -2.289582e+001
+7.429640e+004	   -2.265515e+001
+7.438005e+004	   -2.257896e+001
+7.446381e+004	   -2.295671e+001
+7.454766e+004	   -2.248517e+001
+7.463160e+004	   -2.281134e+001
+7.471564e+004	   -2.281770e+001
+7.479977e+004	   -2.286741e+001
+7.488400e+004	   -2.292962e+001
+7.496833e+004	   -2.253592e+001
+7.505274e+004	   -2.301179e+001
+7.513726e+004	   -2.270837e+001
+7.522186e+004	   -2.284639e+001
+7.530656e+004	   -2.299583e+001
+7.539137e+004	   -2.313736e+001
+7.547626e+004	   -2.316017e+001
+7.556125e+004	   -2.309563e+001
+7.564634e+004	   -2.308026e+001
+7.573152e+004	   -2.317537e+001
+7.581679e+004	   -2.320014e+001
+7.590216e+004	   -2.320557e+001
+7.598763e+004	   -2.318645e+001
+7.607320e+004	   -2.331446e+001
+7.615886e+004	   -2.327368e+001
+7.624462e+004	   -2.341246e+001
+7.633047e+004	   -2.356378e+001
+7.641642e+004	   -2.351135e+001
+7.650247e+004	   -2.339380e+001
+7.658862e+004	   -2.370396e+001
+7.667486e+004	   -2.376560e+001
+7.676120e+004	   -2.333282e+001
+7.684763e+004	   -2.366671e+001
+7.693416e+004	   -2.354912e+001
+7.702080e+004	   -2.357083e+001
+7.710752e+004	   -2.393553e+001
+7.719435e+004	   -2.357307e+001
+7.728127e+004	   -2.386404e+001
+7.736830e+004	   -2.386483e+001
+7.745542e+004	   -2.402203e+001
+7.754264e+004	   -2.390336e+001
+7.762995e+004	   -2.389822e+001
+7.771737e+004	   -2.398608e+001
+7.780488e+004	   -2.385904e+001
+7.789249e+004	   -2.395693e+001
+7.798020e+004	   -2.413620e+001
+7.806801e+004	   -2.369246e+001
+7.815592e+004	   -2.387810e+001
+7.824393e+004	   -2.403910e+001
+7.833203e+004	   -2.371490e+001
+7.842023e+004	   -2.414787e+001
+7.850854e+004	   -2.399916e+001
+7.859695e+004	   -2.418840e+001
+7.868545e+004	   -2.428944e+001
+7.877405e+004	   -2.427457e+001
+7.886276e+004	   -2.449085e+001
+7.895155e+004	   -2.459287e+001
+7.904046e+004	   -2.429933e+001
+7.912946e+004	   -2.458515e+001
+7.921857e+004	   -2.442887e+001
+7.930777e+004	   -2.388443e+001
+7.939707e+004	   -2.483130e+001
+7.948648e+004	   -2.442054e+001
+7.957598e+004	   -2.448221e+001
+7.966559e+004	   -2.463979e+001
+7.975530e+004	   -2.425242e+001
+7.984510e+004	   -2.466650e+001
+7.993502e+004	   -2.472819e+001
+8.002502e+004	   -2.460491e+001
+8.011513e+004	   -2.495676e+001
+8.020534e+004	   -2.479472e+001
+8.029566e+004	   -2.517065e+001
+8.038608e+004	   -2.482501e+001
+8.047659e+004	   -2.519041e+001
+8.056722e+004	   -2.488372e+001
+8.065794e+004	   -2.516315e+001
+8.074877e+004	   -2.488032e+001
+8.083969e+004	   -2.516123e+001
+8.093072e+004	   -2.536568e+001
+8.102185e+004	   -2.502488e+001
+8.111309e+004	   -2.522242e+001
+8.120442e+004	   -2.547894e+001
+8.129586e+004	   -2.503277e+001
+8.138740e+004	   -2.542649e+001
+8.147905e+004	   -2.550416e+001
+8.157080e+004	   -2.526707e+001
+8.166265e+004	   -2.538228e+001
+8.175460e+004	   -2.507878e+001
+8.184666e+004	   -2.525511e+001
+8.193883e+004	   -2.545879e+001
+8.203109e+004	   -2.523616e+001
+8.212346e+004	   -2.553585e+001
+8.221594e+004	   -2.548854e+001
+8.230852e+004	   -2.553369e+001
+8.240120e+004	   -2.571589e+001
+8.249398e+004	   -2.529395e+001
+8.258688e+004	   -2.555093e+001
+8.267988e+004	   -2.562436e+001
+8.277298e+004	   -2.564301e+001
+8.286618e+004	   -2.535194e+001
+8.295949e+004	   -2.588312e+001
+8.305291e+004	   -2.544283e+001
+8.314643e+004	   -2.579614e+001
+8.324005e+004	   -2.586091e+001
+8.333379e+004	   -2.578143e+001
+8.342763e+004	   -2.594800e+001
+8.352157e+004	   -2.590349e+001
+8.361562e+004	   -2.602142e+001
+8.370977e+004	   -2.571023e+001
+8.380403e+004	   -2.614527e+001
+8.389840e+004	   -2.597763e+001
+8.399287e+004	   -2.609901e+001
+8.408745e+004	   -2.637689e+001
+8.418213e+004	   -2.636905e+001
+8.427693e+004	   -2.575177e+001
+8.437183e+004	   -2.651787e+001
+8.446684e+004	   -2.613264e+001
+8.456195e+004	   -2.655262e+001
+8.465716e+004	   -2.642074e+001
+8.475249e+004	   -2.615040e+001
+8.484793e+004	   -2.623003e+001
+8.494347e+004	   -2.625609e+001
+8.503913e+004	   -2.648722e+001
+8.513488e+004	   -2.639286e+001
+8.523074e+004	   -2.639410e+001
+8.532672e+004	   -2.660064e+001
+8.542280e+004	   -2.630143e+001
+8.551899e+004	   -2.610636e+001
+8.561529e+004	   -2.635264e+001
+8.571170e+004	   -2.642896e+001
+8.580821e+004	   -2.665757e+001
+8.590484e+004	   -2.665069e+001
+8.600156e+004	   -2.653635e+001
+8.609841e+004	   -2.677969e+001
+8.619536e+004	   -2.674855e+001
+8.629241e+004	   -2.681864e+001
+8.638959e+004	   -2.701409e+001
+8.648687e+004	   -2.651479e+001
+8.658425e+004	   -2.682868e+001
+8.668175e+004	   -2.687112e+001
+8.677936e+004	   -2.661414e+001
+8.687707e+004	   -2.714631e+001
+8.697490e+004	   -2.715167e+001
+8.707284e+004	   -2.684273e+001
+8.717088e+004	   -2.716761e+001
+8.726905e+004	   -2.700820e+001
+8.736731e+004	   -2.753947e+001
+8.746569e+004	   -2.724977e+001
+8.756418e+004	   -2.702825e+001
+8.766278e+004	   -2.739800e+001
+8.776149e+004	   -2.720304e+001
+8.786032e+004	   -2.705858e+001
+8.795925e+004	   -2.723105e+001
+8.805830e+004	   -2.746614e+001
+8.815745e+004	   -2.719742e+001
+8.825673e+004	   -2.739891e+001
+8.835610e+004	   -2.753846e+001
+8.845559e+004	   -2.732005e+001
+8.855520e+004	   -2.765896e+001
+8.865492e+004	   -2.728013e+001
+8.875475e+004	   -2.761460e+001
+8.885469e+004	   -2.791150e+001
+8.895474e+004	   -2.756574e+001
+8.905491e+004	   -2.791956e+001
+8.915519e+004	   -2.756298e+001
+8.925558e+004	   -2.746329e+001
+8.935609e+004	   -2.789173e+001
+8.945670e+004	   -2.763714e+001
+8.955744e+004	   -2.735619e+001
+8.965828e+004	   -2.777160e+001
+8.975924e+004	   -2.807798e+001
+8.986031e+004	   -2.820286e+001
+8.996150e+004	   -2.800398e+001
+9.006280e+004	   -2.796811e+001
+9.016422e+004	   -2.786750e+001
+9.026574e+004	   -2.772800e+001
+9.036739e+004	   -2.807644e+001
+9.046915e+004	   -2.818065e+001
+9.057102e+004	   -2.773247e+001
+9.067301e+004	   -2.819697e+001
+9.077511e+004	   -2.818269e+001
+9.087732e+004	   -2.817122e+001
+9.097966e+004	   -2.786922e+001
+9.108210e+004	   -2.853100e+001
+9.118466e+004	   -2.822024e+001
+9.128734e+004	   -2.834027e+001
+9.139013e+004	   -2.850417e+001
+9.149305e+004	   -2.818757e+001
+9.159607e+004	   -2.817624e+001
+9.169921e+004	   -2.868015e+001
+9.180247e+004	   -2.821095e+001
+9.190584e+004	   -2.877320e+001
+9.200933e+004	   -2.843950e+001
+9.211294e+004	   -2.850900e+001
+9.221666e+004	   -2.862845e+001
+9.232050e+004	   -2.863088e+001
+9.242445e+004	   -2.862457e+001
+9.252853e+004	   -2.853771e+001
+9.263272e+004	   -2.864932e+001
+9.273703e+004	   -2.876385e+001
+9.284145e+004	   -2.859849e+001
+9.294600e+004	   -2.887099e+001
+9.305066e+004	   -2.886038e+001
+9.315544e+004	   -2.886536e+001
+9.326034e+004	   -2.880498e+001
+9.336535e+004	   -2.881405e+001
+9.347048e+004	   -2.861615e+001
+9.357573e+004	   -2.910369e+001
+9.368110e+004	   -2.943876e+001
+9.378659e+004	   -2.881250e+001
+9.389220e+004	   -2.884009e+001
+9.399793e+004	   -2.903683e+001
+9.410377e+004	   -2.900241e+001
+9.420973e+004	   -2.943636e+001
+9.431582e+004	   -2.885611e+001
+9.442202e+004	   -2.896265e+001
+9.452835e+004	   -2.933471e+001
+9.463479e+004	   -2.928145e+001
+9.474135e+004	   -2.920098e+001
+9.484804e+004	   -2.949132e+001
+9.495484e+004	   -2.948919e+001
+9.506177e+004	   -2.967263e+001
+9.516880e+004	   -2.977908e+001
+9.527597e+004	   -2.928714e+001
+9.538326e+004	   -2.955497e+001
+9.549066e+004	   -2.947321e+001
+9.559819e+004	   -2.991091e+001
+9.570584e+004	   -2.968563e+001
+9.581360e+004	   -2.952666e+001
+9.592149e+004	   -2.971608e+001
+9.602951e+004	   -2.938362e+001
+9.613764e+004	   -2.931730e+001
+9.624589e+004	   -2.978895e+001
+9.635427e+004	   -2.968101e+001
+9.646277e+004	   -2.984022e+001
+9.657139e+004	   -2.940398e+001
+9.668013e+004	   -2.973349e+001
+9.678900e+004	   -2.967102e+001
+9.689798e+004	   -3.009660e+001
+9.700710e+004	   -3.000544e+001
+9.711634e+004	   -3.006470e+001
+9.722569e+004	   -3.014005e+001
+9.733517e+004	   -3.019065e+001
+9.744477e+004	   -2.972538e+001
+9.755450e+004	   -3.020373e+001
+9.766435e+004	   -3.016512e+001
+9.777433e+004	   -3.048468e+001
+9.788442e+004	   -3.029103e+001
+9.799465e+004	   -3.013054e+001
+9.810499e+004	   -3.006734e+001
+9.821546e+004	   -3.053838e+001
+9.832605e+004	   -3.070824e+001
+9.843677e+004	   -3.048323e+001
+9.854762e+004	   -3.048215e+001
+9.865859e+004	   -3.025133e+001
+9.876968e+004	   -3.046189e+001
+9.888090e+004	   -3.046591e+001
+9.899224e+004	   -3.043777e+001
+9.910371e+004	   -3.042624e+001
+9.921531e+004	   -3.091434e+001
+9.932703e+004	   -3.073553e+001
+9.943888e+004	   -3.060950e+001
+9.955085e+004	   -3.109765e+001
+9.966295e+004	   -3.066868e+001
+9.977517e+004	   -3.088266e+001
+9.988752e+004	   -3.080327e+001
+1.000000e+005	   -3.083370e+001
