+1.000000e+003	   +1.615676e+001
+1.002253e+003	   +1.613418e+001
+1.004512e+003	   +1.611446e+001
+1.006775e+003	   +1.609554e+001
+1.009044e+003	   +1.607248e+001
+1.011318e+003	   +1.606316e+001
+1.013596e+003	   +1.606377e+001
+1.015880e+003	   +1.602678e+001
+1.018170e+003	   +1.600937e+001
+1.020464e+003	   +1.597332e+001
+1.022763e+003	   +1.593358e+001
+1.025068e+003	   +1.590173e+001
+1.027378e+003	   +1.595217e+001
+1.029693e+003	   +1.590540e+001
+1.032013e+003	   +1.589213e+001
+1.034339e+003	   +1.585555e+001
+1.036669e+003	   +1.579347e+001
+1.039005e+003	   +1.579166e+001
+1.041347e+003	   +1.584655e+001
+1.043693e+003	   +1.580903e+001
+1.046045e+003	   +1.575070e+001
+1.048402e+003	   +1.580626e+001
+1.050764e+003	   +1.581528e+001
+1.053132e+003	   +1.570697e+001
+1.055505e+003	   +1.572923e+001
+1.057884e+003	   +1.568025e+001
+1.060267e+003	   +1.562808e+001
+1.062657e+003	   +1.566738e+001
+1.065051e+003	   +1.564569e+001
+1.067451e+003	   +1.564785e+001
+1.069856e+003	   +1.560874e+001
+1.072267e+003	   +1.566601e+001
+1.074683e+003	   +1.545640e+001
+1.077105e+003	   +1.545980e+001
+1.079532e+003	   +1.546799e+001
+1.081965e+003	   +1.551652e+001
+1.084403e+003	   +1.548636e+001
+1.086846e+003	   +1.548461e+001
+1.089295e+003	   +1.538522e+001
+1.091750e+003	   +1.536290e+001
+1.094210e+003	   +1.536316e+001
+1.096676e+003	   +1.533504e+001
+1.099147e+003	   +1.534052e+001
+1.101624e+003	   +1.530199e+001
+1.104106e+003	   +1.532108e+001
+1.106594e+003	   +1.531485e+001
+1.109087e+003	   +1.531017e+001
+1.111587e+003	   +1.533583e+001
+1.114091e+003	   +1.523729e+001
+1.116602e+003	   +1.524417e+001
+1.119118e+003	   +1.521426e+001
+1.121640e+003	   +1.528769e+001
+1.124167e+003	   +1.516728e+001
+1.126700e+003	   +1.522897e+001
+1.129239e+003	   +1.513892e+001
+1.131784e+003	   +1.509760e+001
+1.134334e+003	   +1.504986e+001
+1.136890e+003	   +1.509966e+001
+1.139452e+003	   +1.514629e+001
+1.142020e+003	   +1.511173e+001
+1.144593e+003	   +1.507567e+001
+1.147172e+003	   +1.497706e+001
+1.149757e+003	   +1.500426e+001
+1.152348e+003	   +1.495027e+001
+1.154944e+003	   +1.493844e+001
+1.157547e+003	   +1.497793e+001
+1.160155e+003	   +1.490482e+001
+1.162770e+003	   +1.493480e+001
+1.165390e+003	   +1.488576e+001
+1.168016e+003	   +1.485588e+001
+1.170648e+003	   +1.483709e+001
+1.173286e+003	   +1.484325e+001
+1.175929e+003	   +1.481786e+001
+1.178579e+003	   +1.482702e+001
+1.181235e+003	   +1.477811e+001
+1.183897e+003	   +1.476163e+001
+1.186564e+003	   +1.473210e+001
+1.189238e+003	   +1.472181e+001
+1.191918e+003	   +1.470166e+001
+1.194604e+003	   +1.468712e+001
+1.197296e+003	   +1.466154e+001
+1.199994e+003	   +1.464686e+001
+1.202698e+003	   +1.462256e+001
+1.205408e+003	   +1.460750e+001
+1.208124e+003	   +1.457637e+001
+1.210846e+003	   +1.456511e+001
+1.213575e+003	   +1.454212e+001
+1.216309e+003	   +1.454526e+001
+1.219050e+003	   +1.453391e+001
+1.221797e+003	   +1.450640e+001
+1.224550e+003	   +1.445905e+001
+1.227309e+003	   +1.444950e+001
+1.230075e+003	   +1.441086e+001
+1.232847e+003	   +1.445158e+001
+1.235625e+003	   +1.442762e+001
+1.238409e+003	   +1.442557e+001
+1.241200e+003	   +1.433395e+001
+1.243996e+003	   +1.429855e+001
+1.246800e+003	   +1.434473e+001
+1.249609e+003	   +1.426895e+001
+1.252425e+003	   +1.425319e+001
+1.255247e+003	   +1.423911e+001
+1.258076e+003	   +1.421781e+001
+1.260911e+003	   +1.419790e+001
+1.263752e+003	   +1.421011e+001
+1.266599e+003	   +1.412080e+001
+1.269453e+003	   +1.410189e+001
+1.272314e+003	   +1.425032e+001
+1.275181e+003	   +1.417815e+001
+1.278054e+003	   +1.421691e+001
+1.280934e+003	   +1.410740e+001
+1.283821e+003	   +1.409845e+001
+1.286714e+003	   +1.402015e+001
+1.289613e+003	   +1.400274e+001
+1.292519e+003	   +1.411165e+001
+1.295432e+003	   +1.399127e+001
+1.298351e+003	   +1.401597e+001
+1.301276e+003	   +1.401361e+001
+1.304208e+003	   +1.405736e+001
+1.307147e+003	   +1.404597e+001
+1.310093e+003	   +1.383405e+001
+1.313045e+003	   +1.389576e+001
+1.316004e+003	   +1.384784e+001
+1.318969e+003	   +1.388453e+001
+1.321941e+003	   +1.384752e+001
+1.324920e+003	   +1.380376e+001
+1.327905e+003	   +1.384839e+001
+1.330898e+003	   +1.381262e+001
+1.333897e+003	   +1.388497e+001
+1.336902e+003	   +1.365983e+001
+1.339915e+003	   +1.361958e+001
+1.342934e+003	   +1.377578e+001
+1.345960e+003	   +1.358173e+001
+1.348993e+003	   +1.370065e+001
+1.352033e+003	   +1.366822e+001
+1.355080e+003	   +1.369660e+001
+1.358133e+003	   +1.361741e+001
+1.361193e+003	   +1.350535e+001
+1.364261e+003	   +1.366049e+001
+1.367335e+003	   +1.355071e+001
+1.370416e+003	   +1.341726e+001
+1.373504e+003	   +1.352545e+001
+1.376599e+003	   +1.348486e+001
+1.379701e+003	   +1.342488e+001
+1.382810e+003	   +1.344791e+001
+1.385926e+003	   +1.332737e+001
+1.389049e+003	   +1.343977e+001
+1.392179e+003	   +1.348902e+001
+1.395316e+003	   +1.344599e+001
+1.398460e+003	   +1.335303e+001
+1.401611e+003	   +1.330729e+001
+1.404770e+003	   +1.332983e+001
+1.407935e+003	   +1.331252e+001
+1.411108e+003	   +1.337806e+001
+1.414287e+003	   +1.324480e+001
+1.417474e+003	   +1.332148e+001
+1.420668e+003	   +1.326491e+001
+1.423870e+003	   +1.326327e+001
+1.427078e+003	   +1.316356e+001
+1.430294e+003	   +1.322578e+001
+1.433517e+003	   +1.313220e+001
+1.436747e+003	   +1.317988e+001
+1.439984e+003	   +1.317303e+001
+1.443229e+003	   +1.312856e+001
+1.446481e+003	   +1.310110e+001
+1.449741e+003	   +1.303067e+001
+1.453007e+003	   +1.306906e+001
+1.456282e+003	   +1.303853e+001
+1.459563e+003	   +1.305420e+001
+1.462852e+003	   +1.301733e+001
+1.466148e+003	   +1.298710e+001
+1.469452e+003	   +1.297454e+001
+1.472763e+003	   +1.292497e+001
+1.476082e+003	   +1.294359e+001
+1.479408e+003	   +1.289596e+001
+1.482742e+003	   +1.288708e+001
+1.486083e+003	   +1.288116e+001
+1.489432e+003	   +1.284587e+001
+1.492788e+003	   +1.283489e+001
+1.496151e+003	   +1.281696e+001
+1.499523e+003	   +1.278872e+001
+1.502902e+003	   +1.277329e+001
+1.506288e+003	   +1.276720e+001
+1.509682e+003	   +1.275764e+001
+1.513084e+003	   +1.272989e+001
+1.516494e+003	   +1.270509e+001
+1.519911e+003	   +1.266600e+001
+1.523336e+003	   +1.269510e+001
+1.526769e+003	   +1.266627e+001
+1.530209e+003	   +1.260148e+001
+1.533657e+003	   +1.262233e+001
+1.537113e+003	   +1.257499e+001
+1.540577e+003	   +1.260450e+001
+1.544048e+003	   +1.254545e+001
+1.547527e+003	   +1.255594e+001
+1.551014e+003	   +1.252682e+001
+1.554509e+003	   +1.248049e+001
+1.558012e+003	   +1.245689e+001
+1.561523e+003	   +1.251293e+001
+1.565042e+003	   +1.250702e+001
+1.568568e+003	   +1.244603e+001
+1.572103e+003	   +1.239778e+001
+1.575645e+003	   +1.240588e+001
+1.579196e+003	   +1.230198e+001
+1.582754e+003	   +1.238334e+001
+1.586321e+003	   +1.235416e+001
+1.589895e+003	   +1.233588e+001
+1.593478e+003	   +1.233084e+001
+1.597069e+003	   +1.236915e+001
+1.600667e+003	   +1.228818e+001
+1.604274e+003	   +1.233488e+001
+1.607889e+003	   +1.230006e+001
+1.611512e+003	   +1.219725e+001
+1.615144e+003	   +1.225870e+001
+1.618783e+003	   +1.224863e+001
+1.622431e+003	   +1.210201e+001
+1.626087e+003	   +1.212564e+001
+1.629751e+003	   +1.213582e+001
+1.633423e+003	   +1.210965e+001
+1.637104e+003	   +1.202843e+001
+1.640793e+003	   +1.207377e+001
+1.644490e+003	   +1.213894e+001
+1.648196e+003	   +1.214810e+001
+1.651910e+003	   +1.203535e+001
+1.655632e+003	   +1.197175e+001
+1.659363e+003	   +1.192323e+001
+1.663102e+003	   +1.187930e+001
+1.666849e+003	   +1.188489e+001
+1.670605e+003	   +1.193838e+001
+1.674370e+003	   +1.188307e+001
+1.678143e+003	   +1.201603e+001
+1.681924e+003	   +1.191257e+001
+1.685714e+003	   +1.187420e+001
+1.689513e+003	   +1.192706e+001
+1.693320e+003	   +1.194203e+001
+1.697135e+003	   +1.171926e+001
+1.700960e+003	   +1.181116e+001
+1.704793e+003	   +1.182197e+001
+1.708634e+003	   +1.179418e+001
+1.712484e+003	   +1.170453e+001
+1.716343e+003	   +1.159161e+001
+1.720211e+003	   +1.149824e+001
+1.724087e+003	   +1.164363e+001
+1.727972e+003	   +1.159675e+001
+1.731866e+003	   +1.164344e+001
+1.735768e+003	   +1.158397e+001
+1.739679e+003	   +1.174645e+001
+1.743599e+003	   +1.168587e+001
+1.747528e+003	   +1.150494e+001
+1.751466e+003	   +1.149852e+001
+1.755413e+003	   +1.157877e+001
+1.759368e+003	   +1.142798e+001
+1.763333e+003	   +1.152168e+001
+1.767306e+003	   +1.144728e+001
+1.771289e+003	   +1.137483e+001
+1.775280e+003	   +1.137000e+001
+1.779280e+003	   +1.125211e+001
+1.783290e+003	   +1.139365e+001
+1.787308e+003	   +1.134410e+001
+1.791335e+003	   +1.144722e+001
+1.795372e+003	   +1.131881e+001
+1.799418e+003	   +1.134719e+001
+1.803472e+003	   +1.129626e+001
+1.807536e+003	   +1.122862e+001
+1.811609e+003	   +1.120742e+001
+1.815691e+003	   +1.124229e+001
+1.819783e+003	   +1.127438e+001
+1.823883e+003	   +1.117068e+001
+1.827993e+003	   +1.111944e+001
+1.832112e+003	   +1.109283e+001
+1.836241e+003	   +1.115966e+001
+1.840378e+003	   +1.108548e+001
+1.844526e+003	   +1.102567e+001
+1.848682e+003	   +1.115950e+001
+1.852848e+003	   +1.116674e+001
+1.857023e+003	   +1.101576e+001
+1.861207e+003	   +1.104825e+001
+1.865401e+003	   +1.101566e+001
+1.869604e+003	   +1.094523e+001
+1.873817e+003	   +1.096554e+001
+1.878040e+003	   +1.095755e+001
+1.882272e+003	   +1.086995e+001
+1.886513e+003	   +1.091685e+001
+1.890764e+003	   +1.089805e+001
+1.895025e+003	   +1.089221e+001
+1.899295e+003	   +1.089051e+001
+1.903575e+003	   +1.090604e+001
+1.907864e+003	   +1.079377e+001
+1.912163e+003	   +1.086167e+001
+1.916472e+003	   +1.079552e+001
+1.920790e+003	   +1.076005e+001
+1.925119e+003	   +1.077929e+001
+1.929457e+003	   +1.074172e+001
+1.933804e+003	   +1.071497e+001
+1.938162e+003	   +1.067982e+001
+1.942529e+003	   +1.070212e+001
+1.946906e+003	   +1.062703e+001
+1.951293e+003	   +1.064422e+001
+1.955690e+003	   +1.061089e+001
+1.960097e+003	   +1.063496e+001
+1.964514e+003	   +1.058694e+001
+1.968941e+003	   +1.054548e+001
+1.973377e+003	   +1.056799e+001
+1.977824e+003	   +1.052091e+001
+1.982281e+003	   +1.051400e+001
+1.986748e+003	   +1.049522e+001
+1.991224e+003	   +1.048510e+001
+1.995711e+003	   +1.045195e+001
+2.000208e+003	   +1.043964e+001
+2.004716e+003	   +1.042533e+001
+2.009233e+003	   +1.040733e+001
+2.013760e+003	   +1.039620e+001
+2.018298e+003	   +1.036995e+001
+2.022846e+003	   +1.035031e+001
+2.027404e+003	   +1.030639e+001
+2.031973e+003	   +1.030881e+001
+2.036552e+003	   +1.028562e+001
+2.041141e+003	   +1.025500e+001
+2.045740e+003	   +1.026406e+001
+2.050350e+003	   +1.025541e+001
+2.054970e+003	   +1.026455e+001
+2.059601e+003	   +1.018232e+001
+2.064241e+003	   +1.015390e+001
+2.068893e+003	   +1.014217e+001
+2.073555e+003	   +1.014421e+001
+2.078227e+003	   +1.019688e+001
+2.082910e+003	   +1.011903e+001
+2.087604e+003	   +1.013249e+001
+2.092308e+003	   +1.012683e+001
+2.097023e+003	   +1.007212e+001
+2.101748e+003	   +9.979964e+000
+2.106484e+003	   +1.000544e+001
+2.111231e+003	   +1.003337e+001
+2.115988e+003	   +1.004462e+001
+2.120756e+003	   +9.942535e+000
+2.125535e+003	   +1.002202e+001
+2.130324e+003	   +9.957005e+000
+2.135125e+003	   +9.872296e+000
+2.139936e+003	   +9.852596e+000
+2.144758e+003	   +9.851727e+000
+2.149591e+003	   +9.887601e+000
+2.154435e+003	   +9.851274e+000
+2.159289e+003	   +9.827518e+000
+2.164155e+003	   +9.712073e+000
+2.169032e+003	   +9.874431e+000
+2.173919e+003	   +9.749974e+000
+2.178818e+003	   +9.674947e+000
+2.183728e+003	   +9.687455e+000
+2.188648e+003	   +9.780770e+000
+2.193580e+003	   +9.697126e+000
+2.198523e+003	   +9.618249e+000
+2.203477e+003	   +9.666406e+000
+2.208442e+003	   +9.759664e+000
+2.213418e+003	   +9.539145e+000
+2.218406e+003	   +9.682412e+000
+2.223405e+003	   +9.699184e+000
+2.228415e+003	   +9.599402e+000
+2.233437e+003	   +9.623844e+000
+2.238469e+003	   +9.563447e+000
+2.243513e+003	   +9.410911e+000
+2.248569e+003	   +9.470575e+000
+2.253635e+003	   +9.294480e+000
+2.258714e+003	   +9.451941e+000
+2.263803e+003	   +9.524792e+000
+2.268905e+003	   +9.357860e+000
+2.274017e+003	   +9.312986e+000
+2.279141e+003	   +9.417830e+000
+2.284277e+003	   +9.375865e+000
+2.289424e+003	   +9.303314e+000
+2.294583e+003	   +9.379016e+000
+2.299754e+003	   +9.495901e+000
+2.304936e+003	   +9.392021e+000
+2.310130e+003	   +9.375415e+000
+2.315335e+003	   +9.161330e+000
+2.320552e+003	   +9.289829e+000
+2.325781e+003	   +9.126494e+000
+2.331022e+003	   +9.093039e+000
+2.336275e+003	   +9.019855e+000
+2.341539e+003	   +9.274488e+000
+2.346816e+003	   +8.960184e+000
+2.352104e+003	   +9.054327e+000
+2.357404e+003	   +9.265510e+000
+2.362716e+003	   +9.290083e+000
+2.368040e+003	   +9.232207e+000
+2.373376e+003	   +8.930285e+000
+2.378724e+003	   +8.837481e+000
+2.384084e+003	   +9.003429e+000
+2.389457e+003	   +8.936338e+000
+2.394841e+003	   +8.970738e+000
+2.400237e+003	   +8.822802e+000
+2.405646e+003	   +8.964136e+000
+2.411066e+003	   +8.914807e+000
+2.416500e+003	   +8.859825e+000
+2.421945e+003	   +8.854804e+000
+2.427402e+003	   +8.837076e+000
+2.432872e+003	   +8.921311e+000
+2.438354e+003	   +8.856980e+000
+2.443849e+003	   +8.852456e+000
+2.449355e+003	   +8.801952e+000
+2.454875e+003	   +8.801455e+000
+2.460406e+003	   +8.785118e+000
+2.465950e+003	   +8.808013e+000
+2.471507e+003	   +8.804857e+000
+2.477076e+003	   +8.665234e+000
+2.482658e+003	   +8.749099e+000
+2.488252e+003	   +8.679672e+000
+2.493859e+003	   +8.728421e+000
+2.499479e+003	   +8.608419e+000
+2.505111e+003	   +8.779000e+000
+2.510756e+003	   +8.482028e+000
+2.516414e+003	   +8.447933e+000
+2.522084e+003	   +8.769066e+000
+2.527767e+003	   +8.600698e+000
+2.533463e+003	   +8.722525e+000
+2.539172e+003	   +8.357387e+000
+2.544893e+003	   +8.415376e+000
+2.550628e+003	   +8.363350e+000
+2.556375e+003	   +8.425689e+000
+2.562136e+003	   +8.439029e+000
+2.567909e+003	   +8.460163e+000
+2.573696e+003	   +8.355170e+000
+2.579495e+003	   +8.501490e+000
+2.585308e+003	   +8.478840e+000
+2.591133e+003	   +8.439464e+000
+2.596972e+003	   +8.334616e+000
+2.602824e+003	   +8.247365e+000
+2.608689e+003	   +8.469876e+000
+2.614567e+003	   +8.145133e+000
+2.620459e+003	   +8.094331e+000
+2.626364e+003	   +8.368466e+000
+2.632282e+003	   +8.061875e+000
+2.638213e+003	   +8.058805e+000
+2.644158e+003	   +8.322674e+000
+2.650116e+003	   +8.017977e+000
+2.656088e+003	   +8.063574e+000
+2.662073e+003	   +8.313319e+000
+2.668072e+003	   +8.182230e+000
+2.674083e+003	   +8.232344e+000
+2.680109e+003	   +8.035303e+000
+2.686148e+003	   +8.137537e+000
+2.692201e+003	   +8.012186e+000
+2.698268e+003	   +8.127048e+000
+2.704348e+003	   +8.063142e+000
+2.710442e+003	   +8.039754e+000
+2.716549e+003	   +8.016123e+000
+2.722671e+003	   +8.001764e+000
+2.728806e+003	   +7.952701e+000
+2.734955e+003	   +7.992826e+000
+2.741118e+003	   +7.985805e+000
+2.747294e+003	   +7.873903e+000
+2.753485e+003	   +7.923810e+000
+2.759689e+003	   +7.857247e+000
+2.765908e+003	   +7.888669e+000
+2.772141e+003	   +7.784612e+000
+2.778387e+003	   +7.895128e+000
+2.784648e+003	   +7.718150e+000
+2.790923e+003	   +7.731039e+000
+2.797212e+003	   +7.748368e+000
+2.803515e+003	   +7.691642e+000
+2.809832e+003	   +7.638963e+000
+2.816164e+003	   +7.799783e+000
+2.822509e+003	   +7.671440e+000
+2.828869e+003	   +7.742342e+000
+2.835244e+003	   +7.602145e+000
+2.841633e+003	   +7.602713e+000
+2.848036e+003	   +7.597593e+000
+2.854454e+003	   +7.605994e+000
+2.860885e+003	   +7.561385e+000
+2.867332e+003	   +7.603387e+000
+2.873793e+003	   +7.517865e+000
+2.880269e+003	   +7.532467e+000
+2.886759e+003	   +7.507574e+000
+2.893264e+003	   +7.516361e+000
+2.899784e+003	   +7.478783e+000
+2.906318e+003	   +7.492557e+000
+2.912867e+003	   +7.474065e+000
+2.919430e+003	   +7.430674e+000
+2.926009e+003	   +7.444239e+000
+2.932602e+003	   +7.365360e+000
+2.939210e+003	   +7.448915e+000
+2.945833e+003	   +7.432218e+000
+2.952472e+003	   +7.300333e+000
+2.959125e+003	   +7.317471e+000
+2.965792e+003	   +7.273120e+000
+2.972476e+003	   +7.371060e+000
+2.979174e+003	   +7.359266e+000
+2.985887e+003	   +7.177559e+000
+2.992615e+003	   +7.278422e+000
+2.999358e+003	   +7.188965e+000
+3.006117e+003	   +7.279485e+000
+3.012891e+003	   +7.245121e+000
+3.019680e+003	   +7.243675e+000
+3.026484e+003	   +7.230960e+000
+3.033304e+003	   +7.227318e+000
+3.040139e+003	   +7.089084e+000
+3.046990e+003	   +7.037924e+000
+3.053855e+003	   +7.184970e+000
+3.060737e+003	   +7.022885e+000
+3.067634e+003	   +7.068821e+000
+3.074546e+003	   +7.013971e+000
+3.081474e+003	   +7.010859e+000
+3.088418e+003	   +6.999665e+000
+3.095377e+003	   +6.977149e+000
+3.102352e+003	   +6.966607e+000
+3.109343e+003	   +6.968293e+000
+3.116349e+003	   +6.923747e+000
+3.123372e+003	   +6.916628e+000
+3.130410e+003	   +6.937353e+000
+3.137464e+003	   +6.922812e+000
+3.144533e+003	   +6.911453e+000
+3.151619e+003	   +6.911353e+000
+3.158721e+003	   +6.788560e+000
+3.165839e+003	   +6.770770e+000
+3.172972e+003	   +6.781399e+000
+3.180122e+003	   +6.749345e+000
+3.187288e+003	   +6.720927e+000
+3.194470e+003	   +6.775752e+000
+3.201668e+003	   +6.776426e+000
+3.208883e+003	   +6.654049e+000
+3.216114e+003	   +6.625465e+000
+3.223361e+003	   +6.699100e+000
+3.230624e+003	   +6.582901e+000
+3.237904e+003	   +6.571691e+000
+3.245200e+003	   +6.697878e+000
+3.252512e+003	   +6.688708e+000
+3.259842e+003	   +6.524115e+000
+3.267187e+003	   +6.536466e+000
+3.274549e+003	   +6.526275e+000
+3.281928e+003	   +6.519635e+000
+3.289323e+003	   +6.443152e+000
+3.296735e+003	   +6.589478e+000
+3.304164e+003	   +6.581347e+000
+3.311609e+003	   +6.429306e+000
+3.319072e+003	   +6.439148e+000
+3.326551e+003	   +6.441719e+000
+3.334046e+003	   +6.415378e+000
+3.341559e+003	   +6.416896e+000
+3.349089e+003	   +6.418822e+000
+3.356636e+003	   +6.376023e+000
+3.364199e+003	   +6.384375e+000
+3.371780e+003	   +6.330116e+000
+3.379378e+003	   +6.365773e+000
+3.386993e+003	   +6.301497e+000
+3.394625e+003	   +6.349708e+000
+3.402274e+003	   +6.294351e+000
+3.409941e+003	   +6.349314e+000
+3.417625e+003	   +6.202874e+000
+3.425326e+003	   +6.245466e+000
+3.433044e+003	   +6.215050e+000
+3.440780e+003	   +6.226259e+000
+3.448533e+003	   +6.179900e+000
+3.456304e+003	   +6.127551e+000
+3.464092e+003	   +6.247888e+000
+3.471898e+003	   +6.215484e+000
+3.479721e+003	   +6.209260e+000
+3.487563e+003	   +6.154037e+000
+3.495421e+003	   +6.173833e+000
+3.503298e+003	   +6.082415e+000
+3.511192e+003	   +6.137309e+000
+3.519104e+003	   +5.977078e+000
+3.527033e+003	   +5.964409e+000
+3.534981e+003	   +6.083178e+000
+3.542947e+003	   +6.065308e+000
+3.550930e+003	   +5.905595e+000
+3.558932e+003	   +5.886061e+000
+3.566951e+003	   +5.995653e+000
+3.574989e+003	   +5.899073e+000
+3.583044e+003	   +5.949326e+000
+3.591118e+003	   +5.917192e+000
+3.599210e+003	   +5.898857e+000
+3.607321e+003	   +5.872177e+000
+3.615449e+003	   +5.856176e+000
+3.623596e+003	   +5.823606e+000
+3.631761e+003	   +5.791445e+000
+3.639945e+003	   +5.826348e+000
+3.648147e+003	   +5.741470e+000
+3.656368e+003	   +5.819106e+000
+3.664607e+003	   +5.787305e+000
+3.672864e+003	   +5.712797e+000
+3.681141e+003	   +5.743095e+000
+3.689436e+003	   +5.656767e+000
+3.697749e+003	   +5.625721e+000
+3.706081e+003	   +5.727952e+000
+3.714433e+003	   +5.724248e+000
+3.722802e+003	   +5.553509e+000
+3.731191e+003	   +5.552057e+000
+3.739599e+003	   +5.654471e+000
+3.748026e+003	   +5.656215e+000
+3.756471e+003	   +5.504667e+000
+3.764936e+003	   +5.480839e+000
+3.773419e+003	   +5.609921e+000
+3.781922e+003	   +5.594741e+000
+3.790444e+003	   +5.431669e+000
+3.798986e+003	   +5.413773e+000
+3.807546e+003	   +5.567452e+000
+3.816126e+003	   +5.547209e+000
+3.824725e+003	   +5.366818e+000
+3.833343e+003	   +5.374595e+000
+3.841981e+003	   +5.466496e+000
+3.850638e+003	   +5.433705e+000
+3.859315e+003	   +5.360714e+000
+3.868012e+003	   +5.349358e+000
+3.876728e+003	   +5.361974e+000
+3.885463e+003	   +5.357110e+000
+3.894219e+003	   +5.304093e+000
+3.902994e+003	   +5.294673e+000
+3.911789e+003	   +5.308171e+000
+3.920603e+003	   +5.324008e+000
+3.929438e+003	   +5.205541e+000
+3.938292e+003	   +5.295427e+000
+3.947167e+003	   +5.167205e+000
+3.956061e+003	   +5.199031e+000
+3.964975e+003	   +5.166648e+000
+3.973910e+003	   +5.122528e+000
+3.982864e+003	   +5.122100e+000
+3.991839e+003	   +5.081220e+000
+4.000834e+003	   +5.061870e+000
+4.009849e+003	   +5.118559e+000
+4.018885e+003	   +5.031061e+000
+4.027941e+003	   +5.167349e+000
+4.037017e+003	   +5.139607e+000
+4.046114e+003	   +4.993392e+000
+4.055231e+003	   +4.994818e+000
+4.064369e+003	   +5.097724e+000
+4.073528e+003	   +5.084780e+000
+4.082707e+003	   +4.919807e+000
+4.091906e+003	   +4.910213e+000
+4.101127e+003	   +4.924113e+000
+4.110368e+003	   +4.878366e+000
+4.119630e+003	   +4.899922e+000
+4.128914e+003	   +4.882204e+000
+4.138217e+003	   +4.843858e+000
+4.147542e+003	   +4.891003e+000
+4.156888e+003	   +4.887212e+000
+4.166255e+003	   +4.821595e+000
+4.175643e+003	   +4.828358e+000
+4.185052e+003	   +4.845244e+000
+4.194482e+003	   +4.817143e+000
+4.203934e+003	   +4.784942e+000
+4.213407e+003	   +4.754675e+000
+4.222901e+003	   +4.755681e+000
+4.232417e+003	   +4.745787e+000
+4.241954e+003	   +4.695406e+000
+4.251513e+003	   +4.769293e+000
+4.261093e+003	   +4.723227e+000
+4.270695e+003	   +4.700213e+000
+4.280318e+003	   +4.726045e+000
+4.289963e+003	   +4.618998e+000
+4.299630e+003	   +4.692568e+000
+4.309318e+003	   +4.689314e+000
+4.319029e+003	   +4.586936e+000
+4.328761e+003	   +4.543494e+000
+4.338516e+003	   +4.644994e+000
+4.348292e+003	   +4.632973e+000
+4.358090e+003	   +4.552565e+000
+4.367910e+003	   +4.592550e+000
+4.377752e+003	   +4.584918e+000
+4.387617e+003	   +4.442937e+000
+4.397504e+003	   +4.412486e+000
+4.407413e+003	   +4.557299e+000
+4.417345e+003	   +4.438028e+000
+4.427298e+003	   +4.539596e+000
+4.437275e+003	   +4.337170e+000
+4.447273e+003	   +4.341255e+000
+4.457295e+003	   +4.451549e+000
+4.467339e+003	   +4.429090e+000
+4.477405e+003	   +4.361817e+000
+4.487494e+003	   +4.365808e+000
+4.497606e+003	   +4.372220e+000
+4.507741e+003	   +4.302477e+000
+4.517898e+003	   +4.294621e+000
+4.528079e+003	   +4.303488e+000
+4.538282e+003	   +4.286150e+000
+4.548508e+003	   +4.292470e+000
+4.558758e+003	   +4.219581e+000
+4.569030e+003	   +4.217287e+000
+4.579326e+003	   +4.224947e+000
+4.589645e+003	   +4.145728e+000
+4.599987e+003	   +4.145439e+000
+4.610353e+003	   +4.227761e+000
+4.620741e+003	   +4.198589e+000
+4.631153e+003	   +4.123861e+000
+4.641589e+003	   +4.173383e+000
+4.652048e+003	   +4.186404e+000
+4.662531e+003	   +4.031382e+000
+4.673037e+003	   +4.142287e+000
+4.683567e+003	   +3.997853e+000
+4.694121e+003	   +4.149384e+000
+4.704698e+003	   +4.094664e+000
+4.715299e+003	   +4.038398e+000
+4.725925e+003	   +4.080534e+000
+4.736574e+003	   +4.040386e+000
+4.747247e+003	   +3.925645e+000
+4.757944e+003	   +3.925792e+000
+4.768666e+003	   +3.881745e+000
+4.779411e+003	   +3.936454e+000
+4.790181e+003	   +3.952738e+000
+4.800975e+003	   +3.830242e+000
+4.811793e+003	   +3.920094e+000
+4.822636e+003	   +3.858218e+000
+4.833503e+003	   +3.882768e+000
+4.844395e+003	   +3.827070e+000
+4.855311e+003	   +3.813532e+000
+4.866251e+003	   +3.817115e+000
+4.877217e+003	   +3.827316e+000
+4.888207e+003	   +3.810257e+000
+4.899222e+003	   +3.774198e+000
+4.910261e+003	   +3.755127e+000
+4.921326e+003	   +3.744567e+000
+4.932415e+003	   +3.736083e+000
+4.943530e+003	   +3.745482e+000
+4.954669e+003	   +3.669885e+000
+4.965834e+003	   +3.733089e+000
+4.977023e+003	   +3.685734e+000
+4.988239e+003	   +3.667905e+000
+4.999479e+003	   +3.638290e+000
+5.010744e+003	   +3.605119e+000
+5.022035e+003	   +3.654021e+000
+5.033352e+003	   +3.528928e+000
+5.044694e+003	   +3.522093e+000
+5.056061e+003	   +3.643598e+000
+5.067454e+003	   +3.527035e+000
+5.078873e+003	   +3.524596e+000
+5.090317e+003	   +3.613187e+000
+5.101788e+003	   +3.516601e+000
+5.113284e+003	   +3.533985e+000
+5.124806e+003	   +3.550398e+000
+5.136354e+003	   +3.503024e+000
+5.147928e+003	   +3.482827e+000
+5.159528e+003	   +3.486501e+000
+5.171154e+003	   +3.497508e+000
+5.182807e+003	   +3.468181e+000
+5.194485e+003	   +3.441458e+000
+5.206190e+003	   +3.393440e+000
+5.217922e+003	   +3.364720e+000
+5.229680e+003	   +3.357028e+000
+5.241464e+003	   +3.339132e+000
+5.253274e+003	   +3.351110e+000
+5.265112e+003	   +3.334322e+000
+5.276976e+003	   +3.327535e+000
+5.288867e+003	   +3.298361e+000
+5.300785e+003	   +3.315737e+000
+5.312729e+003	   +3.251809e+000
+5.324701e+003	   +3.266114e+000
+5.336699e+003	   +3.275863e+000
+5.348725e+003	   +3.206878e+000
+5.360777e+003	   +3.279774e+000
+5.372857e+003	   +3.262309e+000
+5.384964e+003	   +3.239858e+000
+5.397098e+003	   +3.139946e+000
+5.409260e+003	   +3.239665e+000
+5.421449e+003	   +3.197623e+000
+5.433665e+003	   +3.070863e+000
+5.445909e+003	   +3.213155e+000
+5.458181e+003	   +3.118253e+000
+5.470480e+003	   +3.173597e+000
+5.482807e+003	   +3.054937e+000
+5.495161e+003	   +3.138609e+000
+5.507544e+003	   +3.133296e+000
+5.519954e+003	   +3.083043e+000
+5.532393e+003	   +3.028223e+000
+5.544859e+003	   +2.961322e+000
+5.557354e+003	   +2.921581e+000
+5.569876e+003	   +3.019199e+000
+5.582427e+003	   +2.925692e+000
+5.595006e+003	   +3.024013e+000
+5.607614e+003	   +2.922345e+000
+5.620250e+003	   +2.945141e+000
+5.632914e+003	   +2.907876e+000
+5.645607e+003	   +2.908415e+000
+5.658329e+003	   +2.932052e+000
+5.671079e+003	   +2.876009e+000
+5.683858e+003	   +2.841181e+000
+5.696666e+003	   +2.853541e+000
+5.709502e+003	   +2.855254e+000
+5.722368e+003	   +2.868469e+000
+5.735262e+003	   +2.790491e+000
+5.748186e+003	   +2.776465e+000
+5.761138e+003	   +2.757509e+000
+5.774120e+003	   +2.837257e+000
+5.787131e+003	   +2.732426e+000
+5.800172e+003	   +2.733846e+000
+5.813242e+003	   +2.712729e+000
+5.826341e+003	   +2.746482e+000
+5.839470e+003	   +2.699096e+000
+5.852628e+003	   +2.765493e+000
+5.865816e+003	   +2.771843e+000
+5.879034e+003	   +2.681401e+000
+5.892281e+003	   +2.619675e+000
+5.905559e+003	   +2.616331e+000
+5.918866e+003	   +2.679304e+000
+5.932204e+003	   +2.642281e+000
+5.945571e+003	   +2.547828e+000
+5.958968e+003	   +2.688935e+000
+5.972396e+003	   +2.603607e+000
+5.985854e+003	   +2.528833e+000
+5.999342e+003	   +2.570055e+000
+6.012860e+003	   +2.618052e+000
+6.026410e+003	   +2.521152e+000
+6.039989e+003	   +2.494101e+000
+6.053600e+003	   +2.489419e+000
+6.067240e+003	   +2.449713e+000
+6.080912e+003	   +2.533144e+000
+6.094614e+003	   +2.463434e+000
+6.108348e+003	   +2.486489e+000
+6.122112e+003	   +2.441023e+000
+6.135907e+003	   +2.459094e+000
+6.149733e+003	   +2.474515e+000
+6.163591e+003	   +2.412963e+000
+6.177480e+003	   +2.371043e+000
+6.191400e+003	   +2.357108e+000
+6.205351e+003	   +2.356742e+000
+6.219334e+003	   +2.386677e+000
+6.233349e+003	   +2.404703e+000
+6.247395e+003	   +2.350124e+000
+6.261472e+003	   +2.320443e+000
+6.275581e+003	   +2.290769e+000
+6.289722e+003	   +2.314066e+000
+6.303896e+003	   +2.375987e+000
+6.318100e+003	   +2.223408e+000
+6.332337e+003	   +2.330405e+000
+6.346606e+003	   +2.341486e+000
+6.360907e+003	   +2.304819e+000
+6.375241e+003	   +2.318453e+000
+6.389606e+003	   +2.179296e+000
+6.404004e+003	   +2.271785e+000
+6.418435e+003	   +2.167040e+000
+6.432898e+003	   +2.236162e+000
+6.447393e+003	   +2.254592e+000
+6.461921e+003	   +2.214265e+000
+6.476482e+003	   +2.149307e+000
+6.491076e+003	   +2.105437e+000
+6.505703e+003	   +2.200546e+000
+6.520363e+003	   +2.105103e+000
+6.535055e+003	   +2.085258e+000
+6.549781e+003	   +2.076461e+000
+6.564540e+003	   +2.085119e+000
+6.579332e+003	   +2.069598e+000
+6.594158e+003	   +2.084192e+000
+6.609017e+003	   +2.055736e+000
+6.623909e+003	   +2.025703e+000
+6.638835e+003	   +2.026114e+000
+6.653795e+003	   +2.064708e+000
+6.668788e+003	   +2.027858e+000
+6.683815e+003	   +2.042108e+000
+6.698876e+003	   +1.990925e+000
+6.713971e+003	   +1.941721e+000
+6.729100e+003	   +2.007338e+000
+6.744263e+003	   +1.899874e+000
+6.759460e+003	   +1.910012e+000
+6.774692e+003	   +1.970324e+000
+6.789958e+003	   +1.937356e+000
+6.805258e+003	   +1.914772e+000
+6.820592e+003	   +1.940871e+000
+6.835961e+003	   +1.963796e+000
+6.851365e+003	   +1.812572e+000
+6.866804e+003	   +1.862301e+000
+6.882277e+003	   +1.883475e+000
+6.897785e+003	   +1.793570e+000
+6.913329e+003	   +1.859852e+000
+6.928907e+003	   +1.874336e+000
+6.944520e+003	   +1.819556e+000
+6.960168e+003	   +1.790564e+000
+6.975852e+003	   +1.732736e+000
+6.991571e+003	   +1.766605e+000
+7.007326e+003	   +1.787186e+000
+7.023116e+003	   +1.804033e+000
+7.038941e+003	   +1.682340e+000
+7.054802e+003	   +1.745640e+000
+7.070699e+003	   +1.746174e+000
+7.086632e+003	   +1.688369e+000
+7.102601e+003	   +1.688679e+000
+7.118605e+003	   +1.643115e+000
+7.134646e+003	   +1.676626e+000
+7.150723e+003	   +1.660044e+000
+7.166836e+003	   +1.632367e+000
+7.182985e+003	   +1.669773e+000
+7.199171e+003	   +1.673351e+000
+7.215394e+003	   +1.663937e+000
+7.231652e+003	   +1.649678e+000
+7.247948e+003	   +1.643722e+000
+7.264280e+003	   +1.594222e+000
+7.280649e+003	   +1.591493e+000
+7.297055e+003	   +1.543464e+000
+7.313498e+003	   +1.529815e+000
+7.329978e+003	   +1.533018e+000
+7.346495e+003	   +1.574302e+000
+7.363049e+003	   +1.476177e+000
+7.379640e+003	   +1.536523e+000
+7.396269e+003	   +1.545418e+000
+7.412936e+003	   +1.426390e+000
+7.429640e+003	   +1.552634e+000
+7.446381e+003	   +1.450188e+000
+7.463161e+003	   +1.428128e+000
+7.479978e+003	   +1.510212e+000
+7.496833e+003	   +1.415418e+000
+7.513726e+003	   +1.497414e+000
+7.530657e+003	   +1.348898e+000
+7.547626e+003	   +1.475785e+000
+7.564633e+003	   +1.349365e+000
+7.581679e+003	   +1.434066e+000
+7.598763e+003	   +1.328360e+000
+7.615886e+003	   +1.400258e+000
+7.633047e+003	   +1.339630e+000
+7.650247e+003	   +1.369755e+000
+7.667486e+003	   +1.324940e+000
+7.684763e+003	   +1.324824e+000
+7.702080e+003	   +1.318223e+000
+7.719436e+003	   +1.335927e+000
+7.736830e+003	   +1.311444e+000
+7.754264e+003	   +1.290453e+000
+7.771737e+003	   +1.280209e+000
+7.789249e+003	   +1.279570e+000
+7.806801e+003	   +1.305579e+000
+7.824393e+003	   +1.279247e+000
+7.842024e+003	   +1.198931e+000
+7.859694e+003	   +1.182730e+000
+7.877405e+003	   +1.254070e+000
+7.895156e+003	   +1.234862e+000
+7.912946e+003	   +1.231640e+000
+7.930777e+003	   +1.246834e+000
+7.948648e+003	   +1.245352e+000
+7.966559e+003	   +1.220066e+000
+7.984510e+003	   +1.215097e+000
+8.002502e+003	   +1.146243e+000
+8.020535e+003	   +1.087132e+000
+8.038608e+003	   +1.126782e+000
+8.056722e+003	   +1.179917e+000
+8.074876e+003	   +1.054302e+000
+8.093072e+003	   +1.145036e+000
+8.111308e+003	   +1.011757e+000
+8.129586e+003	   +1.151740e+000
+8.147905e+003	   +1.042576e+000
+8.166265e+003	   +1.047119e+000
+8.184667e+003	   +1.070224e+000
+8.203109e+003	   +1.050629e+000
+8.221594e+003	   +1.056842e+000
+8.240120e+003	   +1.055504e+000
+8.258688e+003	   +9.861639e-001
+8.277298e+003	   +9.672850e-001
+8.295949e+003	   +1.013608e+000
+8.314643e+003	   +9.745733e-001
+8.333379e+003	   +9.683046e-001
+8.352156e+003	   +9.738848e-001
+8.370977e+003	   +9.923694e-001
+8.389840e+003	   +9.265341e-001
+8.408745e+003	   +9.069493e-001
+8.427692e+003	   +9.164883e-001
+8.446684e+003	   +9.571278e-001
+8.465717e+003	   +8.853060e-001
+8.484793e+003	   +8.872371e-001
+8.503912e+003	   +8.358234e-001
+8.523074e+003	   +9.402560e-001
+8.542280e+003	   +8.812294e-001
+8.561528e+003	   +7.855075e-001
+8.580821e+003	   +7.809518e-001
+8.600156e+003	   +8.121734e-001
+8.619536e+003	   +9.009147e-001
+8.638959e+003	   +7.638263e-001
+8.658425e+003	   +8.804994e-001
+8.677936e+003	   +7.928585e-001
+8.697490e+003	   +7.600369e-001
+8.717089e+003	   +7.782436e-001
+8.736731e+003	   +7.968765e-001
+8.756418e+003	   +8.310807e-001
+8.776149e+003	   +7.054502e-001
+8.795925e+003	   +8.044505e-001
+8.815745e+003	   +7.848654e-001
+8.835610e+003	   +7.589717e-001
+8.855521e+003	   +7.457667e-001
+8.875475e+003	   +7.112119e-001
+8.895475e+003	   +7.313280e-001
+8.915519e+003	   +6.799220e-001
+8.935608e+003	   +7.129136e-001
+8.955744e+003	   +6.681749e-001
+8.975924e+003	   +6.647530e-001
+8.996150e+003	   +7.049919e-001
+9.016422e+003	   +6.479182e-001
+9.036739e+003	   +5.967115e-001
+9.057102e+003	   +6.360539e-001
+9.077511e+003	   +6.121260e-001
+9.097966e+003	   +6.307005e-001
+9.118467e+003	   +6.429932e-001
+9.139014e+003	   +6.483539e-001
+9.159606e+003	   +5.743380e-001
+9.180247e+003	   +6.239887e-001
+9.200933e+003	   +6.178330e-001
+9.221666e+003	   +5.854688e-001
+9.242445e+003	   +5.284411e-001
+9.263272e+003	   +5.022969e-001
+9.284146e+003	   +6.202124e-001
+9.305065e+003	   +5.015575e-001
+9.326033e+003	   +5.645931e-001
+9.347048e+003	   +5.788950e-001
+9.368110e+003	   +5.624273e-001
+9.389220e+003	   +4.331717e-001
+9.410377e+003	   +5.362742e-001
+9.431582e+003	   +5.409353e-001
+9.452835e+003	   +5.300465e-001
+9.474136e+003	   +4.158940e-001
+9.495484e+003	   +5.027085e-001
+9.516881e+003	   +4.734558e-001
+9.538325e+003	   +4.653993e-001
+9.559818e+003	   +4.846418e-001
+9.581360e+003	   +4.179848e-001
+9.602950e+003	   +3.887762e-001
+9.624590e+003	   +4.003137e-001
+9.646277e+003	   +4.172887e-001
+9.668014e+003	   +4.048050e-001
+9.689799e+003	   +3.994521e-001
+9.711634e+003	   +3.739093e-001
+9.733517e+003	   +3.513200e-001
+9.755450e+003	   +4.081842e-001
+9.777433e+003	   +3.310771e-001
+9.799465e+003	   +2.992544e-001
+9.821546e+003	   +3.146679e-001
+9.843678e+003	   +3.581219e-001
+9.865858e+003	   +3.260759e-001
+9.888090e+003	   +3.649325e-001
+9.910371e+003	   +3.410879e-001
+9.932703e+003	   +3.207406e-001
+9.955085e+003	   +2.672939e-001
+9.977518e+003	   +2.492448e-001
+1.000000e+004	   +2.201503e-001
+1.002253e+004	   +3.183410e-001
+1.004512e+004	   +2.346221e-001
+1.006775e+004	   +2.893308e-001
+1.009044e+004	   +2.364514e-001
+1.011318e+004	   +3.015041e-001
+1.013596e+004	   +2.418408e-001
+1.015880e+004	   +1.655651e-001
+1.018170e+004	   +2.208436e-001
+1.020464e+004	   +1.446089e-001
+1.022763e+004	   +1.937464e-001
+1.025068e+004	   +1.486892e-001
+1.027378e+004	   +2.203216e-001
+1.029693e+004	   +1.512280e-001
+1.032013e+004	   +1.751386e-001
+1.034339e+004	   +1.400381e-001
+1.036669e+004	   +1.574008e-001
+1.039005e+004	   +1.533531e-001
+1.041347e+004	   +1.317755e-001
+1.043693e+004	   +1.459219e-001
+1.046045e+004	   +1.280795e-001
+1.048402e+004	   +1.396045e-001
+1.050764e+004	   +1.602263e-001
+1.053132e+004	   +7.324950e-002
+1.055505e+004	   +1.101720e-001
+1.057884e+004	   +8.967029e-002
+1.060267e+004	   +5.256424e-002
+1.062657e+004	   +1.182493e-001
+1.065051e+004	   +9.673003e-002
+1.067451e+004	   +1.133464e-001
+1.069856e+004	   +1.149107e-001
+1.072267e+004	   -9.746487e-003
+1.074683e+004	   +2.309689e-002
+1.077105e+004	   -3.090127e-002
+1.079532e+004	   +3.087107e-002
+1.081965e+004	   +1.876209e-002
+1.084403e+004	   +5.477489e-002
+1.086846e+004	   +6.105618e-002
+1.089295e+004	   -5.744493e-002
+1.091750e+004	   +3.695020e-002
+1.094210e+004	   -7.191699e-002
+1.096676e+004	   -8.762056e-003
+1.099147e+004	   -3.218005e-002
+1.101624e+004	   +1.029526e-002
+1.104106e+004	   +1.055798e-002
+1.106594e+004	   -4.586346e-002
+1.109087e+004	   -3.775132e-002
+1.111587e+004	   -7.055712e-002
+1.114091e+004	   -4.276930e-002
+1.116602e+004	   -9.410455e-002
+1.119118e+004	   -1.305822e-001
+1.121640e+004	   -7.491053e-002
+1.124167e+004	   -8.737122e-002
+1.126700e+004	   -1.005288e-001
+1.129239e+004	   -7.271232e-002
+1.131784e+004	   -1.446659e-001
+1.134334e+004	   -1.736131e-001
+1.136890e+004	   -1.597803e-001
+1.139452e+004	   -1.621308e-001
+1.142019e+004	   -1.839578e-001
+1.144593e+004	   -1.848939e-001
+1.147172e+004	   -2.000861e-001
+1.149757e+004	   -1.759253e-001
+1.152348e+004	   -1.386852e-001
+1.154944e+004	   -1.377822e-001
+1.157547e+004	   -1.767952e-001
+1.160155e+004	   -1.668070e-001
+1.162770e+004	   -2.617071e-001
+1.165390e+004	   -2.533453e-001
+1.168016e+004	   -1.876033e-001
+1.170648e+004	   -2.345424e-001
+1.173286e+004	   -2.369278e-001
+1.175929e+004	   -2.145837e-001
+1.178579e+004	   -2.702260e-001
+1.181235e+004	   -2.117030e-001
+1.183897e+004	   -2.036326e-001
+1.186564e+004	   -2.709849e-001
+1.189238e+004	   -2.990761e-001
+1.191918e+004	   -3.087087e-001
+1.194604e+004	   -2.741196e-001
+1.197296e+004	   -3.075805e-001
+1.199993e+004	   -3.305161e-001
+1.202697e+004	   -3.178238e-001
+1.205408e+004	   -3.299318e-001
+1.208124e+004	   -2.908176e-001
+1.210846e+004	   -2.929781e-001
+1.213575e+004	   -3.171103e-001
+1.216309e+004	   -3.000697e-001
+1.219050e+004	   -3.759025e-001
+1.221797e+004	   -3.908935e-001
+1.224550e+004	   -3.197159e-001
+1.227309e+004	   -3.562483e-001
+1.230075e+004	   -3.202128e-001
+1.232847e+004	   -4.035579e-001
+1.235625e+004	   -3.948670e-001
+1.238409e+004	   -4.175186e-001
+1.241200e+004	   -3.489736e-001
+1.243996e+004	   -3.442874e-001
+1.246800e+004	   -4.377249e-001
+1.249609e+004	   -3.926091e-001
+1.252425e+004	   -3.990794e-001
+1.255247e+004	   -4.539075e-001
+1.258076e+004	   -4.781346e-001
+1.260911e+004	   -4.637762e-001
+1.263752e+004	   -3.728951e-001
+1.266599e+004	   -4.978674e-001
+1.269454e+004	   -4.411849e-001
+1.272314e+004	   -4.319645e-001
+1.275181e+004	   -4.362535e-001
+1.278054e+004	   -4.134885e-001
+1.280934e+004	   -5.117472e-001
+1.283821e+004	   -4.508777e-001
+1.286714e+004	   -4.765052e-001
+1.289613e+004	   -4.648746e-001
+1.292519e+004	   -5.395525e-001
+1.295432e+004	   -5.123191e-001
+1.298351e+004	   -5.482304e-001
+1.301276e+004	   -5.185685e-001
+1.304208e+004	   -4.988626e-001
+1.307147e+004	   -5.065353e-001
+1.310093e+004	   -5.631056e-001
+1.313045e+004	   -4.948753e-001
+1.316004e+004	   -5.619341e-001
+1.318969e+004	   -5.083218e-001
+1.321941e+004	   -6.128862e-001
+1.324920e+004	   -5.511273e-001
+1.327905e+004	   -5.286791e-001
+1.330898e+004	   -5.708363e-001
+1.333897e+004	   -6.154174e-001
+1.336902e+004	   -5.665524e-001
+1.339915e+004	   -6.060527e-001
+1.342934e+004	   -6.474100e-001
+1.345960e+004	   -5.626921e-001
+1.348993e+004	   -6.561784e-001
+1.352033e+004	   -6.284331e-001
+1.355080e+004	   -5.997823e-001
+1.358133e+004	   -6.499316e-001
+1.361193e+004	   -6.328292e-001
+1.364261e+004	   -6.347099e-001
+1.367335e+004	   -5.834413e-001
+1.370416e+004	   -5.946028e-001
+1.373504e+004	   -6.206838e-001
+1.376599e+004	   -6.658470e-001
+1.379701e+004	   -6.515284e-001
+1.382810e+004	   -6.589071e-001
+1.385926e+004	   -6.867859e-001
+1.389049e+004	   -6.894472e-001
+1.392179e+004	   -6.717650e-001
+1.395316e+004	   -6.846362e-001
+1.398460e+004	   -6.651844e-001
+1.401611e+004	   -6.978906e-001
+1.404770e+004	   -7.103594e-001
+1.407935e+004	   -7.453708e-001
+1.411108e+004	   -7.323651e-001
+1.414287e+004	   -7.200826e-001
+1.417474e+004	   -7.553945e-001
+1.420668e+004	   -6.806367e-001
+1.423870e+004	   -7.657714e-001
+1.427078e+004	   -7.763398e-001
+1.430294e+004	   -7.846693e-001
+1.433517e+004	   -7.887108e-001
+1.436747e+004	   -7.863377e-001
+1.439984e+004	   -7.278951e-001
+1.443229e+004	   -7.133172e-001
+1.446481e+004	   -8.227069e-001
+1.449741e+004	   -8.202119e-001
+1.453007e+004	   -8.095997e-001
+1.456282e+004	   -7.624640e-001
+1.459563e+004	   -7.601862e-001
+1.462852e+004	   -8.585824e-001
+1.466148e+004	   -8.596158e-001
+1.469452e+004	   -8.546502e-001
+1.472763e+004	   -8.800645e-001
+1.476082e+004	   -8.357995e-001
+1.479408e+004	   -7.740329e-001
+1.482742e+004	   -8.230099e-001
+1.486083e+004	   -8.547232e-001
+1.489431e+004	   -8.548318e-001
+1.492788e+004	   -8.689975e-001
+1.496151e+004	   -8.335374e-001
+1.499523e+004	   -8.697963e-001
+1.502902e+004	   -8.484564e-001
+1.506288e+004	   -9.140484e-001
+1.509683e+004	   -8.691047e-001
+1.513084e+004	   -8.877097e-001
+1.516494e+004	   -8.533596e-001
+1.519911e+004	   -9.017066e-001
+1.523336e+004	   -8.803731e-001
+1.526769e+004	   -9.138903e-001
+1.530209e+004	   -9.281130e-001
+1.533657e+004	   -8.821857e-001
+1.537113e+004	   -9.093351e-001
+1.540577e+004	   -9.519460e-001
+1.544048e+004	   -9.004098e-001
+1.547527e+004	   -8.978528e-001
+1.551014e+004	   -8.920246e-001
+1.554509e+004	   -9.718146e-001
+1.558012e+004	   -9.499922e-001
+1.561523e+004	   -9.574316e-001
+1.565042e+004	   -9.466643e-001
+1.568568e+004	   -9.883309e-001
+1.572103e+004	   -9.122313e-001
+1.575645e+004	   -9.217344e-001
+1.579196e+004	   -1.013260e+000
+1.582754e+004	   -9.750815e-001
+1.586321e+004	   -1.022681e+000
+1.589895e+004	   -9.340981e-001
+1.593478e+004	   -1.034850e+000
+1.597069e+004	   -1.042214e+000
+1.600667e+004	   -1.035509e+000
+1.604274e+004	   -9.922761e-001
+1.607889e+004	   -9.844369e-001
+1.611512e+004	   -1.029698e+000
+1.615144e+004	   -1.029315e+000
+1.618783e+004	   -1.042647e+000
+1.622431e+004	   -9.783206e-001
+1.626087e+004	   -1.038757e+000
+1.629751e+004	   -1.054851e+000
+1.633423e+004	   -1.046913e+000
+1.637104e+004	   -1.072408e+000
+1.640793e+004	   -1.046471e+000
+1.644490e+004	   -1.041822e+000
+1.648196e+004	   -1.076333e+000
+1.651910e+004	   -1.024453e+000
+1.655632e+004	   -1.057177e+000
+1.659363e+004	   -1.127138e+000
+1.663102e+004	   -1.059819e+000
+1.666849e+004	   -1.098584e+000
+1.670605e+004	   -1.128612e+000
+1.674370e+004	   -1.156029e+000
+1.678143e+004	   -1.114385e+000
+1.681924e+004	   -1.157879e+000
+1.685714e+004	   -1.111248e+000
+1.689513e+004	   -1.111164e+000
+1.693320e+004	   -1.115729e+000
+1.697136e+004	   -1.131739e+000
+1.700960e+004	   -1.116906e+000
+1.704793e+004	   -1.181392e+000
+1.708634e+004	   -1.166116e+000
+1.712484e+004	   -1.167984e+000
+1.716343e+004	   -1.102782e+000
+1.720211e+004	   -1.123078e+000
+1.724087e+004	   -1.155954e+000
+1.727972e+004	   -1.196133e+000
+1.731866e+004	   -1.227858e+000
+1.735768e+004	   -1.220982e+000
+1.739679e+004	   -1.196255e+000
+1.743599e+004	   -1.179783e+000
+1.747528e+004	   -1.197776e+000
+1.751466e+004	   -1.236782e+000
+1.755413e+004	   -1.256079e+000
+1.759368e+004	   -1.187577e+000
+1.763333e+004	   -1.186011e+000
+1.767306e+004	   -1.246886e+000
+1.771289e+004	   -1.219123e+000
+1.775280e+004	   -1.245595e+000
+1.779280e+004	   -1.176465e+000
+1.783290e+004	   -1.244281e+000
+1.787308e+004	   -1.249742e+000
+1.791336e+004	   -1.248492e+000
+1.795372e+004	   -1.202403e+000
+1.799418e+004	   -1.231040e+000
+1.803472e+004	   -1.336269e+000
+1.807536e+004	   -1.319310e+000
+1.811609e+004	   -1.249128e+000
+1.815691e+004	   -1.266584e+000
+1.819783e+004	   -1.247238e+000
+1.823883e+004	   -1.300766e+000
+1.827993e+004	   -1.352287e+000
+1.832112e+004	   -1.255755e+000
+1.836241e+004	   -1.284266e+000
+1.840379e+004	   -1.315135e+000
+1.844525e+004	   -1.283806e+000
+1.848682e+004	   -1.272188e+000
+1.852847e+004	   -1.354150e+000
+1.857023e+004	   -1.356761e+000
+1.861207e+004	   -1.331831e+000
+1.865401e+004	   -1.375004e+000
+1.869604e+004	   -1.319020e+000
+1.873817e+004	   -1.343855e+000
+1.878040e+004	   -1.372429e+000
+1.882272e+004	   -1.338105e+000
+1.886513e+004	   -1.380743e+000
+1.890764e+004	   -1.322168e+000
+1.895025e+004	   -1.390975e+000
+1.899295e+004	   -1.304291e+000
+1.903575e+004	   -1.343371e+000
+1.907864e+004	   -1.357005e+000
+1.912163e+004	   -1.383178e+000
+1.916472e+004	   -1.382913e+000
+1.920790e+004	   -1.408900e+000
+1.925119e+004	   -1.427840e+000
+1.929456e+004	   -1.377608e+000
+1.933804e+004	   -1.449589e+000
+1.938162e+004	   -1.463348e+000
+1.942529e+004	   -1.441930e+000
+1.946906e+004	   -1.411795e+000
+1.951293e+004	   -1.441238e+000
+1.955690e+004	   -1.415746e+000
+1.960097e+004	   -1.450044e+000
+1.964514e+004	   -1.440212e+000
+1.968941e+004	   -1.424005e+000
+1.973378e+004	   -1.429804e+000
+1.977824e+004	   -1.535643e+000
+1.982281e+004	   -1.451712e+000
+1.986748e+004	   -1.433560e+000
+1.991225e+004	   -1.508265e+000
+1.995712e+004	   -1.449674e+000
+2.000209e+004	   -1.478009e+000
+2.004716e+004	   -1.502342e+000
+2.009233e+004	   -1.502447e+000
+2.013761e+004	   -1.516337e+000
+2.018298e+004	   -1.494904e+000
+2.022846e+004	   -1.495734e+000
+2.027404e+004	   -1.507535e+000
+2.031973e+004	   -1.515980e+000
+2.036552e+004	   -1.519933e+000
+2.041141e+004	   -1.513288e+000
+2.045740e+004	   -1.556007e+000
+2.050350e+004	   -1.543983e+000
+2.054970e+004	   -1.589361e+000
+2.059601e+004	   -1.522787e+000
+2.064242e+004	   -1.569777e+000
+2.068893e+004	   -1.578491e+000
+2.073555e+004	   -1.614216e+000
+2.078227e+004	   -1.562379e+000
+2.082910e+004	   -1.599122e+000
+2.087604e+004	   -1.651414e+000
+2.092308e+004	   -1.619315e+000
+2.097023e+004	   -1.582271e+000
+2.101748e+004	   -1.596007e+000
+2.106484e+004	   -1.612004e+000
+2.111231e+004	   -1.603944e+000
+2.115988e+004	   -1.591540e+000
+2.120756e+004	   -1.606618e+000
+2.125535e+004	   -1.673271e+000
+2.130324e+004	   -1.662041e+000
+2.135125e+004	   -1.656326e+000
+2.139936e+004	   -1.627484e+000
+2.144758e+004	   -1.621573e+000
+2.149591e+004	   -1.658638e+000
+2.154435e+004	   -1.692814e+000
+2.159289e+004	   -1.694615e+000
+2.164155e+004	   -1.730881e+000
+2.169032e+004	   -1.672337e+000
+2.173919e+004	   -1.696004e+000
+2.178818e+004	   -1.663125e+000
+2.183728e+004	   -1.683911e+000
+2.188648e+004	   -1.659205e+000
+2.193580e+004	   -1.756678e+000
+2.198523e+004	   -1.746937e+000
+2.203477e+004	   -1.728358e+000
+2.208442e+004	   -1.749913e+000
+2.213419e+004	   -1.676009e+000
+2.218406e+004	   -1.707689e+000
+2.223405e+004	   -1.677841e+000
+2.228415e+004	   -1.769138e+000
+2.233437e+004	   -1.754042e+000
+2.238469e+004	   -1.776279e+000
+2.243513e+004	   -1.747557e+000
+2.248569e+004	   -1.735259e+000
+2.253636e+004	   -1.787052e+000
+2.258714e+004	   -1.812888e+000
+2.263803e+004	   -1.733483e+000
+2.268904e+004	   -1.772449e+000
+2.274017e+004	   -1.765667e+000
+2.279141e+004	   -1.810432e+000
+2.284277e+004	   -1.743069e+000
+2.289424e+004	   -1.789336e+000
+2.294583e+004	   -1.846357e+000
+2.299754e+004	   -1.860704e+000
+2.304936e+004	   -1.792573e+000
+2.310130e+004	   -1.808222e+000
+2.315335e+004	   -1.803894e+000
+2.320553e+004	   -1.862637e+000
+2.325781e+004	   -1.875715e+000
+2.331022e+004	   -1.838222e+000
+2.336275e+004	   -1.832043e+000
+2.341539e+004	   -1.816224e+000
+2.346816e+004	   -1.855012e+000
+2.352104e+004	   -1.811060e+000
+2.357404e+004	   -1.848100e+000
+2.362716e+004	   -1.846033e+000
+2.368040e+004	   -1.896063e+000
+2.373376e+004	   -1.868760e+000
+2.378724e+004	   -1.885424e+000
+2.384084e+004	   -1.905986e+000
+2.389456e+004	   -1.894285e+000
+2.394841e+004	   -1.917712e+000
+2.400237e+004	   -1.847022e+000
+2.405646e+004	   -1.918504e+000
+2.411066e+004	   -1.870879e+000
+2.416499e+004	   -1.957626e+000
+2.421945e+004	   -1.906575e+000
+2.427402e+004	   -1.994479e+000
+2.432872e+004	   -1.984228e+000
+2.438354e+004	   -1.947522e+000
+2.443849e+004	   -1.969601e+000
+2.449355e+004	   -2.001307e+000
+2.454875e+004	   -1.958324e+000
+2.460406e+004	   -1.992810e+000
+2.465951e+004	   -2.051132e+000
+2.471507e+004	   -2.029855e+000
+2.477076e+004	   -2.042321e+000
+2.482658e+004	   -1.994551e+000
+2.488252e+004	   -2.032547e+000
+2.493859e+004	   -2.022054e+000
+2.499479e+004	   -1.988085e+000
+2.505111e+004	   -2.027354e+000
+2.510756e+004	   -2.055251e+000
+2.516413e+004	   -2.061373e+000
+2.522084e+004	   -2.057260e+000
+2.527767e+004	   -2.038171e+000
+2.533463e+004	   -2.071195e+000
+2.539172e+004	   -2.035240e+000
+2.544893e+004	   -2.053237e+000
+2.550628e+004	   -2.079728e+000
+2.556375e+004	   -2.021082e+000
+2.562136e+004	   -2.117790e+000
+2.567909e+004	   -2.096985e+000
+2.573696e+004	   -2.106692e+000
+2.579495e+004	   -2.103281e+000
+2.585308e+004	   -2.104311e+000
+2.591133e+004	   -2.070219e+000
+2.596972e+004	   -2.153908e+000
+2.602824e+004	   -2.112676e+000
+2.608689e+004	   -2.172504e+000
+2.614567e+004	   -2.180364e+000
+2.620459e+004	   -2.141462e+000
+2.626363e+004	   -2.210050e+000
+2.632282e+004	   -2.167494e+000
+2.638213e+004	   -2.135039e+000
+2.644158e+004	   -2.226955e+000
+2.650116e+004	   -2.186623e+000
+2.656088e+004	   -2.160773e+000
+2.662073e+004	   -2.169132e+000
+2.668071e+004	   -2.223018e+000
+2.674084e+004	   -2.183459e+000
+2.680109e+004	   -2.241753e+000
+2.686148e+004	   -2.215726e+000
+2.692201e+004	   -2.250504e+000
+2.698268e+004	   -2.190967e+000
+2.704348e+004	   -2.238003e+000
+2.710442e+004	   -2.268319e+000
+2.716549e+004	   -2.247720e+000
+2.722671e+004	   -2.262845e+000
+2.728806e+004	   -2.240793e+000
+2.734955e+004	   -2.229691e+000
+2.741118e+004	   -2.303837e+000
+2.747294e+004	   -2.263896e+000
+2.753485e+004	   -2.290662e+000
+2.759689e+004	   -2.318712e+000
+2.765908e+004	   -2.261481e+000
+2.772141e+004	   -2.260224e+000
+2.778387e+004	   -2.347629e+000
+2.784648e+004	   -2.341676e+000
+2.790923e+004	   -2.298805e+000
+2.797212e+004	   -2.296506e+000
+2.803515e+004	   -2.370145e+000
+2.809832e+004	   -2.369759e+000
+2.816163e+004	   -2.393799e+000
+2.822509e+004	   -2.383957e+000
+2.828870e+004	   -2.373743e+000
+2.835244e+004	   -2.405122e+000
+2.841633e+004	   -2.358682e+000
+2.848036e+004	   -2.460641e+000
+2.854454e+004	   -2.414576e+000
+2.860886e+004	   -2.423057e+000
+2.867332e+004	   -2.432115e+000
+2.873793e+004	   -2.438947e+000
+2.880269e+004	   -2.382338e+000
+2.886759e+004	   -2.394675e+000
+2.893264e+004	   -2.435592e+000
+2.899784e+004	   -2.492928e+000
+2.906318e+004	   -2.461680e+000
+2.912867e+004	   -2.444564e+000
+2.919430e+004	   -2.475160e+000
+2.926009e+004	   -2.490848e+000
+2.932602e+004	   -2.481555e+000
+2.939211e+004	   -2.466919e+000
+2.945834e+004	   -2.490657e+000
+2.952472e+004	   -2.464000e+000
+2.959125e+004	   -2.474145e+000
+2.965793e+004	   -2.453540e+000
+2.972475e+004	   -2.489690e+000
+2.979173e+004	   -2.459199e+000
+2.985887e+004	   -2.536269e+000
+2.992615e+004	   -2.591619e+000
+2.999358e+004	   -2.535020e+000
+3.006117e+004	   -2.533647e+000
+3.012891e+004	   -2.514563e+000
+3.019680e+004	   -2.579230e+000
+3.026484e+004	   -2.572947e+000
+3.033304e+004	   -2.555642e+000
+3.040139e+004	   -2.534460e+000
+3.046990e+004	   -2.635238e+000
+3.053855e+004	   -2.601922e+000
+3.060737e+004	   -2.646602e+000
+3.067634e+004	   -2.686360e+000
+3.074546e+004	   -2.650203e+000
+3.081474e+004	   -2.663533e+000
+3.088418e+004	   -2.642684e+000
+3.095377e+004	   -2.606807e+000
+3.102352e+004	   -2.602358e+000
+3.109343e+004	   -2.672336e+000
+3.116349e+004	   -2.676150e+000
+3.123372e+004	   -2.615405e+000
+3.130410e+004	   -2.682290e+000
+3.137463e+004	   -2.678227e+000
+3.144533e+004	   -2.686511e+000
+3.151619e+004	   -2.698403e+000
+3.158721e+004	   -2.702503e+000
+3.165838e+004	   -2.709030e+000
+3.172972e+004	   -2.722577e+000
+3.180122e+004	   -2.711590e+000
+3.187288e+004	   -2.769858e+000
+3.194470e+004	   -2.723069e+000
+3.201668e+004	   -2.729867e+000
+3.208883e+004	   -2.779439e+000
+3.216114e+004	   -2.775091e+000
+3.223361e+004	   -2.780219e+000
+3.230624e+004	   -2.724640e+000
+3.237904e+004	   -2.779845e+000
+3.245200e+004	   -2.816493e+000
+3.252513e+004	   -2.788391e+000
+3.259841e+004	   -2.716655e+000
+3.267187e+004	   -2.818178e+000
+3.274549e+004	   -2.803752e+000
+3.281928e+004	   -2.802669e+000
+3.289323e+004	   -2.829675e+000
+3.296735e+004	   -2.866082e+000
+3.304164e+004	   -2.842992e+000
+3.311609e+004	   -2.798425e+000
+3.319071e+004	   -2.854678e+000
+3.326551e+004	   -2.855540e+000
+3.334046e+004	   -2.918633e+000
+3.341559e+004	   -2.880236e+000
+3.349089e+004	   -2.808568e+000
+3.356636e+004	   -2.870063e+000
+3.364199e+004	   -2.863225e+000
+3.371780e+004	   -2.923545e+000
+3.379378e+004	   -2.889439e+000
+3.386993e+004	   -2.934074e+000
+3.394625e+004	   -2.884779e+000
+3.402274e+004	   -2.922900e+000
+3.409941e+004	   -2.934134e+000
+3.417625e+004	   -2.905257e+000
+3.425325e+004	   -2.922202e+000
+3.433044e+004	   -2.924619e+000
+3.440780e+004	   -2.877280e+000
+3.448533e+004	   -2.993266e+000
+3.456304e+004	   -2.871910e+000
+3.464092e+004	   -2.964357e+000
+3.471898e+004	   -2.912019e+000
+3.479721e+004	   -2.981324e+000
+3.487563e+004	   -2.916527e+000
+3.495421e+004	   -3.005724e+000
+3.503298e+004	   -3.005614e+000
+3.511192e+004	   -2.955396e+000
+3.519104e+004	   -3.013124e+000
+3.527034e+004	   -3.047096e+000
+3.534981e+004	   -3.042001e+000
+3.542946e+004	   -3.012024e+000
+3.550930e+004	   -3.024140e+000
+3.558932e+004	   -3.052733e+000
+3.566951e+004	   -2.991451e+000
+3.574989e+004	   -2.989771e+000
+3.583045e+004	   -2.977667e+000
+3.591118e+004	   -3.071273e+000
+3.599211e+004	   -3.075046e+000
+3.607321e+004	   -3.064579e+000
+3.615449e+004	   -3.081407e+000
+3.623596e+004	   -3.004605e+000
+3.631761e+004	   -3.031894e+000
+3.639945e+004	   -3.069971e+000
+3.648147e+004	   -3.043402e+000
+3.656368e+004	   -3.090782e+000
+3.664607e+004	   -2.998185e+000
+3.672864e+004	   -3.066424e+000
+3.681141e+004	   -3.039104e+000
+3.689436e+004	   -3.099452e+000
+3.697749e+004	   -3.053834e+000
+3.706081e+004	   -3.066091e+000
+3.714432e+004	   -3.037127e+000
+3.722802e+004	   -3.099962e+000
+3.731191e+004	   -3.104588e+000
+3.739599e+004	   -3.106262e+000
+3.748025e+004	   -3.065535e+000
+3.756471e+004	   -3.126386e+000
+3.764936e+004	   -3.081737e+000
+3.773420e+004	   -3.122242e+000
+3.781922e+004	   -3.016654e+000
+3.790445e+004	   -3.046158e+000
+3.798986e+004	   -3.146890e+000
+3.807546e+004	   -3.116054e+000
+3.816126e+004	   -3.004164e+000
+3.824725e+004	   -3.104088e+000
+3.833343e+004	   -3.103968e+000
+3.841981e+004	   -3.059779e+000
+3.850639e+004	   -3.125534e+000
+3.859315e+004	   -3.059902e+000
+3.868012e+004	   -3.079446e+000
+3.876728e+004	   -3.116688e+000
+3.885463e+004	   -3.102102e+000
+3.894219e+004	   -3.070065e+000
+3.902994e+004	   -3.077799e+000
+3.911789e+004	   -3.080400e+000
+3.920603e+004	   -3.028035e+000
+3.929438e+004	   -3.013146e+000
+3.938292e+004	   -3.058890e+000
+3.947166e+004	   -3.074478e+000
+3.956061e+004	   -3.076813e+000
+3.964975e+004	   -3.023715e+000
+3.973910e+004	   -3.019301e+000
+3.982864e+004	   -3.048280e+000
+3.991839e+004	   -3.022557e+000
+4.000834e+004	   -3.046767e+000
+4.009849e+004	   -2.994699e+000
+4.018885e+004	   -3.045464e+000
+4.027941e+004	   -2.999544e+000
+4.037017e+004	   -2.982430e+000
+4.046114e+004	   -2.993225e+000
+4.055231e+004	   -2.999670e+000
+4.064369e+004	   -3.064097e+000
+4.073528e+004	   -2.949241e+000
+4.082707e+004	   -3.018179e+000
+4.091907e+004	   -2.946731e+000
+4.101127e+004	   -2.968548e+000
+4.110368e+004	   -3.005021e+000
+4.119630e+004	   -3.005904e+000
+4.128913e+004	   -2.901647e+000
+4.138217e+004	   -3.016425e+000
+4.147542e+004	   -2.933429e+000
+4.156888e+004	   -3.006849e+000
+4.166255e+004	   -2.962115e+000
+4.175643e+004	   -2.935532e+000
+4.185052e+004	   -2.945408e+000
+4.194482e+004	   -2.963986e+000
+4.203934e+004	   -2.965308e+000
+4.213407e+004	   -2.937954e+000
+4.222902e+004	   -2.928685e+000
+4.232417e+004	   -2.909042e+000
+4.241954e+004	   -2.923169e+000
+4.251513e+004	   -2.900392e+000
+4.261093e+004	   -2.846773e+000
+4.270695e+004	   -2.935760e+000
+4.280318e+004	   -2.854973e+000
+4.289963e+004	   -2.884353e+000
+4.299630e+004	   -2.818679e+000
+4.309319e+004	   -2.837255e+000
+4.319029e+004	   -2.801802e+000
+4.328761e+004	   -2.826662e+000
+4.338516e+004	   -2.819056e+000
+4.348292e+004	   -2.869530e+000
+4.358090e+004	   -2.798202e+000
+4.367910e+004	   -2.797720e+000
+4.377753e+004	   -2.830461e+000
+4.387617e+004	   -2.838583e+000
+4.397504e+004	   -2.755217e+000
+4.407413e+004	   -2.787402e+000
+4.417345e+004	   -2.771188e+000
+4.427298e+004	   -2.725648e+000
+4.437275e+004	   -2.747173e+000
+4.447273e+004	   -2.714109e+000
+4.457295e+004	   -2.675756e+000
+4.467339e+004	   -2.680860e+000
+4.477405e+004	   -2.720497e+000
+4.487494e+004	   -2.676962e+000
+4.497606e+004	   -2.652952e+000
+4.507741e+004	   -2.641493e+000
+4.517898e+004	   -2.646484e+000
+4.528079e+004	   -2.700007e+000
+4.538282e+004	   -2.662472e+000
+4.548509e+004	   -2.640047e+000
+4.558758e+004	   -2.624637e+000
+4.569030e+004	   -2.626610e+000
+4.579326e+004	   -2.630365e+000
+4.589645e+004	   -2.555089e+000
+4.599987e+004	   -2.521359e+000
+4.610352e+004	   -2.561312e+000
+4.620741e+004	   -2.528879e+000
+4.631153e+004	   -2.498832e+000
+4.641589e+004	   -2.515825e+000
+4.652048e+004	   -2.567134e+000
+4.662530e+004	   -2.555059e+000
+4.673037e+004	   -2.523299e+000
+4.683567e+004	   -2.493419e+000
+4.694121e+004	   -2.498320e+000
+4.704698e+004	   -2.416414e+000
+4.715300e+004	   -2.418312e+000
+4.725925e+004	   -2.411200e+000
+4.736574e+004	   -2.467065e+000
+4.747247e+004	   -2.452281e+000
+4.757944e+004	   -2.371342e+000
+4.768666e+004	   -2.350758e+000
+4.779411e+004	   -2.375012e+000
+4.790181e+004	   -2.378483e+000
+4.800975e+004	   -2.405922e+000
+4.811793e+004	   -2.321844e+000
+4.822636e+004	   -2.376683e+000
+4.833503e+004	   -2.350105e+000
+4.844395e+004	   -2.340544e+000
+4.855311e+004	   -2.328269e+000
+4.866251e+004	   -2.283990e+000
+4.877216e+004	   -2.249490e+000
+4.888207e+004	   -2.254312e+000
+4.899221e+004	   -2.271906e+000
+4.910261e+004	   -2.249231e+000
+4.921326e+004	   -2.308352e+000
+4.932415e+004	   -2.256852e+000
+4.943530e+004	   -2.233787e+000
+4.954669e+004	   -2.229280e+000
+4.965834e+004	   -2.198222e+000
+4.977023e+004	   -2.189906e+000
+4.988239e+004	   -2.184130e+000
+4.999479e+004	   -2.195752e+000
+5.010745e+004	   -2.158836e+000
+5.022035e+004	   -2.146131e+000
+5.033352e+004	   -2.164991e+000
+5.044694e+004	   -2.158377e+000
+5.056061e+004	   -2.074149e+000
+5.067454e+004	   -2.143650e+000
+5.078873e+004	   -2.088049e+000
+5.090318e+004	   -2.115827e+000
+5.101788e+004	   -2.110976e+000
+5.113284e+004	   -2.065250e+000
+5.124806e+004	   -2.127584e+000
+5.136354e+004	   -2.080385e+000
+5.147928e+004	   -2.065321e+000
+5.159528e+004	   -2.079573e+000
+5.171154e+004	   -2.037040e+000
+5.182807e+004	   -2.065588e+000
+5.194485e+004	   -2.012688e+000
+5.206190e+004	   -2.020248e+000
+5.217922e+004	   -2.017896e+000
+5.229679e+004	   -1.992659e+000
+5.241464e+004	   -2.015675e+000
+5.253275e+004	   -2.031814e+000
+5.265112e+004	   -1.972589e+000
+5.276976e+004	   -1.950964e+000
+5.288867e+004	   -1.948571e+000
+5.300785e+004	   -1.944834e+000
+5.312729e+004	   -1.947213e+000
+5.324701e+004	   -1.913769e+000
+5.336699e+004	   -1.910360e+000
+5.348725e+004	   -1.873801e+000
+5.360777e+004	   -1.902615e+000
+5.372857e+004	   -1.878437e+000
+5.384964e+004	   -1.878460e+000
+5.397098e+004	   -1.920010e+000
+5.409260e+004	   -1.849916e+000
+5.421448e+004	   -1.885468e+000
+5.433665e+004	   -1.809669e+000
+5.445909e+004	   -1.819942e+000
+5.458180e+004	   -1.804944e+000
+5.470480e+004	   -1.804503e+000
+5.482807e+004	   -1.827236e+000
+5.495161e+004	   -1.772458e+000
+5.507544e+004	   -1.817601e+000
+5.519954e+004	   -1.790451e+000
+5.532393e+004	   -1.799264e+000
+5.544859e+004	   -1.801264e+000
+5.557354e+004	   -1.760166e+000
+5.569876e+004	   -1.754589e+000
+5.582427e+004	   -1.748269e+000
+5.595006e+004	   -1.821635e+000
+5.607614e+004	   -1.808427e+000
+5.620250e+004	   -1.703127e+000
+5.632914e+004	   -1.734866e+000
+5.645607e+004	   -1.725378e+000
+5.658329e+004	   -1.689564e+000
+5.671079e+004	   -1.742028e+000
+5.683858e+004	   -1.793721e+000
+5.696666e+004	   -1.722255e+000
+5.709502e+004	   -1.688199e+000
+5.722368e+004	   -1.725755e+000
+5.735262e+004	   -1.691689e+000
+5.748186e+004	   -1.653033e+000
+5.761138e+004	   -1.715440e+000
+5.774120e+004	   -1.683143e+000
+5.787131e+004	   -1.674932e+000
+5.800172e+004	   -1.657466e+000
+5.813242e+004	   -1.710009e+000
+5.826341e+004	   -1.663459e+000
+5.839470e+004	   -1.678890e+000
+5.852628e+004	   -1.660028e+000
+5.865816e+004	   -1.588935e+000
+5.879034e+004	   -1.595099e+000
+5.892281e+004	   -1.642734e+000
+5.905559e+004	   -1.652429e+000
+5.918866e+004	   -1.702338e+000
+5.932204e+004	   -1.657838e+000
+5.945571e+004	   -1.581553e+000
+5.958968e+004	   -1.607523e+000
+5.972396e+004	   -1.560026e+000
+5.985854e+004	   -1.660165e+000
+5.999342e+004	   -1.256350e+000
+6.012861e+004	   -1.737966e+000
+6.026410e+004	   -1.566654e+000
+6.039989e+004	   -1.632903e+000
+6.053600e+004	   -1.624446e+000
+6.067240e+004	   -1.610014e+000
+6.080912e+004	   -1.557557e+000
+6.094614e+004	   -1.647749e+000
+6.108348e+004	   -1.544975e+000
+6.122112e+004	   -1.614595e+000
+6.135907e+004	   -1.596888e+000
+6.149734e+004	   -1.583507e+000
+6.163591e+004	   -1.548912e+000
+6.177480e+004	   -1.565119e+000
+6.191400e+004	   -1.544671e+000
+6.205351e+004	   -1.562976e+000
+6.219334e+004	   -1.577578e+000
+6.233348e+004	   -1.620249e+000
+6.247395e+004	   -1.599418e+000
+6.261472e+004	   -1.539584e+000
+6.275581e+004	   -1.544634e+000
+6.289722e+004	   -1.562072e+000
+6.303895e+004	   -1.563994e+000
+6.318100e+004	   -1.555401e+000
+6.332337e+004	   -1.569599e+000
+6.346606e+004	   -1.570510e+000
+6.360907e+004	   -1.548985e+000
+6.375241e+004	   -1.539848e+000
+6.389606e+004	   -1.574292e+000
+6.404004e+004	   -1.496281e+000
+6.418435e+004	   -1.523380e+000
+6.432898e+004	   -1.545038e+000
+6.447393e+004	   -1.562011e+000
+6.461921e+004	   -1.565345e+000
+6.476482e+004	   -1.577135e+000
+6.491076e+004	   -1.524384e+000
+6.505703e+004	   -1.562783e+000
+6.520363e+004	   -1.494798e+000
+6.535055e+004	   -1.524530e+000
+6.549781e+004	   -1.491385e+000
+6.564540e+004	   -1.584064e+000
+6.579332e+004	   -1.555392e+000
+6.594158e+004	   -1.518617e+000
+6.609016e+004	   -1.540096e+000
+6.623909e+004	   -1.537004e+000
+6.638835e+004	   -1.522789e+000
+6.653795e+004	   -1.537129e+000
+6.668788e+004	   -1.509462e+000
+6.683816e+004	   -1.486848e+000
+6.698877e+004	   -1.530471e+000
+6.713971e+004	   -1.467078e+000
+6.729100e+004	   -1.530824e+000
+6.744263e+004	   -1.549281e+000
+6.759460e+004	   -1.519349e+000
+6.774691e+004	   -1.523485e+000
+6.789958e+004	   -1.561966e+000
+6.805258e+004	   -1.520594e+000
+6.820592e+004	   -1.517992e+000
+6.835962e+004	   -1.529423e+000
+6.851366e+004	   -1.501060e+000
+6.866804e+004	   -1.484550e+000
+6.882277e+004	   -1.533033e+000
+6.897785e+004	   -1.487516e+000
+6.913328e+004	   -1.532943e+000
+6.928907e+004	   -1.561873e+000
+6.944520e+004	   -1.537059e+000
+6.960169e+004	   -1.516518e+000
+6.975852e+004	   -1.545451e+000
+6.991571e+004	   -1.533236e+000
+7.007326e+004	   -1.503327e+000
+7.023116e+004	   -1.485497e+000
+7.038941e+004	   -1.510964e+000
+7.054802e+004	   -1.510474e+000
+7.070699e+004	   -1.515469e+000
+7.086632e+004	   -1.536345e+000
+7.102601e+004	   -1.469185e+000
+7.118605e+004	   -1.523624e+000
+7.134646e+004	   -1.577276e+000
+7.150723e+004	   -1.572961e+000
+7.166836e+004	   -1.632947e+000
+7.182985e+004	   -1.526061e+000
+7.199171e+004	   -1.525444e+000
+7.215394e+004	   -1.554903e+000
+7.231652e+004	   -1.580642e+000
+7.247948e+004	   -1.527018e+000
+7.264280e+004	   -1.502665e+000
+7.280649e+004	   -1.525840e+000
+7.297055e+004	   -1.512867e+000
+7.313498e+004	   -1.557099e+000
+7.329977e+004	   -1.551010e+000
+7.346495e+004	   -1.530371e+000
+7.363048e+004	   -1.559851e+000
+7.379641e+004	   -1.544745e+000
+7.396270e+004	   -1.502491e+000
+7.412936e+004	   -1.562322e+000
+7.429640e+004	   -1.603731e+000
+7.446381e+004	   -1.605252e+000
+7.463160e+004	   -1.569409e+000
+7.479977e+004	   -1.556783e+000
+7.496833e+004	   -1.508257e+000
+7.513726e+004	   -1.506780e+000
+7.530656e+004	   -1.552702e+000
+7.547626e+004	   -1.548772e+000
+7.564634e+004	   -1.557999e+000
+7.581679e+004	   -1.585007e+000
+7.598763e+004	   -1.596947e+000
+7.615886e+004	   -1.556789e+000
+7.633047e+004	   -1.550642e+000
+7.650247e+004	   -1.589776e+000
+7.667486e+004	   -1.599862e+000
+7.684763e+004	   -1.596732e+000
+7.702080e+004	   -1.587572e+000
+7.719435e+004	   -1.538819e+000
+7.736830e+004	   -1.602000e+000
+7.754264e+004	   -1.607665e+000
+7.771737e+004	   -1.625021e+000
+7.789249e+004	   -1.591386e+000
+7.806801e+004	   -1.603299e+000
+7.824393e+004	   -1.618789e+000
+7.842023e+004	   -1.597466e+000
+7.859695e+004	   -1.554257e+000
+7.877405e+004	   -1.605715e+000
+7.895155e+004	   -1.586881e+000
+7.912946e+004	   -1.645581e+000
+7.930777e+004	   -1.617323e+000
+7.948648e+004	   -1.620683e+000
+7.966559e+004	   -1.589911e+000
+7.984510e+004	   -1.626459e+000
+8.002502e+004	   -1.625604e+000
+8.020534e+004	   -1.649699e+000
+8.038608e+004	   -1.641725e+000
+8.056722e+004	   -1.599866e+000
+8.074877e+004	   -1.619183e+000
+8.093072e+004	   -1.581672e+000
+8.111309e+004	   -1.641992e+000
+8.129586e+004	   -1.657519e+000
+8.147905e+004	   -1.653882e+000
+8.166265e+004	   -1.636127e+000
+8.184666e+004	   -1.664589e+000
+8.203109e+004	   -1.720035e+000
+8.221594e+004	   -1.677749e+000
+8.240120e+004	   -1.675598e+000
+8.258688e+004	   -1.646243e+000
+8.277298e+004	   -1.687305e+000
+8.295949e+004	   -1.713536e+000
+8.314643e+004	   -1.626848e+000
+8.333379e+004	   -1.654677e+000
+8.352157e+004	   -1.712908e+000
+8.370977e+004	   -1.714683e+000
+8.389840e+004	   -1.754027e+000
+8.408745e+004	   -1.701171e+000
+8.427693e+004	   -1.764552e+000
+8.446684e+004	   -1.742513e+000
+8.465716e+004	   -1.663899e+000
+8.484793e+004	   -1.739516e+000
+8.503913e+004	   -1.698776e+000
+8.523074e+004	   -1.722223e+000
+8.542280e+004	   -1.641446e+000
+8.561529e+004	   -1.706675e+000
+8.580821e+004	   -1.737965e+000
+8.600156e+004	   -1.797387e+000
+8.619536e+004	   -1.748152e+000
+8.638959e+004	   -1.776972e+000
+8.658425e+004	   -1.743015e+000
+8.677936e+004	   -1.775922e+000
+8.697490e+004	   -1.732927e+000
+8.717088e+004	   -1.724698e+000
+8.736731e+004	   -1.747875e+000
+8.756418e+004	   -1.756829e+000
+8.776149e+004	   -1.785642e+000
+8.795925e+004	   -1.742525e+000
+8.815745e+004	   -1.745667e+000
+8.835610e+004	   -1.762705e+000
+8.855520e+004	   -1.766564e+000
+8.875475e+004	   -1.755813e+000
+8.895474e+004	   -1.782952e+000
+8.915519e+004	   -1.804119e+000
+8.935609e+004	   -1.762524e+000
+8.955744e+004	   -1.727739e+000
+8.975924e+004	   -1.795779e+000
+8.996150e+004	   -1.835115e+000
+9.016422e+004	   -1.750890e+000
+9.036739e+004	   -1.804565e+000
+9.057102e+004	   -1.847447e+000
+9.077511e+004	   -1.829580e+000
+9.097966e+004	   -1.818864e+000
+9.118466e+004	   -1.799127e+000
+9.139013e+004	   -1.825126e+000
+9.159607e+004	   -1.781040e+000
+9.180247e+004	   -1.805060e+000
+9.200933e+004	   -1.816936e+000
+9.221666e+004	   -1.846881e+000
+9.242445e+004	   -1.856256e+000
+9.263272e+004	   -1.858347e+000
+9.284145e+004	   -1.838351e+000
+9.305066e+004	   -1.853205e+000
+9.326034e+004	   -1.887346e+000
+9.347048e+004	   -1.832494e+000
+9.368110e+004	   -1.920031e+000
+9.389220e+004	   -1.893899e+000
+9.410377e+004	   -1.912470e+000
+9.431582e+004	   -1.941674e+000
+9.452835e+004	   -1.894738e+000
+9.474135e+004	   -1.909487e+000
+9.495484e+004	   -1.897237e+000
+9.516880e+004	   -1.854594e+000
+9.538326e+004	   -1.941466e+000
+9.559819e+004	   -1.874258e+000
+9.581360e+004	   -1.863232e+000
+9.602951e+004	   -1.956888e+000
+9.624589e+004	   -1.922140e+000
+9.646277e+004	   -1.914596e+000
+9.668013e+004	   -1.944501e+000
+9.689798e+004	   -1.960725e+000
+9.711634e+004	   -1.945047e+000
+9.733517e+004	   -1.967932e+000
+9.755450e+004	   -1.970691e+000
+9.777433e+004	   -1.889797e+000
+9.799465e+004	   -1.928589e+000
+9.821546e+004	   -1.998218e+000
+9.843677e+004	   -1.954112e+000
+9.865859e+004	   -1.901733e+000
+9.888090e+004	   -1.977381e+000
+9.910371e+004	   -2.032186e+000
+9.932703e+004	   -1.969261e+000
+9.955085e+004	   -2.062469e+000
+9.977517e+004	   -2.015070e+000
+1.000000e+005	   -1.987047e+000
