+1.000000e+003	   -7.205628e+001
+1.002253e+003	   -7.205455e+001
+1.004512e+003	   -7.209488e+001
+1.006775e+003	   -7.213479e+001
+1.009044e+003	   -7.204652e+001
+1.011318e+003	   -7.224367e+001
+1.013596e+003	   -7.197450e+001
+1.015880e+003	   -7.231436e+001
+1.018170e+003	   -7.218526e+001
+1.020464e+003	   -7.232507e+001
+1.022763e+003	   -7.200681e+001
+1.025068e+003	   -7.219116e+001
+1.027378e+003	   -7.229170e+001
+1.029693e+003	   -7.225472e+001
+1.032013e+003	   -7.204787e+001
+1.034339e+003	   -7.241407e+001
+1.036669e+003	   -7.212656e+001
+1.039005e+003	   -7.242647e+001
+1.041347e+003	   -7.203292e+001
+1.043693e+003	   -7.231523e+001
+1.046045e+003	   -7.240936e+001
+1.048402e+003	   -7.188525e+001
+1.050764e+003	   -7.217387e+001
+1.053132e+003	   -7.182236e+001
+1.055505e+003	   -7.249086e+001
+1.057884e+003	   -7.219262e+001
+1.060267e+003	   -7.242575e+001
+1.062657e+003	   -7.174770e+001
+1.065051e+003	   -7.166939e+001
+1.067451e+003	   -7.243935e+001
+1.069856e+003	   -7.286169e+001
+1.072267e+003	   -7.242273e+001
+1.074683e+003	   -7.241261e+001
+1.077105e+003	   -7.200492e+001
+1.079532e+003	   -7.266936e+001
+1.081965e+003	   -7.217364e+001
+1.084403e+003	   -7.229479e+001
+1.086846e+003	   -7.256785e+001
+1.089295e+003	   -7.224737e+001
+1.091750e+003	   -7.207848e+001
+1.094210e+003	   -7.305768e+001
+1.096676e+003	   -7.179894e+001
+1.099147e+003	   -7.179576e+001
+1.101624e+003	   -7.274084e+001
+1.104106e+003	   -7.218886e+001
+1.106594e+003	   -7.241338e+001
+1.109087e+003	   -7.226147e+001
+1.111587e+003	   -7.255309e+001
+1.114091e+003	   -7.280186e+001
+1.116602e+003	   -7.185188e+001
+1.119118e+003	   -7.252454e+001
+1.121640e+003	   -7.280868e+001
+1.124167e+003	   -7.249841e+001
+1.126700e+003	   -7.255463e+001
+1.129239e+003	   -7.197202e+001
+1.131784e+003	   -7.236788e+001
+1.134334e+003	   -7.224291e+001
+1.136890e+003	   -7.249132e+001
+1.139452e+003	   -7.265260e+001
+1.142020e+003	   -7.253517e+001
+1.144593e+003	   -7.269389e+001
+1.147172e+003	   -7.278210e+001
+1.149757e+003	   -7.243475e+001
+1.152348e+003	   -7.289624e+001
+1.154944e+003	   -7.247143e+001
+1.157547e+003	   -7.225870e+001
+1.160155e+003	   -7.280639e+001
+1.162770e+003	   -7.249087e+001
+1.165390e+003	   -7.265445e+001
+1.168016e+003	   -7.282138e+001
+1.170648e+003	   -7.257902e+001
+1.173286e+003	   -7.235290e+001
+1.175929e+003	   -7.256075e+001
+1.178579e+003	   -7.252378e+001
+1.181235e+003	   -7.254852e+001
+1.183897e+003	   -7.234813e+001
+1.186564e+003	   -7.257162e+001
+1.189238e+003	   -7.273241e+001
+1.191918e+003	   -7.255874e+001
+1.194604e+003	   -7.262730e+001
+1.197296e+003	   -7.260612e+001
+1.199994e+003	   -7.260066e+001
+1.202698e+003	   -7.261828e+001
+1.205408e+003	   -7.260191e+001
+1.208124e+003	   -7.266565e+001
+1.210846e+003	   -7.256826e+001
+1.213575e+003	   -7.252587e+001
+1.216309e+003	   -7.257455e+001
+1.219050e+003	   -7.264448e+001
+1.221797e+003	   -7.261173e+001
+1.224550e+003	   -7.258327e+001
+1.227309e+003	   -7.244147e+001
+1.230075e+003	   -7.257269e+001
+1.232847e+003	   -7.264368e+001
+1.235625e+003	   -7.280720e+001
+1.238409e+003	   -7.249072e+001
+1.241200e+003	   -7.288184e+001
+1.243996e+003	   -7.272180e+001
+1.246800e+003	   -7.300729e+001
+1.249609e+003	   -7.239808e+001
+1.252425e+003	   -7.237907e+001
+1.255247e+003	   -7.295292e+001
+1.258076e+003	   -7.225220e+001
+1.260911e+003	   -7.228870e+001
+1.263752e+003	   -7.315108e+001
+1.266599e+003	   -7.261122e+001
+1.269453e+003	   -7.277547e+001
+1.272314e+003	   -7.264172e+001
+1.275181e+003	   -7.325301e+001
+1.278054e+003	   -7.279705e+001
+1.280934e+003	   -7.268690e+001
+1.283821e+003	   -7.273687e+001
+1.286714e+003	   -7.278790e+001
+1.289613e+003	   -7.289523e+001
+1.292519e+003	   -7.273132e+001
+1.295432e+003	   -7.334716e+001
+1.298351e+003	   -7.344724e+001
+1.301276e+003	   -7.189005e+001
+1.304208e+003	   -7.289609e+001
+1.307147e+003	   -7.246504e+001
+1.310093e+003	   -7.259643e+001
+1.313045e+003	   -7.218153e+001
+1.316004e+003	   -7.242860e+001
+1.318969e+003	   -7.275736e+001
+1.321941e+003	   -7.257411e+001
+1.324920e+003	   -7.254781e+001
+1.327905e+003	   -7.283055e+001
+1.330898e+003	   -7.323683e+001
+1.333897e+003	   -7.249776e+001
+1.336902e+003	   -7.313817e+001
+1.339915e+003	   -7.282518e+001
+1.342934e+003	   -7.342545e+001
+1.345960e+003	   -7.242831e+001
+1.348993e+003	   -7.221913e+001
+1.352033e+003	   -7.309071e+001
+1.355080e+003	   -7.196213e+001
+1.358133e+003	   -7.259782e+001
+1.361193e+003	   -7.291900e+001
+1.364261e+003	   -7.261594e+001
+1.367335e+003	   -7.228573e+001
+1.370416e+003	   -7.243329e+001
+1.373504e+003	   -7.266196e+001
+1.376599e+003	   -7.196187e+001
+1.379701e+003	   -7.274191e+001
+1.382810e+003	   -7.271837e+001
+1.385926e+003	   -7.256327e+001
+1.389049e+003	   -7.266011e+001
+1.392179e+003	   -7.309444e+001
+1.395316e+003	   -7.300553e+001
+1.398460e+003	   -7.291878e+001
+1.401611e+003	   -7.211187e+001
+1.404770e+003	   -7.259583e+001
+1.407935e+003	   -7.199056e+001
+1.411108e+003	   -7.243840e+001
+1.414287e+003	   -7.290579e+001
+1.417474e+003	   -7.214410e+001
+1.420668e+003	   -7.260882e+001
+1.423870e+003	   -7.241053e+001
+1.427078e+003	   -7.266625e+001
+1.430294e+003	   -7.308646e+001
+1.433517e+003	   -7.245688e+001
+1.436747e+003	   -7.276997e+001
+1.439984e+003	   -7.217039e+001
+1.443229e+003	   -7.281101e+001
+1.446481e+003	   -7.240167e+001
+1.449741e+003	   -7.273405e+001
+1.453007e+003	   -7.231481e+001
+1.456282e+003	   -7.265590e+001
+1.459563e+003	   -7.243159e+001
+1.462852e+003	   -7.274665e+001
+1.466148e+003	   -7.251501e+001
+1.469452e+003	   -7.271458e+001
+1.472763e+003	   -7.248756e+001
+1.476082e+003	   -7.245753e+001
+1.479408e+003	   -7.257986e+001
+1.482742e+003	   -7.240502e+001
+1.486083e+003	   -7.256793e+001
+1.489432e+003	   -7.247846e+001
+1.492788e+003	   -7.239574e+001
+1.496151e+003	   -7.251770e+001
+1.499523e+003	   -7.245277e+001
+1.502902e+003	   -7.246406e+001
+1.506288e+003	   -7.254285e+001
+1.509682e+003	   -7.249815e+001
+1.513084e+003	   -7.260162e+001
+1.516494e+003	   -7.247697e+001
+1.519911e+003	   -7.246967e+001
+1.523336e+003	   -7.244137e+001
+1.526769e+003	   -7.243183e+001
+1.530209e+003	   -7.228564e+001
+1.533657e+003	   -7.241138e+001
+1.537113e+003	   -7.252947e+001
+1.540577e+003	   -7.246857e+001
+1.544048e+003	   -7.269054e+001
+1.547527e+003	   -7.279647e+001
+1.551014e+003	   -7.233420e+001
+1.554509e+003	   -7.235716e+001
+1.558012e+003	   -7.261889e+001
+1.561523e+003	   -7.200439e+001
+1.565042e+003	   -7.238000e+001
+1.568568e+003	   -7.215292e+001
+1.572103e+003	   -7.221088e+001
+1.575645e+003	   -7.190071e+001
+1.579196e+003	   -7.238601e+001
+1.582754e+003	   -7.189608e+001
+1.586321e+003	   -7.196109e+001
+1.589895e+003	   -7.221846e+001
+1.593478e+003	   -7.278685e+001
+1.597069e+003	   -7.261016e+001
+1.600667e+003	   -7.206456e+001
+1.604274e+003	   -7.241250e+001
+1.607889e+003	   -7.191429e+001
+1.611512e+003	   -7.234045e+001
+1.615144e+003	   -7.235783e+001
+1.618783e+003	   -7.168498e+001
+1.622431e+003	   -7.293458e+001
+1.626087e+003	   -7.232331e+001
+1.629751e+003	   -7.172848e+001
+1.633423e+003	   -7.308097e+001
+1.637104e+003	   -7.282639e+001
+1.640793e+003	   -7.229156e+001
+1.644490e+003	   -7.225912e+001
+1.648196e+003	   -7.258757e+001
+1.651910e+003	   -7.162701e+001
+1.655632e+003	   -7.211594e+001
+1.659363e+003	   -7.149593e+001
+1.663102e+003	   -7.298346e+001
+1.666849e+003	   -7.172850e+001
+1.670605e+003	   -7.235404e+001
+1.674370e+003	   -7.125507e+001
+1.678143e+003	   -7.209358e+001
+1.681924e+003	   -7.192664e+001
+1.685714e+003	   -7.209897e+001
+1.689513e+003	   -7.276041e+001
+1.693320e+003	   -7.192487e+001
+1.697135e+003	   -7.220393e+001
+1.700960e+003	   -7.218357e+001
+1.704793e+003	   -7.127250e+001
+1.708634e+003	   -7.182888e+001
+1.712484e+003	   -7.207227e+001
+1.716343e+003	   -7.194789e+001
+1.720211e+003	   -7.160932e+001
+1.724087e+003	   -7.302480e+001
+1.727972e+003	   -7.184026e+001
+1.731866e+003	   -7.215237e+001
+1.735768e+003	   -7.121275e+001
+1.739679e+003	   -7.222419e+001
+1.743599e+003	   -7.181575e+001
+1.747528e+003	   -7.196242e+001
+1.751466e+003	   -7.235049e+001
+1.755413e+003	   -7.274581e+001
+1.759368e+003	   -7.095092e+001
+1.763333e+003	   -7.143391e+001
+1.767306e+003	   -7.195731e+001
+1.771289e+003	   -7.155094e+001
+1.775280e+003	   -7.102365e+001
+1.779280e+003	   -7.222380e+001
+1.783290e+003	   -7.131084e+001
+1.787308e+003	   -7.203673e+001
+1.791335e+003	   -7.169189e+001
+1.795372e+003	   -7.276398e+001
+1.799418e+003	   -7.260457e+001
+1.803472e+003	   -7.141584e+001
+1.807536e+003	   -7.184829e+001
+1.811609e+003	   -7.255968e+001
+1.815691e+003	   -7.087245e+001
+1.819783e+003	   -7.132154e+001
+1.823883e+003	   -7.161084e+001
+1.827993e+003	   -7.190317e+001
+1.832112e+003	   -7.146828e+001
+1.836241e+003	   -7.178426e+001
+1.840378e+003	   -7.147263e+001
+1.844526e+003	   -7.200713e+001
+1.848682e+003	   -7.097513e+001
+1.852848e+003	   -7.140895e+001
+1.857023e+003	   -7.102338e+001
+1.861207e+003	   -7.178609e+001
+1.865401e+003	   -7.166766e+001
+1.869604e+003	   -7.194796e+001
+1.873817e+003	   -7.104345e+001
+1.878040e+003	   -7.083549e+001
+1.882272e+003	   -7.165492e+001
+1.886513e+003	   -7.104813e+001
+1.890764e+003	   -7.134422e+001
+1.895025e+003	   -7.152193e+001
+1.899295e+003	   -7.184637e+001
+1.903575e+003	   -7.171927e+001
+1.907864e+003	   -7.107244e+001
+1.912163e+003	   -7.130058e+001
+1.916472e+003	   -7.110471e+001
+1.920790e+003	   -7.156799e+001
+1.925119e+003	   -7.143436e+001
+1.929457e+003	   -7.108581e+001
+1.933804e+003	   -7.171967e+001
+1.938162e+003	   -7.173040e+001
+1.942529e+003	   -7.150400e+001
+1.946906e+003	   -7.152667e+001
+1.951293e+003	   -7.134855e+001
+1.955690e+003	   -7.140127e+001
+1.960097e+003	   -7.105647e+001
+1.964514e+003	   -7.119138e+001
+1.968941e+003	   -7.152547e+001
+1.973377e+003	   -7.125165e+001
+1.977824e+003	   -7.135103e+001
+1.982281e+003	   -7.127192e+001
+1.986748e+003	   -7.130042e+001
+1.991224e+003	   -7.127444e+001
+1.995711e+003	   -7.114853e+001
+2.000208e+003	   -7.125505e+001
+2.004716e+003	   -7.111297e+001
+2.009233e+003	   -7.100115e+001
+2.013760e+003	   -7.116566e+001
+2.018298e+003	   -7.117892e+001
+2.022846e+003	   -7.109119e+001
+2.027404e+003	   -7.102090e+001
+2.031973e+003	   -7.119775e+001
+2.036552e+003	   -7.120657e+001
+2.041141e+003	   -7.100282e+001
+2.045740e+003	   -7.111152e+001
+2.050350e+003	   -7.109296e+001
+2.054970e+003	   -7.128587e+001
+2.059601e+003	   -7.106986e+001
+2.064241e+003	   -7.058557e+001
+2.068893e+003	   -7.085928e+001
+2.073555e+003	   -7.070361e+001
+2.078227e+003	   -7.074198e+001
+2.082910e+003	   -7.082156e+001
+2.087604e+003	   -7.041258e+001
+2.092308e+003	   -7.071988e+001
+2.097023e+003	   -7.108647e+001
+2.101748e+003	   -7.039593e+001
+2.106484e+003	   -7.060106e+001
+2.111231e+003	   -7.033015e+001
+2.115988e+003	   -7.119136e+001
+2.120756e+003	   -7.068533e+001
+2.125535e+003	   -7.078024e+001
+2.130324e+003	   -7.115833e+001
+2.135125e+003	   -7.111326e+001
+2.139936e+003	   -7.077879e+001
+2.144758e+003	   -6.983547e+001
+2.149591e+003	   -7.075805e+001
+2.154435e+003	   -6.979029e+001
+2.159289e+003	   -7.059947e+001
+2.164155e+003	   -7.081561e+001
+2.169032e+003	   -7.062176e+001
+2.173919e+003	   -6.975411e+001
+2.178818e+003	   -7.007093e+001
+2.183728e+003	   -7.020951e+001
+2.188648e+003	   -6.961574e+001
+2.193580e+003	   -7.061628e+001
+2.198523e+003	   -6.951797e+001
+2.203477e+003	   -7.019524e+001
+2.208442e+003	   -7.105735e+001
+2.213418e+003	   -7.023515e+001
+2.218406e+003	   -7.100111e+001
+2.223405e+003	   -6.984048e+001
+2.228415e+003	   -6.978716e+001
+2.233437e+003	   -6.931675e+001
+2.238469e+003	   -7.023976e+001
+2.243513e+003	   -7.114605e+001
+2.248569e+003	   -7.046592e+001
+2.253635e+003	   -7.050502e+001
+2.258714e+003	   -6.969849e+001
+2.263803e+003	   -7.077754e+001
+2.268905e+003	   -6.910555e+001
+2.274017e+003	   -7.057280e+001
+2.279141e+003	   -7.124885e+001
+2.284277e+003	   -7.019066e+001
+2.289424e+003	   -7.137522e+001
+2.294583e+003	   -7.020150e+001
+2.299754e+003	   -6.951524e+001
+2.304936e+003	   -6.979810e+001
+2.310130e+003	   -7.059225e+001
+2.315335e+003	   -7.075443e+001
+2.320552e+003	   -6.933714e+001
+2.325781e+003	   -7.104539e+001
+2.331022e+003	   -6.883287e+001
+2.336275e+003	   -6.904125e+001
+2.341539e+003	   -7.115807e+001
+2.346816e+003	   -7.051857e+001
+2.352104e+003	   -7.110085e+001
+2.357404e+003	   -6.869585e+001
+2.362716e+003	   -7.014657e+001
+2.368040e+003	   -6.882159e+001
+2.373376e+003	   -7.077484e+001
+2.378724e+003	   -6.983815e+001
+2.384084e+003	   -7.096159e+001
+2.389457e+003	   -6.854420e+001
+2.394841e+003	   -6.844192e+001
+2.400237e+003	   -7.014539e+001
+2.405646e+003	   -6.856541e+001
+2.411066e+003	   -6.867488e+001
+2.416500e+003	   -6.998579e+001
+2.421945e+003	   -6.913184e+001
+2.427402e+003	   -6.958139e+001
+2.432872e+003	   -6.958329e+001
+2.438354e+003	   -6.963055e+001
+2.443849e+003	   -6.947114e+001
+2.449355e+003	   -6.930767e+001
+2.454875e+003	   -6.947715e+001
+2.460406e+003	   -6.909576e+001
+2.465950e+003	   -6.937411e+001
+2.471507e+003	   -6.931361e+001
+2.477076e+003	   -6.893437e+001
+2.482658e+003	   -6.883988e+001
+2.488252e+003	   -6.852642e+001
+2.493859e+003	   -6.989253e+001
+2.499479e+003	   -6.998698e+001
+2.505111e+003	   -6.942999e+001
+2.510756e+003	   -6.984944e+001
+2.516414e+003	   -6.989730e+001
+2.522084e+003	   -6.904132e+001
+2.527767e+003	   -7.034165e+001
+2.533463e+003	   -6.972771e+001
+2.539172e+003	   -6.849212e+001
+2.544893e+003	   -6.787528e+001
+2.550628e+003	   -6.986392e+001
+2.556375e+003	   -6.752428e+001
+2.562136e+003	   -6.888937e+001
+2.567909e+003	   -6.863101e+001
+2.573696e+003	   -6.881475e+001
+2.579495e+003	   -6.894526e+001
+2.585308e+003	   -6.917881e+001
+2.591133e+003	   -6.811627e+001
+2.596972e+003	   -6.966494e+001
+2.602824e+003	   -6.949372e+001
+2.608689e+003	   -6.904978e+001
+2.614567e+003	   -6.927374e+001
+2.620459e+003	   -6.888523e+001
+2.626364e+003	   -6.958109e+001
+2.632282e+003	   -6.866621e+001
+2.638213e+003	   -6.870575e+001
+2.644158e+003	   -6.951566e+001
+2.650116e+003	   -6.891393e+001
+2.656088e+003	   -6.940345e+001
+2.662073e+003	   -6.811722e+001
+2.668072e+003	   -6.935859e+001
+2.674083e+003	   -6.879274e+001
+2.680109e+003	   -6.783450e+001
+2.686148e+003	   -6.773923e+001
+2.692201e+003	   -6.775566e+001
+2.698268e+003	   -6.868537e+001
+2.704348e+003	   -6.863583e+001
+2.710442e+003	   -6.824468e+001
+2.716549e+003	   -6.815842e+001
+2.722671e+003	   -6.825276e+001
+2.728806e+003	   -6.788027e+001
+2.734955e+003	   -6.816017e+001
+2.741118e+003	   -6.815667e+001
+2.747294e+003	   -6.795712e+001
+2.753485e+003	   -6.770525e+001
+2.759689e+003	   -6.745752e+001
+2.765908e+003	   -6.863663e+001
+2.772141e+003	   -6.858918e+001
+2.778387e+003	   -6.843350e+001
+2.784648e+003	   -6.763618e+001
+2.790923e+003	   -6.742990e+001
+2.797212e+003	   -6.853222e+001
+2.803515e+003	   -6.730433e+001
+2.809832e+003	   -6.760354e+001
+2.816164e+003	   -6.830351e+001
+2.822509e+003	   -6.840540e+001
+2.828869e+003	   -6.825862e+001
+2.835244e+003	   -6.723571e+001
+2.841633e+003	   -6.715117e+001
+2.848036e+003	   -6.820894e+001
+2.854454e+003	   -6.714591e+001
+2.860885e+003	   -6.720288e+001
+2.867332e+003	   -6.787394e+001
+2.873793e+003	   -6.748559e+001
+2.880269e+003	   -6.772341e+001
+2.886759e+003	   -6.726132e+001
+2.893264e+003	   -6.728802e+001
+2.899784e+003	   -6.739973e+001
+2.906318e+003	   -6.731171e+001
+2.912867e+003	   -6.754205e+001
+2.919430e+003	   -6.716299e+001
+2.926009e+003	   -6.706925e+001
+2.932602e+003	   -6.718322e+001
+2.939210e+003	   -6.712247e+001
+2.945833e+003	   -6.693935e+001
+2.952472e+003	   -6.712814e+001
+2.959125e+003	   -6.676070e+001
+2.965792e+003	   -6.703591e+001
+2.972476e+003	   -6.689202e+001
+2.979174e+003	   -6.681711e+001
+2.985887e+003	   -6.674235e+001
+2.992615e+003	   -6.644759e+001
+2.999358e+003	   -6.640122e+001
+3.006117e+003	   -6.734279e+001
+3.012891e+003	   -6.737700e+001
+3.019680e+003	   -6.634809e+001
+3.026484e+003	   -6.717999e+001
+3.033304e+003	   -6.649706e+001
+3.040139e+003	   -6.720098e+001
+3.046990e+003	   -6.696775e+001
+3.053855e+003	   -6.701100e+001
+3.060737e+003	   -6.717027e+001
+3.067634e+003	   -6.712743e+001
+3.074546e+003	   -6.612971e+001
+3.081474e+003	   -6.622894e+001
+3.088418e+003	   -6.677339e+001
+3.095377e+003	   -6.639980e+001
+3.102352e+003	   -6.664127e+001
+3.109343e+003	   -6.626656e+001
+3.116349e+003	   -6.632663e+001
+3.123372e+003	   -6.630827e+001
+3.130410e+003	   -6.646992e+001
+3.137464e+003	   -6.612608e+001
+3.144533e+003	   -6.633130e+001
+3.151619e+003	   -6.628905e+001
+3.158721e+003	   -6.611800e+001
+3.165839e+003	   -6.593103e+001
+3.172972e+003	   -6.643829e+001
+3.180122e+003	   -6.585072e+001
+3.187288e+003	   -6.626145e+001
+3.194470e+003	   -6.565705e+001
+3.201668e+003	   -6.553947e+001
+3.208883e+003	   -6.611628e+001
+3.216114e+003	   -6.578980e+001
+3.223361e+003	   -6.649319e+001
+3.230624e+003	   -6.576536e+001
+3.237904e+003	   -6.594112e+001
+3.245200e+003	   -6.530603e+001
+3.252512e+003	   -6.531484e+001
+3.259842e+003	   -6.584704e+001
+3.267187e+003	   -6.533687e+001
+3.274549e+003	   -6.623280e+001
+3.281928e+003	   -6.497130e+001
+3.289323e+003	   -6.549699e+001
+3.296735e+003	   -6.521609e+001
+3.304164e+003	   -6.515336e+001
+3.311609e+003	   -6.547980e+001
+3.319072e+003	   -6.532291e+001
+3.326551e+003	   -6.559842e+001
+3.334046e+003	   -6.523998e+001
+3.341559e+003	   -6.550341e+001
+3.349089e+003	   -6.510170e+001
+3.356636e+003	   -6.516040e+001
+3.364199e+003	   -6.524889e+001
+3.371780e+003	   -6.512456e+001
+3.379378e+003	   -6.539340e+001
+3.386993e+003	   -6.530285e+001
+3.394625e+003	   -6.521011e+001
+3.402274e+003	   -6.541607e+001
+3.409941e+003	   -6.511172e+001
+3.417625e+003	   -6.502649e+001
+3.425326e+003	   -6.537476e+001
+3.433044e+003	   -6.461256e+001
+3.440780e+003	   -6.448206e+001
+3.448533e+003	   -6.529451e+001
+3.456304e+003	   -6.527835e+001
+3.464092e+003	   -6.450864e+001
+3.471898e+003	   -6.519145e+001
+3.479721e+003	   -6.431625e+001
+3.487563e+003	   -6.517417e+001
+3.495421e+003	   -6.428874e+001
+3.503298e+003	   -6.509463e+001
+3.511192e+003	   -6.474257e+001
+3.519104e+003	   -6.467408e+001
+3.527033e+003	   -6.489797e+001
+3.534981e+003	   -6.404229e+001
+3.542947e+003	   -6.401189e+001
+3.550930e+003	   -6.462843e+001
+3.558932e+003	   -6.423401e+001
+3.566951e+003	   -6.447784e+001
+3.574989e+003	   -6.446082e+001
+3.583044e+003	   -6.419000e+001
+3.591118e+003	   -6.425102e+001
+3.599210e+003	   -6.388550e+001
+3.607321e+003	   -6.420323e+001
+3.615449e+003	   -6.400142e+001
+3.623596e+003	   -6.399129e+001
+3.631761e+003	   -6.390400e+001
+3.639945e+003	   -6.364164e+001
+3.648147e+003	   -6.371445e+001
+3.656368e+003	   -6.375123e+001
+3.664607e+003	   -6.353326e+001
+3.672864e+003	   -6.420264e+001
+3.681141e+003	   -6.401407e+001
+3.689436e+003	   -6.365194e+001
+3.697749e+003	   -6.349755e+001
+3.706081e+003	   -6.337149e+001
+3.714433e+003	   -6.348822e+001
+3.722802e+003	   -6.371580e+001
+3.731191e+003	   -6.371105e+001
+3.739599e+003	   -6.297857e+001
+3.748026e+003	   -6.300366e+001
+3.756471e+003	   -6.361958e+001
+3.764936e+003	   -6.359691e+001
+3.773419e+003	   -6.314151e+001
+3.781922e+003	   -6.294998e+001
+3.790444e+003	   -6.328384e+001
+3.798986e+003	   -6.345036e+001
+3.807546e+003	   -6.297173e+001
+3.816126e+003	   -6.299899e+001
+3.824725e+003	   -6.308089e+001
+3.833343e+003	   -6.285621e+001
+3.841981e+003	   -6.298434e+001
+3.850638e+003	   -6.285545e+001
+3.859315e+003	   -6.288629e+001
+3.868012e+003	   -6.272497e+001
+3.876728e+003	   -6.271662e+001
+3.885463e+003	   -6.276334e+001
+3.894219e+003	   -6.266225e+001
+3.902994e+003	   -6.255379e+001
+3.911789e+003	   -6.272562e+001
+3.920603e+003	   -6.241006e+001
+3.929438e+003	   -6.272882e+001
+3.938292e+003	   -6.273607e+001
+3.947167e+003	   -6.248118e+001
+3.956061e+003	   -6.282270e+001
+3.964975e+003	   -6.203548e+001
+3.973910e+003	   -6.234570e+001
+3.982864e+003	   -6.197314e+001
+3.991839e+003	   -6.247098e+001
+4.000834e+003	   -6.197396e+001
+4.009849e+003	   -6.270683e+001
+4.018885e+003	   -6.261190e+001
+4.027941e+003	   -6.218762e+001
+4.037017e+003	   -6.227763e+001
+4.046114e+003	   -6.164551e+001
+4.055231e+003	   -6.156258e+001
+4.064369e+003	   -6.211233e+001
+4.073528e+003	   -6.207888e+001
+4.082707e+003	   -6.207489e+001
+4.091906e+003	   -6.222337e+001
+4.101127e+003	   -6.123102e+001
+4.110368e+003	   -6.206294e+001
+4.119630e+003	   -6.122560e+001
+4.128914e+003	   -6.203448e+001
+4.138217e+003	   -6.146533e+001
+4.147542e+003	   -6.176133e+001
+4.156888e+003	   -6.167453e+001
+4.166255e+003	   -6.136084e+001
+4.175643e+003	   -6.123100e+001
+4.185052e+003	   -6.132321e+001
+4.194482e+003	   -6.124310e+001
+4.203934e+003	   -6.118312e+001
+4.213407e+003	   -6.138922e+001
+4.222901e+003	   -6.085075e+001
+4.232417e+003	   -6.136065e+001
+4.241954e+003	   -6.128333e+001
+4.251513e+003	   -6.083748e+001
+4.261093e+003	   -6.061056e+001
+4.270695e+003	   -6.127440e+001
+4.280318e+003	   -6.096231e+001
+4.289963e+003	   -6.113230e+001
+4.299630e+003	   -6.099069e+001
+4.309318e+003	   -6.100693e+001
+4.319029e+003	   -6.024812e+001
+4.328761e+003	   -6.024453e+001
+4.338516e+003	   -6.098827e+001
+4.348292e+003	   -6.037819e+001
+4.358090e+003	   -6.114481e+001
+4.367910e+003	   -6.013673e+001
+4.377752e+003	   -6.052898e+001
+4.387617e+003	   -6.025176e+001
+4.397504e+003	   -6.033563e+001
+4.407413e+003	   -6.016275e+001
+4.417345e+003	   -5.971209e+001
+4.427298e+003	   -6.013081e+001
+4.437275e+003	   -6.003192e+001
+4.447273e+003	   -5.985025e+001
+4.457295e+003	   -6.025729e+001
+4.467339e+003	   -5.985209e+001
+4.477405e+003	   -6.021098e+001
+4.487494e+003	   -5.991415e+001
+4.497606e+003	   -6.003727e+001
+4.507741e+003	   -5.997406e+001
+4.517898e+003	   -5.989292e+001
+4.528079e+003	   -5.972774e+001
+4.538282e+003	   -5.970825e+001
+4.548508e+003	   -5.994514e+001
+4.558758e+003	   -5.957927e+001
+4.569030e+003	   -5.989904e+001
+4.579326e+003	   -5.925382e+001
+4.589645e+003	   -5.966460e+001
+4.599987e+003	   -5.924035e+001
+4.610353e+003	   -5.935232e+001
+4.620741e+003	   -5.917120e+001
+4.631153e+003	   -5.950923e+001
+4.641589e+003	   -5.888755e+001
+4.652048e+003	   -5.911694e+001
+4.662531e+003	   -5.956830e+001
+4.673037e+003	   -5.953623e+001
+4.683567e+003	   -5.937667e+001
+4.694121e+003	   -5.898357e+001
+4.704698e+003	   -5.855238e+001
+4.715299e+003	   -5.937771e+001
+4.725925e+003	   -5.869584e+001
+4.736574e+003	   -5.907554e+001
+4.747247e+003	   -5.856963e+001
+4.757944e+003	   -5.925212e+001
+4.768666e+003	   -5.843309e+001
+4.779411e+003	   -5.919532e+001
+4.790181e+003	   -5.911086e+001
+4.800975e+003	   -5.855434e+001
+4.811793e+003	   -5.896326e+001
+4.822636e+003	   -5.863890e+001
+4.833503e+003	   -5.825713e+001
+4.844395e+003	   -5.817659e+001
+4.855311e+003	   -5.819796e+001
+4.866251e+003	   -5.841503e+001
+4.877217e+003	   -5.821615e+001
+4.888207e+003	   -5.820967e+001
+4.899222e+003	   -5.823976e+001
+4.910261e+003	   -5.814292e+001
+4.921326e+003	   -5.777386e+001
+4.932415e+003	   -5.830440e+001
+4.943530e+003	   -5.829613e+001
+4.954669e+003	   -5.764583e+001
+4.965834e+003	   -5.819149e+001
+4.977023e+003	   -5.815105e+001
+4.988239e+003	   -5.733492e+001
+4.999479e+003	   -5.798915e+001
+5.010744e+003	   -5.798774e+001
+5.022035e+003	   -5.717357e+001
+5.033352e+003	   -5.753688e+001
+5.044694e+003	   -5.740290e+001
+5.056061e+003	   -5.713663e+001
+5.067454e+003	   -5.690063e+001
+5.078873e+003	   -5.685553e+001
+5.090317e+003	   -5.728811e+001
+5.101788e+003	   -5.668606e+001
+5.113284e+003	   -5.671496e+001
+5.124806e+003	   -5.738600e+001
+5.136354e+003	   -5.657512e+001
+5.147928e+003	   -5.649572e+001
+5.159528e+003	   -5.748269e+001
+5.171154e+003	   -5.664500e+001
+5.182807e+003	   -5.647862e+001
+5.194485e+003	   -5.707859e+001
+5.206190e+003	   -5.660563e+001
+5.217922e+003	   -5.667913e+001
+5.229680e+003	   -5.641242e+001
+5.241464e+003	   -5.662438e+001
+5.253274e+003	   -5.671152e+001
+5.265112e+003	   -5.663477e+001
+5.276976e+003	   -5.651744e+001
+5.288867e+003	   -5.662719e+001
+5.300785e+003	   -5.655013e+001
+5.312729e+003	   -5.611654e+001
+5.324701e+003	   -5.664820e+001
+5.336699e+003	   -5.651048e+001
+5.348725e+003	   -5.646626e+001
+5.360777e+003	   -5.623806e+001
+5.372857e+003	   -5.594362e+001
+5.384964e+003	   -5.590528e+001
+5.397098e+003	   -5.605334e+001
+5.409260e+003	   -5.608880e+001
+5.421449e+003	   -5.622763e+001
+5.433665e+003	   -5.603873e+001
+5.445909e+003	   -5.543768e+001
+5.458181e+003	   -5.517293e+001
+5.470480e+003	   -5.552919e+001
+5.482807e+003	   -5.604643e+001
+5.495161e+003	   -5.549675e+001
+5.507544e+003	   -5.538845e+001
+5.519954e+003	   -5.591869e+001
+5.532393e+003	   -5.499387e+001
+5.544859e+003	   -5.562834e+001
+5.557354e+003	   -5.545961e+001
+5.569876e+003	   -5.485840e+001
+5.582427e+003	   -5.548949e+001
+5.595006e+003	   -5.540446e+001
+5.607614e+003	   -5.534692e+001
+5.620250e+003	   -5.485601e+001
+5.632914e+003	   -5.514841e+001
+5.645607e+003	   -5.518228e+001
+5.658329e+003	   -5.504921e+001
+5.671079e+003	   -5.484144e+001
+5.683858e+003	   -5.485992e+001
+5.696666e+003	   -5.476564e+001
+5.709502e+003	   -5.447933e+001
+5.722368e+003	   -5.477217e+001
+5.735262e+003	   -5.421988e+001
+5.748186e+003	   -5.437730e+001
+5.761138e+003	   -5.419716e+001
+5.774120e+003	   -5.445564e+001
+5.787131e+003	   -5.412580e+001
+5.800172e+003	   -5.425322e+001
+5.813242e+003	   -5.399801e+001
+5.826341e+003	   -5.382064e+001
+5.839470e+003	   -5.444752e+001
+5.852628e+003	   -5.438099e+001
+5.865816e+003	   -5.419633e+001
+5.879034e+003	   -5.453611e+001
+5.892281e+003	   -5.359633e+001
+5.905559e+003	   -5.432381e+001
+5.918866e+003	   -5.428330e+001
+5.932204e+003	   -5.420670e+001
+5.945571e+003	   -5.379480e+001
+5.958968e+003	   -5.365167e+001
+5.972396e+003	   -5.315970e+001
+5.985854e+003	   -5.319616e+001
+5.999342e+003	   -5.301736e+001
+6.012860e+003	   -5.379174e+001
+6.026410e+003	   -5.308232e+001
+6.039989e+003	   -5.360034e+001
+6.053600e+003	   -5.352471e+001
+6.067240e+003	   -5.346192e+001
+6.080912e+003	   -5.329442e+001
+6.094614e+003	   -5.316448e+001
+6.108348e+003	   -5.321611e+001
+6.122112e+003	   -5.316317e+001
+6.135907e+003	   -5.312819e+001
+6.149733e+003	   -5.299858e+001
+6.163591e+003	   -5.269771e+001
+6.177480e+003	   -5.292376e+001
+6.191400e+003	   -5.265422e+001
+6.205351e+003	   -5.263337e+001
+6.219334e+003	   -5.237395e+001
+6.233349e+003	   -5.292534e+001
+6.247395e+003	   -5.218252e+001
+6.261472e+003	   -5.221861e+001
+6.275581e+003	   -5.236726e+001
+6.289722e+003	   -5.213804e+001
+6.303896e+003	   -5.245602e+001
+6.318100e+003	   -5.212171e+001
+6.332337e+003	   -5.259517e+001
+6.346606e+003	   -5.202126e+001
+6.360907e+003	   -5.176900e+001
+6.375241e+003	   -5.207662e+001
+6.389606e+003	   -5.229085e+001
+6.404004e+003	   -5.170170e+001
+6.418435e+003	   -5.233920e+001
+6.432898e+003	   -5.220555e+001
+6.447393e+003	   -5.171956e+001
+6.461921e+003	   -5.209469e+001
+6.476482e+003	   -5.219653e+001
+6.491076e+003	   -5.122951e+001
+6.505703e+003	   -5.178309e+001
+6.520363e+003	   -5.125063e+001
+6.535055e+003	   -5.124918e+001
+6.549781e+003	   -5.138272e+001
+6.564540e+003	   -5.140060e+001
+6.579332e+003	   -5.118780e+001
+6.594158e+003	   -5.148756e+001
+6.609017e+003	   -5.131388e+001
+6.623909e+003	   -5.148039e+001
+6.638835e+003	   -5.113685e+001
+6.653795e+003	   -5.095121e+001
+6.668788e+003	   -5.111377e+001
+6.683815e+003	   -5.107477e+001
+6.698876e+003	   -5.114832e+001
+6.713971e+003	   -5.053586e+001
+6.729100e+003	   -5.099812e+001
+6.744263e+003	   -5.069510e+001
+6.759460e+003	   -5.101800e+001
+6.774692e+003	   -5.039260e+001
+6.789958e+003	   -5.021226e+001
+6.805258e+003	   -5.002374e+001
+6.820592e+003	   -5.006181e+001
+6.835961e+003	   -5.048745e+001
+6.851365e+003	   -5.064412e+001
+6.866804e+003	   -4.990892e+001
+6.882277e+003	   -5.066315e+001
+6.897785e+003	   -4.984471e+001
+6.913329e+003	   -5.061458e+001
+6.928907e+003	   -5.016272e+001
+6.944520e+003	   -4.948532e+001
+6.960168e+003	   -4.954913e+001
+6.975852e+003	   -4.953879e+001
+6.991571e+003	   -4.944622e+001
+7.007326e+003	   -4.930394e+001
+7.023116e+003	   -4.997364e+001
+7.038941e+003	   -4.985190e+001
+7.054802e+003	   -4.942758e+001
+7.070699e+003	   -4.967249e+001
+7.086632e+003	   -4.957951e+001
+7.102601e+003	   -4.976736e+001
+7.118605e+003	   -4.928022e+001
+7.134646e+003	   -4.958603e+001
+7.150723e+003	   -4.949669e+001
+7.166836e+003	   -4.932777e+001
+7.182985e+003	   -4.935247e+001
+7.199171e+003	   -4.910388e+001
+7.215394e+003	   -4.900542e+001
+7.231652e+003	   -4.915119e+001
+7.247948e+003	   -4.909840e+001
+7.264280e+003	   -4.937767e+001
+7.280649e+003	   -4.914098e+001
+7.297055e+003	   -4.896404e+001
+7.313498e+003	   -4.851202e+001
+7.329978e+003	   -4.826534e+001
+7.346495e+003	   -4.898806e+001
+7.363049e+003	   -4.904673e+001
+7.379640e+003	   -4.799756e+001
+7.396269e+003	   -4.875420e+001
+7.412936e+003	   -4.839390e+001
+7.429640e+003	   -4.820736e+001
+7.446381e+003	   -4.874952e+001
+7.463161e+003	   -4.790258e+001
+7.479978e+003	   -4.851044e+001
+7.496833e+003	   -4.771024e+001
+7.513726e+003	   -4.827146e+001
+7.530657e+003	   -4.796888e+001
+7.547626e+003	   -4.822813e+001
+7.564633e+003	   -4.813400e+001
+7.581679e+003	   -4.793637e+001
+7.598763e+003	   -4.791341e+001
+7.615886e+003	   -4.776186e+001
+7.633047e+003	   -4.768063e+001
+7.650247e+003	   -4.760140e+001
+7.667486e+003	   -4.787772e+001
+7.684763e+003	   -4.737868e+001
+7.702080e+003	   -4.759559e+001
+7.719436e+003	   -4.747020e+001
+7.736830e+003	   -4.726298e+001
+7.754264e+003	   -4.775118e+001
+7.771737e+003	   -4.755495e+001
+7.789249e+003	   -4.688541e+001
+7.806801e+003	   -4.703319e+001
+7.824393e+003	   -4.749042e+001
+7.842024e+003	   -4.732492e+001
+7.859694e+003	   -4.683196e+001
+7.877405e+003	   -4.696373e+001
+7.895156e+003	   -4.699264e+001
+7.912946e+003	   -4.721075e+001
+7.930777e+003	   -4.696648e+001
+7.948648e+003	   -4.684546e+001
+7.966559e+003	   -4.699387e+001
+7.984510e+003	   -4.655479e+001
+8.002502e+003	   -4.621832e+001
+8.020535e+003	   -4.622553e+001
+8.038608e+003	   -4.690659e+001
+8.056722e+003	   -4.639484e+001
+8.074876e+003	   -4.627805e+001
+8.093072e+003	   -4.659692e+001
+8.111308e+003	   -4.611803e+001
+8.129586e+003	   -4.617120e+001
+8.147905e+003	   -4.651725e+001
+8.166265e+003	   -4.565332e+001
+8.184667e+003	   -4.576400e+001
+8.203109e+003	   -4.581331e+001
+8.221594e+003	   -4.581020e+001
+8.240120e+003	   -4.584245e+001
+8.258688e+003	   -4.578885e+001
+8.277298e+003	   -4.578647e+001
+8.295949e+003	   -4.566246e+001
+8.314643e+003	   -4.559093e+001
+8.333379e+003	   -4.545851e+001
+8.352156e+003	   -4.548748e+001
+8.370977e+003	   -4.539894e+001
+8.389840e+003	   -4.576590e+001
+8.408745e+003	   -4.564554e+001
+8.427692e+003	   -4.573621e+001
+8.446684e+003	   -4.516155e+001
+8.465717e+003	   -4.515562e+001
+8.484793e+003	   -4.544683e+001
+8.503912e+003	   -4.499534e+001
+8.523074e+003	   -4.498121e+001
+8.542280e+003	   -4.544817e+001
+8.561528e+003	   -4.499931e+001
+8.580821e+003	   -4.479717e+001
+8.600156e+003	   -4.527418e+001
+8.619536e+003	   -4.493413e+001
+8.638959e+003	   -4.465768e+001
+8.658425e+003	   -4.483672e+001
+8.677936e+003	   -4.509565e+001
+8.697490e+003	   -4.489149e+001
+8.717089e+003	   -4.500185e+001
+8.736731e+003	   -4.492838e+001
+8.756418e+003	   -4.422372e+001
+8.776149e+003	   -4.466503e+001
+8.795925e+003	   -4.409962e+001
+8.815745e+003	   -4.445493e+001
+8.835610e+003	   -4.460209e+001
+8.855521e+003	   -4.394649e+001
+8.875475e+003	   -4.397743e+001
+8.895475e+003	   -4.421507e+001
+8.915519e+003	   -4.398322e+001
+8.935608e+003	   -4.384180e+001
+8.955744e+003	   -4.383523e+001
+8.975924e+003	   -4.393567e+001
+8.996150e+003	   -4.377182e+001
+9.016422e+003	   -4.388406e+001
+9.036739e+003	   -4.372406e+001
+9.057102e+003	   -4.340217e+001
+9.077511e+003	   -4.315420e+001
+9.097966e+003	   -4.377766e+001
+9.118467e+003	   -4.322518e+001
+9.139014e+003	   -4.344222e+001
+9.159606e+003	   -4.373224e+001
+9.180247e+003	   -4.328185e+001
+9.200933e+003	   -4.294059e+001
+9.221666e+003	   -4.364535e+001
+9.242445e+003	   -4.361438e+001
+9.263272e+003	   -4.343179e+001
+9.284146e+003	   -4.306031e+001
+9.305065e+003	   -4.268877e+001
+9.326033e+003	   -4.268364e+001
+9.347048e+003	   -4.305040e+001
+9.368110e+003	   -4.269851e+001
+9.389220e+003	   -4.289566e+001
+9.410377e+003	   -4.251000e+001
+9.431582e+003	   -4.283986e+001
+9.452835e+003	   -4.232576e+001
+9.474136e+003	   -4.246464e+001
+9.495484e+003	   -4.236526e+001
+9.516881e+003	   -4.273643e+001
+9.538325e+003	   -4.256992e+001
+9.559818e+003	   -4.226724e+001
+9.581360e+003	   -4.244994e+001
+9.602950e+003	   -4.235159e+001
+9.624590e+003	   -4.234748e+001
+9.646277e+003	   -4.211563e+001
+9.668014e+003	   -4.199033e+001
+9.689799e+003	   -4.182840e+001
+9.711634e+003	   -4.208242e+001
+9.733517e+003	   -4.182223e+001
+9.755450e+003	   -4.200310e+001
+9.777433e+003	   -4.144136e+001
+9.799465e+003	   -4.170996e+001
+9.821546e+003	   -4.145427e+001
+9.843678e+003	   -4.156299e+001
+9.865858e+003	   -4.128170e+001
+9.888090e+003	   -4.171961e+001
+9.910371e+003	   -4.181620e+001
+9.932703e+003	   -4.109718e+001
+9.955085e+003	   -4.187840e+001
+9.977518e+003	   -4.101988e+001
+1.000000e+004	   -4.148104e+001
+1.002253e+004	   -4.151177e+001
+1.004512e+004	   -4.167168e+001
+1.006775e+004	   -4.138549e+001
+1.009044e+004	   -4.088369e+001
+1.011318e+004	   -4.126116e+001
+1.013596e+004	   -4.058123e+001
+1.015880e+004	   -4.134607e+001
+1.018170e+004	   -4.059834e+001
+1.020464e+004	   -4.082456e+001
+1.022763e+004	   -4.122166e+001
+1.025068e+004	   -4.098647e+001
+1.027378e+004	   -4.086736e+001
+1.029693e+004	   -4.070296e+001
+1.032013e+004	   -4.055574e+001
+1.034339e+004	   -4.079911e+001
+1.036669e+004	   -4.034584e+001
+1.039005e+004	   -4.028499e+001
+1.041347e+004	   -4.052789e+001
+1.043693e+004	   -4.068892e+001
+1.046045e+004	   -4.051115e+001
+1.048402e+004	   -4.017973e+001
+1.050764e+004	   -4.037457e+001
+1.053132e+004	   -3.991115e+001
+1.055505e+004	   -4.050362e+001
+1.057884e+004	   -4.048396e+001
+1.060267e+004	   -3.992406e+001
+1.062657e+004	   -4.021117e+001
+1.065051e+004	   -3.965981e+001
+1.067451e+004	   -3.987431e+001
+1.069856e+004	   -4.003625e+001
+1.072267e+004	   -3.970540e+001
+1.074683e+004	   -3.934036e+001
+1.077105e+004	   -3.953079e+001
+1.079532e+004	   -3.935375e+001
+1.081965e+004	   -3.921020e+001
+1.084403e+004	   -3.973169e+001
+1.086846e+004	   -3.957008e+001
+1.089295e+004	   -3.925254e+001
+1.091750e+004	   -3.921154e+001
+1.094210e+004	   -3.921663e+001
+1.096676e+004	   -3.891323e+001
+1.099147e+004	   -3.880100e+001
+1.101624e+004	   -3.902290e+001
+1.104106e+004	   -3.930368e+001
+1.106594e+004	   -3.931891e+001
+1.109087e+004	   -3.948840e+001
+1.111587e+004	   -3.885307e+001
+1.114091e+004	   -3.909255e+001
+1.116602e+004	   -3.880038e+001
+1.119118e+004	   -3.897279e+001
+1.121640e+004	   -3.886926e+001
+1.124167e+004	   -3.896951e+001
+1.126700e+004	   -3.856870e+001
+1.129239e+004	   -3.876813e+001
+1.131784e+004	   -3.862352e+001
+1.134334e+004	   -3.848299e+001
+1.136890e+004	   -3.881869e+001
+1.139452e+004	   -3.824656e+001
+1.142019e+004	   -3.859801e+001
+1.144593e+004	   -3.861247e+001
+1.147172e+004	   -3.866256e+001
+1.149757e+004	   -3.880120e+001
+1.152348e+004	   -3.873789e+001
+1.154944e+004	   -3.858453e+001
+1.157547e+004	   -3.778155e+001
+1.160155e+004	   -3.767773e+001
+1.162770e+004	   -3.819702e+001
+1.165390e+004	   -3.827128e+001
+1.168016e+004	   -3.774155e+001
+1.170648e+004	   -3.753452e+001
+1.173286e+004	   -3.820270e+001
+1.175929e+004	   -3.832372e+001
+1.178579e+004	   -3.816540e+001
+1.181235e+004	   -3.826262e+001
+1.183897e+004	   -3.802604e+001
+1.186564e+004	   -3.740995e+001
+1.189238e+004	   -3.725700e+001
+1.191918e+004	   -3.778126e+001
+1.194604e+004	   -3.770169e+001
+1.197296e+004	   -3.759336e+001
+1.199993e+004	   -3.744742e+001
+1.202697e+004	   -3.759043e+001
+1.205408e+004	   -3.767825e+001
+1.208124e+004	   -3.713618e+001
+1.210846e+004	   -3.703088e+001
+1.213575e+004	   -3.714310e+001
+1.216309e+004	   -3.730598e+001
+1.219050e+004	   -3.723127e+001
+1.221797e+004	   -3.744887e+001
+1.224550e+004	   -3.689565e+001
+1.227309e+004	   -3.670033e+001
+1.230075e+004	   -3.682262e+001
+1.232847e+004	   -3.697223e+001
+1.235625e+004	   -3.721169e+001
+1.238409e+004	   -3.658953e+001
+1.241200e+004	   -3.697375e+001
+1.243996e+004	   -3.674033e+001
+1.246800e+004	   -3.696513e+001
+1.249609e+004	   -3.705899e+001
+1.252425e+004	   -3.703902e+001
+1.255247e+004	   -3.643878e+001
+1.258076e+004	   -3.666970e+001
+1.260911e+004	   -3.676289e+001
+1.263752e+004	   -3.635173e+001
+1.266599e+004	   -3.621189e+001
+1.269454e+004	   -3.593898e+001
+1.272314e+004	   -3.668594e+001
+1.275181e+004	   -3.599142e+001
+1.278054e+004	   -3.642245e+001
+1.280934e+004	   -3.632129e+001
+1.283821e+004	   -3.610965e+001
+1.286714e+004	   -3.566186e+001
+1.289613e+004	   -3.611723e+001
+1.292519e+004	   -3.598297e+001
+1.295432e+004	   -3.599792e+001
+1.298351e+004	   -3.598121e+001
+1.301276e+004	   -3.593563e+001
+1.304208e+004	   -3.608634e+001
+1.307147e+004	   -3.597256e+001
+1.310093e+004	   -3.568051e+001
+1.313045e+004	   -3.591810e+001
+1.316004e+004	   -3.537807e+001
+1.318969e+004	   -3.572696e+001
+1.321941e+004	   -3.563751e+001
+1.324920e+004	   -3.532514e+001
+1.327905e+004	   -3.531812e+001
+1.330898e+004	   -3.512321e+001
+1.333897e+004	   -3.580515e+001
+1.336902e+004	   -3.511348e+001
+1.339915e+004	   -3.500784e+001
+1.342934e+004	   -3.516136e+001
+1.345960e+004	   -3.503346e+001
+1.348993e+004	   -3.535354e+001
+1.352033e+004	   -3.555869e+001
+1.355080e+004	   -3.545247e+001
+1.358133e+004	   -3.530604e+001
+1.361193e+004	   -3.468209e+001
+1.364261e+004	   -3.538952e+001
+1.367335e+004	   -3.504186e+001
+1.370416e+004	   -3.505551e+001
+1.373504e+004	   -3.501574e+001
+1.376599e+004	   -3.515131e+001
+1.379701e+004	   -3.445930e+001
+1.382810e+004	   -3.465099e+001
+1.385926e+004	   -3.484298e+001
+1.389049e+004	   -3.474238e+001
+1.392179e+004	   -3.456619e+001
+1.395316e+004	   -3.468494e+001
+1.398460e+004	   -3.444146e+001
+1.401611e+004	   -3.457344e+001
+1.404770e+004	   -3.442154e+001
+1.407935e+004	   -3.436867e+001
+1.411108e+004	   -3.408122e+001
+1.414287e+004	   -3.470469e+001
+1.417474e+004	   -3.418398e+001
+1.420668e+004	   -3.424868e+001
+1.423870e+004	   -3.402346e+001
+1.427078e+004	   -3.420419e+001
+1.430294e+004	   -3.388693e+001
+1.433517e+004	   -3.418440e+001
+1.436747e+004	   -3.400280e+001
+1.439984e+004	   -3.376991e+001
+1.443229e+004	   -3.418239e+001
+1.446481e+004	   -3.412638e+001
+1.449741e+004	   -3.353745e+001
+1.453007e+004	   -3.427371e+001
+1.456282e+004	   -3.404117e+001
+1.459563e+004	   -3.369503e+001
+1.462852e+004	   -3.385690e+001
+1.466148e+004	   -3.401695e+001
+1.469452e+004	   -3.342294e+001
+1.472763e+004	   -3.385991e+001
+1.476082e+004	   -3.334444e+001
+1.479408e+004	   -3.338801e+001
+1.482742e+004	   -3.327176e+001
+1.486083e+004	   -3.384138e+001
+1.489431e+004	   -3.366898e+001
+1.492788e+004	   -3.341231e+001
+1.496151e+004	   -3.328992e+001
+1.499523e+004	   -3.347586e+001
+1.502902e+004	   -3.339737e+001
+1.506288e+004	   -3.354848e+001
+1.509683e+004	   -3.319562e+001
+1.513084e+004	   -3.280775e+001
+1.516494e+004	   -3.336514e+001
+1.519911e+004	   -3.314923e+001
+1.523336e+004	   -3.299227e+001
+1.526769e+004	   -3.344366e+001
+1.530209e+004	   -3.295566e+001
+1.533657e+004	   -3.335370e+001
+1.537113e+004	   -3.314071e+001
+1.540577e+004	   -3.315882e+001
+1.544048e+004	   -3.262849e+001
+1.547527e+004	   -3.313988e+001
+1.551014e+004	   -3.304667e+001
+1.554509e+004	   -3.306039e+001
+1.558012e+004	   -3.314489e+001
+1.561523e+004	   -3.302024e+001
+1.565042e+004	   -3.302924e+001
+1.568568e+004	   -3.296125e+001
+1.572103e+004	   -3.266515e+001
+1.575645e+004	   -3.267614e+001
+1.579196e+004	   -3.232648e+001
+1.582754e+004	   -3.284155e+001
+1.586321e+004	   -3.224616e+001
+1.589895e+004	   -3.262794e+001
+1.593478e+004	   -3.275459e+001
+1.597069e+004	   -3.231197e+001
+1.600667e+004	   -3.217799e+001
+1.604274e+004	   -3.216079e+001
+1.607889e+004	   -3.202478e+001
+1.611512e+004	   -3.230803e+001
+1.615144e+004	   -3.265667e+001
+1.618783e+004	   -3.221222e+001
+1.622431e+004	   -3.221300e+001
+1.626087e+004	   -3.218662e+001
+1.629751e+004	   -3.235456e+001
+1.633423e+004	   -3.228905e+001
+1.637104e+004	   -3.235359e+001
+1.640793e+004	   -3.199268e+001
+1.644490e+004	   -3.229698e+001
+1.648196e+004	   -3.159470e+001
+1.651910e+004	   -3.171086e+001
+1.655632e+004	   -3.165706e+001
+1.659363e+004	   -3.151580e+001
+1.663102e+004	   -3.150805e+001
+1.666849e+004	   -3.210572e+001
+1.670605e+004	   -3.167857e+001
+1.674370e+004	   -3.186949e+001
+1.678143e+004	   -3.197790e+001
+1.681924e+004	   -3.133711e+001
+1.685714e+004	   -3.193487e+001
+1.689513e+004	   -3.179660e+001
+1.693320e+004	   -3.187607e+001
+1.697136e+004	   -3.126598e+001
+1.700960e+004	   -3.168171e+001
+1.704793e+004	   -3.173817e+001
+1.708634e+004	   -3.175138e+001
+1.712484e+004	   -3.117150e+001
+1.716343e+004	   -3.127347e+001
+1.720211e+004	   -3.150164e+001
+1.724087e+004	   -3.114304e+001
+1.727972e+004	   -3.151951e+001
+1.731866e+004	   -3.115595e+001
+1.735768e+004	   -3.122355e+001
+1.739679e+004	   -3.161689e+001
+1.743599e+004	   -3.117313e+001
+1.747528e+004	   -3.128892e+001
+1.751466e+004	   -3.099559e+001
+1.755413e+004	   -3.081118e+001
+1.759368e+004	   -3.086696e+001
+1.763333e+004	   -3.118579e+001
+1.767306e+004	   -3.123925e+001
+1.771289e+004	   -3.066515e+001
+1.775280e+004	   -3.129443e+001
+1.779280e+004	   -3.084261e+001
+1.783290e+004	   -3.050500e+001
+1.787308e+004	   -3.067270e+001
+1.791336e+004	   -3.099036e+001
+1.795372e+004	   -3.082087e+001
+1.799418e+004	   -3.079267e+001
+1.803472e+004	   -3.093663e+001
+1.807536e+004	   -3.099703e+001
+1.811609e+004	   -3.049860e+001
+1.815691e+004	   -3.094886e+001
+1.819783e+004	   -3.045071e+001
+1.823883e+004	   -3.079714e+001
+1.827993e+004	   -3.060331e+001
+1.832112e+004	   -3.067123e+001
+1.836241e+004	   -3.073340e+001
+1.840379e+004	   -3.019648e+001
+1.844525e+004	   -3.057670e+001
+1.848682e+004	   -3.019736e+001
+1.852847e+004	   -3.045386e+001
+1.857023e+004	   -3.065630e+001
+1.861207e+004	   -3.038805e+001
+1.865401e+004	   -3.059404e+001
+1.869604e+004	   -3.031122e+001
+1.873817e+004	   -3.013118e+001
+1.878040e+004	   -3.021376e+001
+1.882272e+004	   -3.035752e+001
+1.886513e+004	   -3.030235e+001
+1.890764e+004	   -3.040444e+001
+1.895025e+004	   -3.029398e+001
+1.899295e+004	   -2.994831e+001
+1.903575e+004	   -3.008711e+001
+1.907864e+004	   -3.000757e+001
+1.912163e+004	   -2.989347e+001
+1.916472e+004	   -3.009774e+001
+1.920790e+004	   -2.963233e+001
+1.925119e+004	   -3.008978e+001
+1.929456e+004	   -2.985496e+001
+1.933804e+004	   -3.020653e+001
+1.938162e+004	   -2.964928e+001
+1.942529e+004	   -2.957750e+001
+1.946906e+004	   -2.966157e+001
+1.951293e+004	   -2.952752e+001
+1.955690e+004	   -2.939168e+001
+1.960097e+004	   -2.944757e+001
+1.964514e+004	   -2.937187e+001
+1.968941e+004	   -2.972587e+001
+1.973378e+004	   -2.942199e+001
+1.977824e+004	   -2.969996e+001
+1.982281e+004	   -2.953579e+001
+1.986748e+004	   -2.941198e+001
+1.991225e+004	   -2.984280e+001
+1.995712e+004	   -2.946188e+001
+2.000209e+004	   -2.952643e+001
+2.004716e+004	   -2.971083e+001
+2.009233e+004	   -2.959658e+001
+2.013761e+004	   -2.951614e+001
+2.018298e+004	   -2.973626e+001
+2.022846e+004	   -2.950967e+001
+2.027404e+004	   -2.917479e+001
+2.031973e+004	   -2.927721e+001
+2.036552e+004	   -2.942360e+001
+2.041141e+004	   -2.919848e+001
+2.045740e+004	   -2.900677e+001
+2.050350e+004	   -2.944806e+001
+2.054970e+004	   -2.903874e+001
+2.059601e+004	   -2.904825e+001
+2.064242e+004	   -2.941759e+001
+2.068893e+004	   -2.910342e+001
+2.073555e+004	   -2.942079e+001
+2.078227e+004	   -2.935780e+001
+2.082910e+004	   -2.868025e+001
+2.087604e+004	   -2.914520e+001
+2.092308e+004	   -2.879382e+001
+2.097023e+004	   -2.919676e+001
+2.101748e+004	   -2.868386e+001
+2.106484e+004	   -2.867083e+001
+2.111231e+004	   -2.862561e+001
+2.115988e+004	   -2.904790e+001
+2.120756e+004	   -2.863482e+001
+2.125535e+004	   -2.899213e+001
+2.130324e+004	   -2.917422e+001
+2.135125e+004	   -2.857558e+001
+2.139936e+004	   -2.869511e+001
+2.144758e+004	   -2.898790e+001
+2.149591e+004	   -2.849540e+001
+2.154435e+004	   -2.875861e+001
+2.159289e+004	   -2.864622e+001
+2.164155e+004	   -2.849129e+001
+2.169032e+004	   -2.856003e+001
+2.173919e+004	   -2.824253e+001
+2.178818e+004	   -2.854081e+001
+2.183728e+004	   -2.847729e+001
+2.188648e+004	   -2.855372e+001
+2.193580e+004	   -2.842475e+001
+2.198523e+004	   -2.854872e+001
+2.203477e+004	   -2.812680e+001
+2.208442e+004	   -2.830325e+001
+2.213419e+004	   -2.846893e+001
+2.218406e+004	   -2.852956e+001
+2.223405e+004	   -2.804721e+001
+2.228415e+004	   -2.855000e+001
+2.233437e+004	   -2.808557e+001
+2.238469e+004	   -2.831313e+001
+2.243513e+004	   -2.860515e+001
+2.248569e+004	   -2.811650e+001
+2.253636e+004	   -2.806566e+001
+2.258714e+004	   -2.826298e+001
+2.263803e+004	   -2.809425e+001
+2.268904e+004	   -2.772561e+001
+2.274017e+004	   -2.787999e+001
+2.279141e+004	   -2.776040e+001
+2.284277e+004	   -2.802671e+001
+2.289424e+004	   -2.788755e+001
+2.294583e+004	   -2.815020e+001
+2.299754e+004	   -2.811987e+001
+2.304936e+004	   -2.774149e+001
+2.310130e+004	   -2.776057e+001
+2.315335e+004	   -2.802162e+001
+2.320553e+004	   -2.759513e+001
+2.325781e+004	   -2.780242e+001
+2.331022e+004	   -2.753328e+001
+2.336275e+004	   -2.785900e+001
+2.341539e+004	   -2.776706e+001
+2.346816e+004	   -2.797418e+001
+2.352104e+004	   -2.772387e+001
+2.357404e+004	   -2.763957e+001
+2.362716e+004	   -2.736135e+001
+2.368040e+004	   -2.771332e+001
+2.373376e+004	   -2.732220e+001
+2.378724e+004	   -2.786747e+001
+2.384084e+004	   -2.748697e+001
+2.389456e+004	   -2.764572e+001
+2.394841e+004	   -2.720570e+001
+2.400237e+004	   -2.748943e+001
+2.405646e+004	   -2.703751e+001
+2.411066e+004	   -2.747550e+001
+2.416499e+004	   -2.711075e+001
+2.421945e+004	   -2.708910e+001
+2.427402e+004	   -2.751811e+001
+2.432872e+004	   -2.740611e+001
+2.438354e+004	   -2.753041e+001
+2.443849e+004	   -2.761424e+001
+2.449355e+004	   -2.744316e+001
+2.454875e+004	   -2.749875e+001
+2.460406e+004	   -2.691171e+001
+2.465951e+004	   -2.737054e+001
+2.471507e+004	   -2.722674e+001
+2.477076e+004	   -2.717199e+001
+2.482658e+004	   -2.744833e+001
+2.488252e+004	   -2.720796e+001
+2.493859e+004	   -2.736249e+001
+2.499479e+004	   -2.679164e+001
+2.505111e+004	   -2.700492e+001
+2.510756e+004	   -2.706087e+001
+2.516413e+004	   -2.721606e+001
+2.522084e+004	   -2.717855e+001
+2.527767e+004	   -2.701328e+001
+2.533463e+004	   -2.711839e+001
+2.539172e+004	   -2.706416e+001
+2.544893e+004	   -2.715824e+001
+2.550628e+004	   -2.661876e+001
+2.556375e+004	   -2.721979e+001
+2.562136e+004	   -2.687172e+001
+2.567909e+004	   -2.699163e+001
+2.573696e+004	   -2.725123e+001
+2.579495e+004	   -2.706287e+001
+2.585308e+004	   -2.653431e+001
+2.591133e+004	   -2.656083e+001
+2.596972e+004	   -2.655627e+001
+2.602824e+004	   -2.658830e+001
+2.608689e+004	   -2.636397e+001
+2.614567e+004	   -2.694546e+001
+2.620459e+004	   -2.687098e+001
+2.626363e+004	   -2.665426e+001
+2.632282e+004	   -2.705801e+001
+2.638213e+004	   -2.646686e+001
+2.644158e+004	   -2.671615e+001
+2.650116e+004	   -2.676132e+001
+2.656088e+004	   -2.669519e+001
+2.662073e+004	   -2.633783e+001
+2.668071e+004	   -2.608274e+001
+2.674084e+004	   -2.658608e+001
+2.680109e+004	   -2.618442e+001
+2.686148e+004	   -2.637442e+001
+2.692201e+004	   -2.624122e+001
+2.698268e+004	   -2.621992e+001
+2.704348e+004	   -2.650362e+001
+2.710442e+004	   -2.628723e+001
+2.716549e+004	   -2.630909e+001
+2.722671e+004	   -2.648001e+001
+2.728806e+004	   -2.618922e+001
+2.734955e+004	   -2.628805e+001
+2.741118e+004	   -2.633847e+001
+2.747294e+004	   -2.606865e+001
+2.753485e+004	   -2.606818e+001
+2.759689e+004	   -2.614989e+001
+2.765908e+004	   -2.553356e+001
+2.772141e+004	   -2.593097e+001
+2.778387e+004	   -2.590919e+001
+2.784648e+004	   -2.621981e+001
+2.790923e+004	   -2.623785e+001
+2.797212e+004	   -2.568099e+001
+2.803515e+004	   -2.623218e+001
+2.809832e+004	   -2.559163e+001
+2.816163e+004	   -2.550442e+001
+2.822509e+004	   -2.554779e+001
+2.828870e+004	   -2.583995e+001
+2.835244e+004	   -2.577164e+001
+2.841633e+004	   -2.577647e+001
+2.848036e+004	   -2.547999e+001
+2.854454e+004	   -2.589271e+001
+2.860886e+004	   -2.581614e+001
+2.867332e+004	   -2.527748e+001
+2.873793e+004	   -2.573778e+001
+2.880269e+004	   -2.552955e+001
+2.886759e+004	   -2.557914e+001
+2.893264e+004	   -2.565913e+001
+2.899784e+004	   -2.521626e+001
+2.906318e+004	   -2.539779e+001
+2.912867e+004	   -2.547070e+001
+2.919430e+004	   -2.503212e+001
+2.926009e+004	   -2.491778e+001
+2.932602e+004	   -2.533611e+001
+2.939211e+004	   -2.525715e+001
+2.945834e+004	   -2.526208e+001
+2.952472e+004	   -2.504484e+001
+2.959125e+004	   -2.510396e+001
+2.965793e+004	   -2.518394e+001
+2.972475e+004	   -2.472549e+001
+2.979173e+004	   -2.503820e+001
+2.985887e+004	   -2.511839e+001
+2.992615e+004	   -2.505626e+001
+2.999358e+004	   -2.528913e+001
+3.006117e+004	   -2.495580e+001
+3.012891e+004	   -2.516697e+001
+3.019680e+004	   -2.489593e+001
+3.026484e+004	   -2.429044e+001
+3.033304e+004	   -2.453333e+001
+3.040139e+004	   -2.503550e+001
+3.046990e+004	   -2.501247e+001
+3.053855e+004	   -2.465731e+001
+3.060737e+004	   -2.473335e+001
+3.067634e+004	   -2.424105e+001
+3.074546e+004	   -2.458093e+001
+3.081474e+004	   -2.466536e+001
+3.088418e+004	   -2.465444e+001
+3.095377e+004	   -2.457838e+001
+3.102352e+004	   -2.423290e+001
+3.109343e+004	   -2.426891e+001
+3.116349e+004	   -2.426220e+001
+3.123372e+004	   -2.383010e+001
+3.130410e+004	   -2.391965e+001
+3.137463e+004	   -2.406062e+001
+3.144533e+004	   -2.405453e+001
+3.151619e+004	   -2.394138e+001
+3.158721e+004	   -2.395793e+001
+3.165838e+004	   -2.406020e+001
+3.172972e+004	   -2.373172e+001
+3.180122e+004	   -2.361793e+001
+3.187288e+004	   -2.371578e+001
+3.194470e+004	   -2.424078e+001
+3.201668e+004	   -2.379031e+001
+3.208883e+004	   -2.358541e+001
+3.216114e+004	   -2.316780e+001
+3.223361e+004	   -2.369542e+001
+3.230624e+004	   -2.338978e+001
+3.237904e+004	   -2.363617e+001
+3.245200e+004	   -2.363937e+001
+3.252513e+004	   -2.346955e+001
+3.259841e+004	   -2.350769e+001
+3.267187e+004	   -2.342026e+001
+3.274549e+004	   -2.328721e+001
+3.281928e+004	   -2.336679e+001
+3.289323e+004	   -2.254697e+001
+3.296735e+004	   -2.319455e+001
+3.304164e+004	   -2.269459e+001
+3.311609e+004	   -2.312544e+001
+3.319071e+004	   -2.274466e+001
+3.326551e+004	   -2.290138e+001
+3.334046e+004	   -2.246893e+001
+3.341559e+004	   -2.247267e+001
+3.349089e+004	   -2.256397e+001
+3.356636e+004	   -2.269168e+001
+3.364199e+004	   -2.239679e+001
+3.371780e+004	   -2.259000e+001
+3.379378e+004	   -2.235950e+001
+3.386993e+004	   -2.228414e+001
+3.394625e+004	   -2.248713e+001
+3.402274e+004	   -2.255831e+001
+3.409941e+004	   -2.198556e+001
+3.417625e+004	   -2.171495e+001
+3.425325e+004	   -2.177559e+001
+3.433044e+004	   -2.172042e+001
+3.440780e+004	   -2.182814e+001
+3.448533e+004	   -2.204537e+001
+3.456304e+004	   -2.173371e+001
+3.464092e+004	   -2.166251e+001
+3.471898e+004	   -2.180208e+001
+3.479721e+004	   -2.141356e+001
+3.487563e+004	   -2.193029e+001
+3.495421e+004	   -2.160295e+001
+3.503298e+004	   -2.095258e+001
+3.511192e+004	   -2.118996e+001
+3.519104e+004	   -2.141585e+001
+3.527034e+004	   -2.145155e+001
+3.534981e+004	   -2.126381e+001
+3.542946e+004	   -2.123599e+001
+3.550930e+004	   -2.130344e+001
+3.558932e+004	   -2.111801e+001
+3.566951e+004	   -2.094033e+001
+3.574989e+004	   -2.073323e+001
+3.583045e+004	   -2.074561e+001
+3.591118e+004	   -2.053224e+001
+3.599211e+004	   -2.066220e+001
+3.607321e+004	   -2.009667e+001
+3.615449e+004	   -2.046837e+001
+3.623596e+004	   -2.006195e+001
+3.631761e+004	   -2.047312e+001
+3.639945e+004	   -2.009590e+001
+3.648147e+004	   -2.016102e+001
+3.656368e+004	   -1.998087e+001
+3.664607e+004	   -1.994527e+001
+3.672864e+004	   -2.008275e+001
+3.681141e+004	   -1.972192e+001
+3.689436e+004	   -2.009319e+001
+3.697749e+004	   -1.962504e+001
+3.706081e+004	   -1.928681e+001
+3.714432e+004	   -1.966753e+001
+3.722802e+004	   -1.945091e+001
+3.731191e+004	   -1.895783e+001
+3.739599e+004	   -1.918766e+001
+3.748025e+004	   -1.930738e+001
+3.756471e+004	   -1.903460e+001
+3.764936e+004	   -1.864297e+001
+3.773420e+004	   -1.897253e+001
+3.781922e+004	   -1.877349e+001
+3.790445e+004	   -1.897164e+001
+3.798986e+004	   -1.850652e+001
+3.807546e+004	   -1.887595e+001
+3.816126e+004	   -1.906279e+001
+3.824725e+004	   -1.868508e+001
+3.833343e+004	   -1.862263e+001
+3.841981e+004	   -1.855243e+001
+3.850639e+004	   -1.857277e+001
+3.859315e+004	   -1.798913e+001
+3.868012e+004	   -1.822862e+001
+3.876728e+004	   -1.800834e+001
+3.885463e+004	   -1.828931e+001
+3.894219e+004	   -1.797575e+001
+3.902994e+004	   -1.842944e+001
+3.911789e+004	   -1.777083e+001
+3.920603e+004	   -1.764214e+001
+3.929438e+004	   -1.737438e+001
+3.938292e+004	   -1.773099e+001
+3.947166e+004	   -1.734621e+001
+3.956061e+004	   -1.741157e+001
+3.964975e+004	   -1.721975e+001
+3.973910e+004	   -1.727290e+001
+3.982864e+004	   -1.703821e+001
+3.991839e+004	   -1.699083e+001
+4.000834e+004	   -1.701762e+001
+4.009849e+004	   -1.676265e+001
+4.018885e+004	   -1.718881e+001
+4.027941e+004	   -1.660390e+001
+4.037017e+004	   -1.680056e+001
+4.046114e+004	   -1.685059e+001
+4.055231e+004	   -1.645749e+001
+4.064369e+004	   -1.667916e+001
+4.073528e+004	   -1.627649e+001
+4.082707e+004	   -1.612196e+001
+4.091907e+004	   -1.601700e+001
+4.101127e+004	   -1.615352e+001
+4.110368e+004	   -1.631253e+001
+4.119630e+004	   -1.619339e+001
+4.128913e+004	   -1.573186e+001
+4.138217e+004	   -1.587456e+001
+4.147542e+004	   -1.602112e+001
+4.156888e+004	   -1.586493e+001
+4.166255e+004	   -1.524954e+001
+4.175643e+004	   -1.569516e+001
+4.185052e+004	   -1.546248e+001
+4.194482e+004	   -1.543031e+001
+4.203934e+004	   -1.512610e+001
+4.213407e+004	   -1.544130e+001
+4.222902e+004	   -1.540490e+001
+4.232417e+004	   -1.512490e+001
+4.241954e+004	   -1.511518e+001
+4.251513e+004	   -1.530967e+001
+4.261093e+004	   -1.489622e+001
+4.270695e+004	   -1.506294e+001
+4.280318e+004	   -1.490400e+001
+4.289963e+004	   -1.482327e+001
+4.299630e+004	   -1.449030e+001
+4.309319e+004	   -1.457101e+001
+4.319029e+004	   -1.492648e+001
+4.328761e+004	   -1.447435e+001
+4.338516e+004	   -1.486206e+001
+4.348292e+004	   -1.446704e+001
+4.358090e+004	   -1.437796e+001
+4.367910e+004	   -1.405915e+001
+4.377753e+004	   -1.478976e+001
+4.387617e+004	   -1.429577e+001
+4.397504e+004	   -1.446583e+001
+4.407413e+004	   -1.440321e+001
+4.417345e+004	   -1.437747e+001
+4.427298e+004	   -1.407713e+001
+4.437275e+004	   -1.406835e+001
+4.447273e+004	   -1.418998e+001
+4.457295e+004	   -1.368501e+001
+4.467339e+004	   -1.449045e+001
+4.477405e+004	   -1.407921e+001
+4.487494e+004	   -1.403811e+001
+4.497606e+004	   -1.413182e+001
+4.507741e+004	   -1.355131e+001
+4.517898e+004	   -1.348812e+001
+4.528079e+004	   -1.351090e+001
+4.538282e+004	   -1.366954e+001
+4.548509e+004	   -1.373506e+001
+4.558758e+004	   -1.392532e+001
+4.569030e+004	   -1.358148e+001
+4.579326e+004	   -1.355304e+001
+4.589645e+004	   -1.310426e+001
+4.599987e+004	   -1.357590e+001
+4.610352e+004	   -1.325373e+001
+4.620741e+004	   -1.345906e+001
+4.631153e+004	   -1.321117e+001
+4.641589e+004	   -1.347206e+001
+4.652048e+004	   -1.341498e+001
+4.662530e+004	   -1.325081e+001
+4.673037e+004	   -1.299255e+001
+4.683567e+004	   -1.345103e+001
+4.694121e+004	   -1.313024e+001
+4.704698e+004	   -1.334993e+001
+4.715300e+004	   -1.305823e+001
+4.725925e+004	   -1.333275e+001
+4.736574e+004	   -1.313237e+001
+4.747247e+004	   -1.328347e+001
+4.757944e+004	   -1.327752e+001
+4.768666e+004	   -1.330534e+001
+4.779411e+004	   -1.326645e+001
+4.790181e+004	   -1.332149e+001
+4.800975e+004	   -1.320504e+001
+4.811793e+004	   -1.320333e+001
+4.822636e+004	   -1.319563e+001
+4.833503e+004	   -1.351151e+001
+4.844395e+004	   -1.351730e+001
+4.855311e+004	   -1.327106e+001
+4.866251e+004	   -1.310342e+001
+4.877216e+004	   -1.317001e+001
+4.888207e+004	   -1.296999e+001
+4.899221e+004	   -1.317404e+001
+4.910261e+004	   -1.331150e+001
+4.921326e+004	   -1.326320e+001
+4.932415e+004	   -1.326907e+001
+4.943530e+004	   -1.329949e+001
+4.954669e+004	   -1.293036e+001
+4.965834e+004	   -1.324267e+001
+4.977023e+004	   -1.312848e+001
+4.988239e+004	   -1.384566e+001
+4.999479e+004	   -1.321401e+001
+5.010745e+004	   -1.340486e+001
+5.022035e+004	   -1.330817e+001
+5.033352e+004	   -1.358424e+001
+5.044694e+004	   -1.321448e+001
+5.056061e+004	   -1.334291e+001
+5.067454e+004	   -1.369006e+001
+5.078873e+004	   -1.339466e+001
+5.090318e+004	   -1.367578e+001
+5.101788e+004	   -1.375266e+001
+5.113284e+004	   -1.393218e+001
+5.124806e+004	   -1.362134e+001
+5.136354e+004	   -1.358130e+001
+5.147928e+004	   -1.363930e+001
+5.159528e+004	   -1.349642e+001
+5.171154e+004	   -1.370052e+001
+5.182807e+004	   -1.420746e+001
+5.194485e+004	   -1.375294e+001
+5.206190e+004	   -1.347698e+001
+5.217922e+004	   -1.363862e+001
+5.229679e+004	   -1.379439e+001
+5.241464e+004	   -1.410206e+001
+5.253275e+004	   -1.371022e+001
+5.265112e+004	   -1.414654e+001
+5.276976e+004	   -1.406372e+001
+5.288867e+004	   -1.413739e+001
+5.300785e+004	   -1.423484e+001
+5.312729e+004	   -1.416406e+001
+5.324701e+004	   -1.416192e+001
+5.336699e+004	   -1.415749e+001
+5.348725e+004	   -1.406616e+001
+5.360777e+004	   -1.389868e+001
+5.372857e+004	   -1.401832e+001
+5.384964e+004	   -1.445898e+001
+5.397098e+004	   -1.471624e+001
+5.409260e+004	   -1.468998e+001
+5.421448e+004	   -1.460803e+001
+5.433665e+004	   -1.449855e+001
+5.445909e+004	   -1.448308e+001
+5.458180e+004	   -1.481360e+001
+5.470480e+004	   -1.500895e+001
+5.482807e+004	   -1.461484e+001
+5.495161e+004	   -1.493026e+001
+5.507544e+004	   -1.441929e+001
+5.519954e+004	   -1.452535e+001
+5.532393e+004	   -1.467330e+001
+5.544859e+004	   -1.495045e+001
+5.557354e+004	   -1.502405e+001
+5.569876e+004	   -1.498151e+001
+5.582427e+004	   -1.533454e+001
+5.595006e+004	   -1.505834e+001
+5.607614e+004	   -1.551905e+001
+5.620250e+004	   -1.547433e+001
+5.632914e+004	   -1.540707e+001
+5.645607e+004	   -1.527233e+001
+5.658329e+004	   -1.519484e+001
+5.671079e+004	   -1.558902e+001
+5.683858e+004	   -1.558903e+001
+5.696666e+004	   -1.553425e+001
+5.709502e+004	   -1.582886e+001
+5.722368e+004	   -1.561329e+001
+5.735262e+004	   -1.575492e+001
+5.748186e+004	   -1.594312e+001
+5.761138e+004	   -1.614647e+001
+5.774120e+004	   -1.601500e+001
+5.787131e+004	   -1.591282e+001
+5.800172e+004	   -1.607675e+001
+5.813242e+004	   -1.620446e+001
+5.826341e+004	   -1.612777e+001
+5.839470e+004	   -1.620827e+001
+5.852628e+004	   -1.611312e+001
+5.865816e+004	   -1.653920e+001
+5.879034e+004	   -1.625365e+001
+5.892281e+004	   -1.640503e+001
+5.905559e+004	   -1.608633e+001
+5.918866e+004	   -1.627908e+001
+5.932204e+004	   -1.667934e+001
+5.945571e+004	   -1.659760e+001
+5.958968e+004	   -1.679579e+001
+5.972396e+004	   -1.672254e+001
+5.985854e+004	   -1.693905e+001
+5.999342e+004	   -1.635598e+001
+6.012861e+004	   -1.597126e+001
+6.026410e+004	   -1.662339e+001
+6.039989e+004	   -1.727385e+001
+6.053600e+004	   -1.722360e+001
+6.067240e+004	   -1.726313e+001
+6.080912e+004	   -1.723097e+001
+6.094614e+004	   -1.755335e+001
+6.108348e+004	   -1.737946e+001
+6.122112e+004	   -1.740096e+001
+6.135907e+004	   -1.720819e+001
+6.149734e+004	   -1.742661e+001
+6.163591e+004	   -1.779512e+001
+6.177480e+004	   -1.784406e+001
+6.191400e+004	   -1.762637e+001
+6.205351e+004	   -1.807534e+001
+6.219334e+004	   -1.776280e+001
+6.233348e+004	   -1.808109e+001
+6.247395e+004	   -1.782926e+001
+6.261472e+004	   -1.783575e+001
+6.275581e+004	   -1.806156e+001
+6.289722e+004	   -1.825728e+001
+6.303895e+004	   -1.811632e+001
+6.318100e+004	   -1.814548e+001
+6.332337e+004	   -1.829021e+001
+6.346606e+004	   -1.837669e+001
+6.360907e+004	   -1.852943e+001
+6.375241e+004	   -1.831157e+001
+6.389606e+004	   -1.833818e+001
+6.404004e+004	   -1.841608e+001
+6.418435e+004	   -1.869933e+001
+6.432898e+004	   -1.833744e+001
+6.447393e+004	   -1.875576e+001
+6.461921e+004	   -1.890880e+001
+6.476482e+004	   -1.915492e+001
+6.491076e+004	   -1.882128e+001
+6.505703e+004	   -1.894782e+001
+6.520363e+004	   -1.888091e+001
+6.535055e+004	   -1.925696e+001
+6.549781e+004	   -1.926525e+001
+6.564540e+004	   -1.960708e+001
+6.579332e+004	   -1.935089e+001
+6.594158e+004	   -1.945083e+001
+6.609016e+004	   -1.949747e+001
+6.623909e+004	   -1.960873e+001
+6.638835e+004	   -1.964998e+001
+6.653795e+004	   -1.972362e+001
+6.668788e+004	   -1.976663e+001
+6.683816e+004	   -1.997966e+001
+6.698877e+004	   -2.016701e+001
+6.713971e+004	   -1.994032e+001
+6.729100e+004	   -1.998692e+001
+6.744263e+004	   -1.965873e+001
+6.759460e+004	   -1.986857e+001
+6.774691e+004	   -2.020814e+001
+6.789958e+004	   -2.033678e+001
+6.805258e+004	   -2.016025e+001
+6.820592e+004	   -2.073081e+001
+6.835962e+004	   -2.011489e+001
+6.851366e+004	   -2.043805e+001
+6.866804e+004	   -2.047783e+001
+6.882277e+004	   -2.092539e+001
+6.897785e+004	   -2.057538e+001
+6.913328e+004	   -2.062986e+001
+6.928907e+004	   -2.083718e+001
+6.944520e+004	   -2.090235e+001
+6.960169e+004	   -2.119231e+001
+6.975852e+004	   -2.093640e+001
+6.991571e+004	   -2.107840e+001
+7.007326e+004	   -2.125709e+001
+7.023116e+004	   -2.079095e+001
+7.038941e+004	   -2.102112e+001
+7.054802e+004	   -2.157089e+001
+7.070699e+004	   -2.093931e+001
+7.086632e+004	   -2.120586e+001
+7.102601e+004	   -2.150669e+001
+7.118605e+004	   -2.127787e+001
+7.134646e+004	   -2.200849e+001
+7.150723e+004	   -2.163313e+001
+7.166836e+004	   -2.192943e+001
+7.182985e+004	   -2.160643e+001
+7.199171e+004	   -2.185552e+001
+7.215394e+004	   -2.199635e+001
+7.231652e+004	   -2.204069e+001
+7.247948e+004	   -2.220601e+001
+7.264280e+004	   -2.244676e+001
+7.280649e+004	   -2.223112e+001
+7.297055e+004	   -2.216055e+001
+7.313498e+004	   -2.241246e+001
+7.329977e+004	   -2.230832e+001
+7.346495e+004	   -2.254233e+001
+7.363048e+004	   -2.208697e+001
+7.379641e+004	   -2.261175e+001
+7.396270e+004	   -2.265176e+001
+7.412936e+004	   -2.270675e+001
+7.429640e+004	   -2.306113e+001
+7.446381e+004	   -2.277876e+001
+7.463160e+004	   -2.266204e+001
+7.479977e+004	   -2.290526e+001
+7.496833e+004	   -2.280036e+001
+7.513726e+004	   -2.284381e+001
+7.530656e+004	   -2.308014e+001
+7.547626e+004	   -2.339732e+001
+7.564634e+004	   -2.344546e+001
+7.581679e+004	   -2.331449e+001
+7.598763e+004	   -2.330445e+001
+7.615886e+004	   -2.359725e+001
+7.633047e+004	   -2.364837e+001
+7.650247e+004	   -2.407288e+001
+7.667486e+004	   -2.332167e+001
+7.684763e+004	   -2.365456e+001
+7.702080e+004	   -2.360152e+001
+7.719435e+004	   -2.405957e+001
+7.736830e+004	   -2.384098e+001
+7.754264e+004	   -2.401928e+001
+7.771737e+004	   -2.388184e+001
+7.789249e+004	   -2.403102e+001
+7.806801e+004	   -2.393213e+001
+7.824393e+004	   -2.390109e+001
+7.842023e+004	   -2.418324e+001
+7.859695e+004	   -2.424117e+001
+7.877405e+004	   -2.438628e+001
+7.895155e+004	   -2.455907e+001
+7.912946e+004	   -2.470306e+001
+7.930777e+004	   -2.427340e+001
+7.948648e+004	   -2.486946e+001
+7.966559e+004	   -2.461070e+001
+7.984510e+004	   -2.457310e+001
+8.002502e+004	   -2.470708e+001
+8.020534e+004	   -2.491341e+001
+8.038608e+004	   -2.485783e+001
+8.056722e+004	   -2.516638e+001
+8.074877e+004	   -2.471019e+001
+8.093072e+004	   -2.485408e+001
+8.111309e+004	   -2.523004e+001
+8.129586e+004	   -2.540438e+001
+8.147905e+004	   -2.496725e+001
+8.166265e+004	   -2.531685e+001
+8.184666e+004	   -2.519564e+001
+8.203109e+004	   -2.552107e+001
+8.221594e+004	   -2.552602e+001
+8.240120e+004	   -2.537200e+001
+8.258688e+004	   -2.574067e+001
+8.277298e+004	   -2.596453e+001
+8.295949e+004	   -2.595760e+001
+8.314643e+004	   -2.586717e+001
+8.333379e+004	   -2.589670e+001
+8.352157e+004	   -2.600007e+001
+8.370977e+004	   -2.589000e+001
+8.389840e+004	   -2.594551e+001
+8.408745e+004	   -2.580857e+001
+8.427693e+004	   -2.603882e+001
+8.446684e+004	   -2.613819e+001
+8.465716e+004	   -2.665630e+001
+8.484793e+004	   -2.644446e+001
+8.503913e+004	   -2.651404e+001
+8.523074e+004	   -2.665523e+001
+8.542280e+004	   -2.656468e+001
+8.561529e+004	   -2.646526e+001
+8.580821e+004	   -2.679510e+001
+8.600156e+004	   -2.693300e+001
+8.619536e+004	   -2.683761e+001
+8.638959e+004	   -2.725534e+001
+8.658425e+004	   -2.702697e+001
+8.677936e+004	   -2.670929e+001
+8.697490e+004	   -2.719304e+001
+8.717088e+004	   -2.707041e+001
+8.736731e+004	   -2.677952e+001
+8.756418e+004	   -2.702755e+001
+8.776149e+004	   -2.738354e+001
+8.795925e+004	   -2.738737e+001
+8.815745e+004	   -2.753839e+001
+8.835610e+004	   -2.756154e+001
+8.855520e+004	   -2.780775e+001
+8.875475e+004	   -2.765061e+001
+8.895474e+004	   -2.782455e+001
+8.915519e+004	   -2.760806e+001
+8.935609e+004	   -2.803384e+001
+8.955744e+004	   -2.828685e+001
+8.975924e+004	   -2.800047e+001
+8.996150e+004	   -2.812491e+001
+9.016422e+004	   -2.795693e+001
+9.036739e+004	   -2.820289e+001
+9.057102e+004	   -2.805489e+001
+9.077511e+004	   -2.834269e+001
+9.097966e+004	   -2.866323e+001
+9.118466e+004	   -2.857612e+001
+9.139013e+004	   -2.845721e+001
+9.159607e+004	   -2.887831e+001
+9.180247e+004	   -2.842619e+001
+9.200933e+004	   -2.854186e+001
+9.221666e+004	   -2.871997e+001
+9.242445e+004	   -2.883721e+001
+9.263272e+004	   -2.890214e+001
+9.284145e+004	   -2.899868e+001
+9.305066e+004	   -2.894333e+001
+9.326034e+004	   -2.898308e+001
+9.347048e+004	   -2.941607e+001
+9.368110e+004	   -2.892926e+001
+9.389220e+004	   -2.940703e+001
+9.410377e+004	   -2.940353e+001
+9.431582e+004	   -2.924498e+001
+9.452835e+004	   -2.940333e+001
+9.474135e+004	   -2.982810e+001
+9.495484e+004	   -2.950256e+001
+9.516880e+004	   -2.983303e+001
+9.538326e+004	   -2.968668e+001
+9.559819e+004	   -2.958458e+001
+9.581360e+004	   -2.988873e+001
+9.602951e+004	   -2.951492e+001
+9.624589e+004	   -2.996489e+001
+9.646277e+004	   -2.989114e+001
+9.668013e+004	   -2.987285e+001
+9.689798e+004	   -3.014731e+001
+9.711634e+004	   -3.009470e+001
+9.733517e+004	   -3.002247e+001
+9.755450e+004	   -3.035650e+001
+9.777433e+004	   -3.061909e+001
+9.799465e+004	   -3.055021e+001
+9.821546e+004	   -3.030431e+001
+9.843677e+004	   -3.061640e+001
+9.865859e+004	   -3.077569e+001
+9.888090e+004	   -3.072101e+001
+9.910371e+004	   -3.107576e+001
+9.932703e+004	   -3.083612e+001
+9.955085e+004	   -3.110009e+001
+9.977517e+004	   -3.107429e+001
+1.000000e+005	   -3.100441e+001
