+1.000000e+003	   +1.797105e+002
+1.002253e+003	   +1.796889e+002
+1.004512e+003	   +1.797039e+002
+1.006775e+003	   +1.796959e+002
+1.009044e+003	   +1.797024e+002
+1.011318e+003	   +1.797039e+002
+1.013596e+003	   +1.796886e+002
+1.015880e+003	   +1.797024e+002
+1.018170e+003	   +1.796766e+002
+1.020464e+003	   +1.797012e+002
+1.022763e+003	   +1.797055e+002
+1.025068e+003	   +1.796983e+002
+1.027378e+003	   +1.796889e+002
+1.029693e+003	   +1.797078e+002
+1.032013e+003	   +1.796936e+002
+1.034339e+003	   +1.796938e+002
+1.036669e+003	   +1.796925e+002
+1.039005e+003	   +1.796954e+002
+1.041347e+003	   +1.796973e+002
+1.043693e+003	   +1.796958e+002
+1.046045e+003	   +1.796951e+002
+1.048402e+003	   +1.796834e+002
+1.050764e+003	   +1.796884e+002
+1.053132e+003	   +1.796862e+002
+1.055505e+003	   +1.796769e+002
+1.057884e+003	   +1.796949e+002
+1.060267e+003	   +1.796640e+002
+1.062657e+003	   +1.796905e+002
+1.065051e+003	   +1.796821e+002
+1.067451e+003	   +1.796868e+002
+1.069856e+003	   +1.796841e+002
+1.072267e+003	   +1.796893e+002
+1.074683e+003	   +1.796745e+002
+1.077105e+003	   +1.796868e+002
+1.079532e+003	   +1.796851e+002
+1.081965e+003	   +1.796816e+002
+1.084403e+003	   +1.796794e+002
+1.086846e+003	   +1.796887e+002
+1.089295e+003	   +1.796814e+002
+1.091750e+003	   +1.796810e+002
+1.094210e+003	   +1.796800e+002
+1.096676e+003	   +1.796880e+002
+1.099147e+003	   +1.796797e+002
+1.101624e+003	   +1.796750e+002
+1.104106e+003	   +1.796863e+002
+1.106594e+003	   +1.796644e+002
+1.109087e+003	   +1.796784e+002
+1.111587e+003	   +1.796833e+002
+1.114091e+003	   +1.796728e+002
+1.116602e+003	   +1.796787e+002
+1.119118e+003	   +1.796741e+002
+1.121640e+003	   +1.796742e+002
+1.124167e+003	   +1.796777e+002
+1.126700e+003	   +1.796687e+002
+1.129239e+003	   +1.796720e+002
+1.131784e+003	   +1.796774e+002
+1.134334e+003	   +1.796687e+002
+1.136890e+003	   +1.796654e+002
+1.139452e+003	   +1.796825e+002
+1.142020e+003	   +1.796730e+002
+1.144593e+003	   +1.796538e+002
+1.147172e+003	   +1.796719e+002
+1.149757e+003	   +1.796612e+002
+1.152348e+003	   +1.796703e+002
+1.154944e+003	   +1.796631e+002
+1.157547e+003	   +1.796620e+002
+1.160155e+003	   +1.796649e+002
+1.162770e+003	   +1.796585e+002
+1.165390e+003	   +1.796649e+002
+1.168016e+003	   +1.796557e+002
+1.170648e+003	   +1.796618e+002
+1.173286e+003	   +1.796510e+002
+1.175929e+003	   +1.796573e+002
+1.178579e+003	   +1.796644e+002
+1.181235e+003	   +1.796655e+002
+1.183897e+003	   +1.796590e+002
+1.186564e+003	   +1.796644e+002
+1.189238e+003	   +1.796611e+002
+1.191918e+003	   +1.796658e+002
+1.194604e+003	   +1.796606e+002
+1.197296e+003	   +1.796518e+002
+1.199994e+003	   +1.796635e+002
+1.202698e+003	   +1.796567e+002
+1.205408e+003	   +1.796559e+002
+1.208124e+003	   +1.796546e+002
+1.210846e+003	   +1.796540e+002
+1.213575e+003	   +1.796501e+002
+1.216309e+003	   +1.796563e+002
+1.219050e+003	   +1.796493e+002
+1.221797e+003	   +1.796556e+002
+1.224550e+003	   +1.796494e+002
+1.227309e+003	   +1.796457e+002
+1.230075e+003	   +1.796541e+002
+1.232847e+003	   +1.796508e+002
+1.235625e+003	   +1.796346e+002
+1.238409e+003	   +1.796365e+002
+1.241200e+003	   +1.796495e+002
+1.243996e+003	   +1.796459e+002
+1.246800e+003	   +1.796437e+002
+1.249609e+003	   +1.796351e+002
+1.252425e+003	   +1.796429e+002
+1.255247e+003	   +1.796405e+002
+1.258076e+003	   +1.796439e+002
+1.260911e+003	   +1.796483e+002
+1.263752e+003	   +1.796362e+002
+1.266599e+003	   +1.796399e+002
+1.269453e+003	   +1.796505e+002
+1.272314e+003	   +1.796382e+002
+1.275181e+003	   +1.796361e+002
+1.278054e+003	   +1.796353e+002
+1.280934e+003	   +1.796260e+002
+1.283821e+003	   +1.796391e+002
+1.286714e+003	   +1.796241e+002
+1.289613e+003	   +1.796336e+002
+1.292519e+003	   +1.796445e+002
+1.295432e+003	   +1.796369e+002
+1.298351e+003	   +1.796268e+002
+1.301276e+003	   +1.796319e+002
+1.304208e+003	   +1.796230e+002
+1.307147e+003	   +1.796482e+002
+1.310093e+003	   +1.796336e+002
+1.313045e+003	   +1.796265e+002
+1.316004e+003	   +1.796263e+002
+1.318969e+003	   +1.796325e+002
+1.321941e+003	   +1.796261e+002
+1.324920e+003	   +1.796320e+002
+1.327905e+003	   +1.796241e+002
+1.330898e+003	   +1.796302e+002
+1.333897e+003	   +1.796458e+002
+1.336902e+003	   +1.796387e+002
+1.339915e+003	   +1.796217e+002
+1.342934e+003	   +1.796182e+002
+1.345960e+003	   +1.796317e+002
+1.348993e+003	   +1.796147e+002
+1.352033e+003	   +1.796100e+002
+1.355080e+003	   +1.796228e+002
+1.358133e+003	   +1.795958e+002
+1.361193e+003	   +1.796192e+002
+1.364261e+003	   +1.796098e+002
+1.367335e+003	   +1.796178e+002
+1.370416e+003	   +1.796107e+002
+1.373504e+003	   +1.796121e+002
+1.376599e+003	   +1.796154e+002
+1.379701e+003	   +1.796110e+002
+1.382810e+003	   +1.796250e+002
+1.385926e+003	   +1.796098e+002
+1.389049e+003	   +1.796097e+002
+1.392179e+003	   +1.796045e+002
+1.395316e+003	   +1.796025e+002
+1.398460e+003	   +1.796103e+002
+1.401611e+003	   +1.796146e+002
+1.404770e+003	   +1.796128e+002
+1.407935e+003	   +1.796043e+002
+1.411108e+003	   +1.796123e+002
+1.414287e+003	   +1.796048e+002
+1.417474e+003	   +1.796011e+002
+1.420668e+003	   +1.796062e+002
+1.423870e+003	   +1.795975e+002
+1.427078e+003	   +1.796067e+002
+1.430294e+003	   +1.796009e+002
+1.433517e+003	   +1.795946e+002
+1.436747e+003	   +1.796021e+002
+1.439984e+003	   +1.795881e+002
+1.443229e+003	   +1.796029e+002
+1.446481e+003	   +1.795932e+002
+1.449741e+003	   +1.795885e+002
+1.453007e+003	   +1.795938e+002
+1.456282e+003	   +1.795937e+002
+1.459563e+003	   +1.795921e+002
+1.462852e+003	   +1.795952e+002
+1.466148e+003	   +1.795960e+002
+1.469452e+003	   +1.795871e+002
+1.472763e+003	   +1.795955e+002
+1.476082e+003	   +1.795901e+002
+1.479408e+003	   +1.795837e+002
+1.482742e+003	   +1.795923e+002
+1.486083e+003	   +1.795873e+002
+1.489432e+003	   +1.795897e+002
+1.492788e+003	   +1.795818e+002
+1.496151e+003	   +1.795810e+002
+1.499523e+003	   +1.796076e+002
+1.502902e+003	   +1.795696e+002
+1.506288e+003	   +1.795854e+002
+1.509682e+003	   +1.795779e+002
+1.513084e+003	   +1.795824e+002
+1.516494e+003	   +1.795832e+002
+1.519911e+003	   +1.795771e+002
+1.523336e+003	   +1.795774e+002
+1.526769e+003	   +1.795700e+002
+1.530209e+003	   +1.795769e+002
+1.533657e+003	   +1.795817e+002
+1.537113e+003	   +1.795756e+002
+1.540577e+003	   +1.795786e+002
+1.544048e+003	   +1.795768e+002
+1.547527e+003	   +1.795650e+002
+1.551014e+003	   +1.795719e+002
+1.554509e+003	   +1.795848e+002
+1.558012e+003	   +1.795776e+002
+1.561523e+003	   +1.795674e+002
+1.565042e+003	   +1.795455e+002
+1.568568e+003	   +1.795592e+002
+1.572103e+003	   +1.795628e+002
+1.575645e+003	   +1.795655e+002
+1.579196e+003	   +1.795660e+002
+1.582754e+003	   +1.795559e+002
+1.586321e+003	   +1.795595e+002
+1.589895e+003	   +1.795595e+002
+1.593478e+003	   +1.795555e+002
+1.597069e+003	   +1.795630e+002
+1.600667e+003	   +1.795556e+002
+1.604274e+003	   +1.795545e+002
+1.607889e+003	   +1.795605e+002
+1.611512e+003	   +1.795572e+002
+1.615144e+003	   +1.795521e+002
+1.618783e+003	   +1.795612e+002
+1.622431e+003	   +1.795495e+002
+1.626087e+003	   +1.795535e+002
+1.629751e+003	   +1.795594e+002
+1.633423e+003	   +1.795476e+002
+1.637104e+003	   +1.795488e+002
+1.640793e+003	   +1.795473e+002
+1.644490e+003	   +1.795470e+002
+1.648196e+003	   +1.795422e+002
+1.651910e+003	   +1.795458e+002
+1.655632e+003	   +1.795467e+002
+1.659363e+003	   +1.795452e+002
+1.663102e+003	   +1.795473e+002
+1.666849e+003	   +1.795482e+002
+1.670605e+003	   +1.795407e+002
+1.674370e+003	   +1.795372e+002
+1.678143e+003	   +1.795396e+002
+1.681924e+003	   +1.795349e+002
+1.685714e+003	   +1.795405e+002
+1.689513e+003	   +1.795401e+002
+1.693320e+003	   +1.795366e+002
+1.697135e+003	   +1.795332e+002
+1.700960e+003	   +1.795409e+002
+1.704793e+003	   +1.795252e+002
+1.708634e+003	   +1.795404e+002
+1.712484e+003	   +1.795394e+002
+1.716343e+003	   +1.795431e+002
+1.720211e+003	   +1.795345e+002
+1.724087e+003	   +1.795247e+002
+1.727972e+003	   +1.795290e+002
+1.731866e+003	   +1.795290e+002
+1.735768e+003	   +1.795296e+002
+1.739679e+003	   +1.795247e+002
+1.743599e+003	   +1.795253e+002
+1.747528e+003	   +1.795235e+002
+1.751466e+003	   +1.795236e+002
+1.755413e+003	   +1.795188e+002
+1.759368e+003	   +1.795261e+002
+1.763333e+003	   +1.795158e+002
+1.767306e+003	   +1.795079e+002
+1.771289e+003	   +1.795223e+002
+1.775280e+003	   +1.795124e+002
+1.779280e+003	   +1.795128e+002
+1.783290e+003	   +1.795169e+002
+1.787308e+003	   +1.795146e+002
+1.791335e+003	   +1.795157e+002
+1.795372e+003	   +1.795188e+002
+1.799418e+003	   +1.795025e+002
+1.803472e+003	   +1.795117e+002
+1.807536e+003	   +1.795095e+002
+1.811609e+003	   +1.795004e+002
+1.815691e+003	   +1.795019e+002
+1.819783e+003	   +1.794980e+002
+1.823883e+003	   +1.795044e+002
+1.827993e+003	   +1.795041e+002
+1.832112e+003	   +1.795010e+002
+1.836241e+003	   +1.794991e+002
+1.840378e+003	   +1.794985e+002
+1.844526e+003	   +1.795038e+002
+1.848682e+003	   +1.795039e+002
+1.852848e+003	   +1.795056e+002
+1.857023e+003	   +1.795009e+002
+1.861207e+003	   +1.794939e+002
+1.865401e+003	   +1.794955e+002
+1.869604e+003	   +1.794921e+002
+1.873817e+003	   +1.794967e+002
+1.878040e+003	   +1.795013e+002
+1.882272e+003	   +1.794977e+002
+1.886513e+003	   +1.794949e+002
+1.890764e+003	   +1.794851e+002
+1.895025e+003	   +1.794844e+002
+1.899295e+003	   +1.794812e+002
+1.903575e+003	   +1.794802e+002
+1.907864e+003	   +1.794801e+002
+1.912163e+003	   +1.794784e+002
+1.916472e+003	   +1.794812e+002
+1.920790e+003	   +1.794881e+002
+1.925119e+003	   +1.794775e+002
+1.929457e+003	   +1.794787e+002
+1.933804e+003	   +1.794717e+002
+1.938162e+003	   +1.794825e+002
+1.942529e+003	   +1.794803e+002
+1.946906e+003	   +1.794833e+002
+1.951293e+003	   +1.794841e+002
+1.955690e+003	   +1.794684e+002
+1.960097e+003	   +1.794661e+002
+1.964514e+003	   +1.794745e+002
+1.968941e+003	   +1.794748e+002
+1.973377e+003	   +1.794660e+002
+1.977824e+003	   +1.794749e+002
+1.982281e+003	   +1.794674e+002
+1.986748e+003	   +1.794576e+002
+1.991224e+003	   +1.794704e+002
+1.995711e+003	   +1.794653e+002
+2.000208e+003	   +1.794655e+002
+2.004716e+003	   +1.794595e+002
+2.009233e+003	   +1.794571e+002
+2.013760e+003	   +1.794534e+002
+2.018298e+003	   +1.794604e+002
+2.022846e+003	   +1.794672e+002
+2.027404e+003	   +1.794590e+002
+2.031973e+003	   +1.794464e+002
+2.036552e+003	   +1.794472e+002
+2.041141e+003	   +1.794454e+002
+2.045740e+003	   +1.794468e+002
+2.050350e+003	   +1.794536e+002
+2.054970e+003	   +1.794527e+002
+2.059601e+003	   +1.794282e+002
+2.064241e+003	   +1.794440e+002
+2.068893e+003	   +1.794493e+002
+2.073555e+003	   +1.794415e+002
+2.078227e+003	   +1.794352e+002
+2.082910e+003	   +1.794465e+002
+2.087604e+003	   +1.794458e+002
+2.092308e+003	   +1.794315e+002
+2.097023e+003	   +1.794415e+002
+2.101748e+003	   +1.794262e+002
+2.106484e+003	   +1.794344e+002
+2.111231e+003	   +1.794361e+002
+2.115988e+003	   +1.794384e+002
+2.120756e+003	   +1.794298e+002
+2.125535e+003	   +1.794339e+002
+2.130324e+003	   +1.794369e+002
+2.135125e+003	   +1.794317e+002
+2.139936e+003	   +1.794245e+002
+2.144758e+003	   +1.794367e+002
+2.149591e+003	   +1.794263e+002
+2.154435e+003	   +1.794277e+002
+2.159289e+003	   +1.794310e+002
+2.164155e+003	   +1.794164e+002
+2.169032e+003	   +1.794258e+002
+2.173919e+003	   +1.794244e+002
+2.178818e+003	   +1.794242e+002
+2.183728e+003	   +1.794302e+002
+2.188648e+003	   +1.794112e+002
+2.193580e+003	   +1.794210e+002
+2.198523e+003	   +1.794167e+002
+2.203477e+003	   +1.794206e+002
+2.208442e+003	   +1.794156e+002
+2.213418e+003	   +1.794067e+002
+2.218406e+003	   +1.794100e+002
+2.223405e+003	   +1.794108e+002
+2.228415e+003	   +1.794093e+002
+2.233437e+003	   +1.794051e+002
+2.238469e+003	   +1.794008e+002
+2.243513e+003	   +1.794024e+002
+2.248569e+003	   +1.794092e+002
+2.253635e+003	   +1.793978e+002
+2.258714e+003	   +1.794088e+002
+2.263803e+003	   +1.794086e+002
+2.268905e+003	   +1.794064e+002
+2.274017e+003	   +1.793961e+002
+2.279141e+003	   +1.793883e+002
+2.284277e+003	   +1.793937e+002
+2.289424e+003	   +1.794004e+002
+2.294583e+003	   +1.793985e+002
+2.299754e+003	   +1.793933e+002
+2.304936e+003	   +1.793939e+002
+2.310130e+003	   +1.793881e+002
+2.315335e+003	   +1.793872e+002
+2.320552e+003	   +1.793870e+002
+2.325781e+003	   +1.793794e+002
+2.331022e+003	   +1.793764e+002
+2.336275e+003	   +1.793843e+002
+2.341539e+003	   +1.793855e+002
+2.346816e+003	   +1.793844e+002
+2.352104e+003	   +1.793811e+002
+2.357404e+003	   +1.793814e+002
+2.362716e+003	   +1.793770e+002
+2.368040e+003	   +1.793790e+002
+2.373376e+003	   +1.793794e+002
+2.378724e+003	   +1.793796e+002
+2.384084e+003	   +1.793729e+002
+2.389457e+003	   +1.793712e+002
+2.394841e+003	   +1.793728e+002
+2.400237e+003	   +1.793656e+002
+2.405646e+003	   +1.793650e+002
+2.411066e+003	   +1.793605e+002
+2.416500e+003	   +1.793695e+002
+2.421945e+003	   +1.793671e+002
+2.427402e+003	   +1.793573e+002
+2.432872e+003	   +1.793617e+002
+2.438354e+003	   +1.793556e+002
+2.443849e+003	   +1.793596e+002
+2.449355e+003	   +1.793562e+002
+2.454875e+003	   +1.793587e+002
+2.460406e+003	   +1.793544e+002
+2.465950e+003	   +1.793525e+002
+2.471507e+003	   +1.793565e+002
+2.477076e+003	   +1.793606e+002
+2.482658e+003	   +1.793473e+002
+2.488252e+003	   +1.793557e+002
+2.493859e+003	   +1.793512e+002
+2.499479e+003	   +1.793420e+002
+2.505111e+003	   +1.793413e+002
+2.510756e+003	   +1.793351e+002
+2.516414e+003	   +1.793391e+002
+2.522084e+003	   +1.793427e+002
+2.527767e+003	   +1.793412e+002
+2.533463e+003	   +1.793524e+002
+2.539172e+003	   +1.793367e+002
+2.544893e+003	   +1.793490e+002
+2.550628e+003	   +1.793235e+002
+2.556375e+003	   +1.793369e+002
+2.562136e+003	   +1.793246e+002
+2.567909e+003	   +1.793263e+002
+2.573696e+003	   +1.793294e+002
+2.579495e+003	   +1.793318e+002
+2.585308e+003	   +1.793205e+002
+2.591133e+003	   +1.793224e+002
+2.596972e+003	   +1.793320e+002
+2.602824e+003	   +1.793163e+002
+2.608689e+003	   +1.793144e+002
+2.614567e+003	   +1.793127e+002
+2.620459e+003	   +1.793084e+002
+2.626364e+003	   +1.793240e+002
+2.632282e+003	   +1.793072e+002
+2.638213e+003	   +1.793117e+002
+2.644158e+003	   +1.793054e+002
+2.650116e+003	   +1.793017e+002
+2.656088e+003	   +1.793112e+002
+2.662073e+003	   +1.793035e+002
+2.668072e+003	   +1.793098e+002
+2.674083e+003	   +1.792918e+002
+2.680109e+003	   +1.792935e+002
+2.686148e+003	   +1.793120e+002
+2.692201e+003	   +1.793047e+002
+2.698268e+003	   +1.792939e+002
+2.704348e+003	   +1.792970e+002
+2.710442e+003	   +1.793073e+002
+2.716549e+003	   +1.792889e+002
+2.722671e+003	   +1.792959e+002
+2.728806e+003	   +1.792861e+002
+2.734955e+003	   +1.792870e+002
+2.741118e+003	   +1.792829e+002
+2.747294e+003	   +1.792861e+002
+2.753485e+003	   +1.792829e+002
+2.759689e+003	   +1.792825e+002
+2.765908e+003	   +1.792666e+002
+2.772141e+003	   +1.792707e+002
+2.778387e+003	   +1.792693e+002
+2.784648e+003	   +1.792718e+002
+2.790923e+003	   +1.792817e+002
+2.797212e+003	   +1.792969e+002
+2.803515e+003	   +1.792633e+002
+2.809832e+003	   +1.792695e+002
+2.816164e+003	   +1.792605e+002
+2.822509e+003	   +1.792589e+002
+2.828869e+003	   +1.792780e+002
+2.835244e+003	   +1.792728e+002
+2.841633e+003	   +1.792518e+002
+2.848036e+003	   +1.792555e+002
+2.854454e+003	   +1.792518e+002
+2.860885e+003	   +1.792628e+002
+2.867332e+003	   +1.792681e+002
+2.873793e+003	   +1.792584e+002
+2.880269e+003	   +1.792510e+002
+2.886759e+003	   +1.792579e+002
+2.893264e+003	   +1.792527e+002
+2.899784e+003	   +1.792562e+002
+2.906318e+003	   +1.792484e+002
+2.912867e+003	   +1.792553e+002
+2.919430e+003	   +1.792533e+002
+2.926009e+003	   +1.792316e+002
+2.932602e+003	   +1.792469e+002
+2.939210e+003	   +1.792422e+002
+2.945833e+003	   +1.792413e+002
+2.952472e+003	   +1.792358e+002
+2.959125e+003	   +1.792351e+002
+2.965792e+003	   +1.792304e+002
+2.972476e+003	   +1.792411e+002
+2.979174e+003	   +1.792302e+002
+2.985887e+003	   +1.792235e+002
+2.992615e+003	   +1.792253e+002
+2.999358e+003	   +1.792382e+002
+3.006117e+003	   +1.792288e+002
+3.012891e+003	   +1.792199e+002
+3.019680e+003	   +1.792127e+002
+3.026484e+003	   +1.792258e+002
+3.033304e+003	   +1.792149e+002
+3.040139e+003	   +1.792158e+002
+3.046990e+003	   +1.792186e+002
+3.053855e+003	   +1.792020e+002
+3.060737e+003	   +1.792099e+002
+3.067634e+003	   +1.792155e+002
+3.074546e+003	   +1.792038e+002
+3.081474e+003	   +1.791978e+002
+3.088418e+003	   +1.791905e+002
+3.095377e+003	   +1.791959e+002
+3.102352e+003	   +1.791969e+002
+3.109343e+003	   +1.792014e+002
+3.116349e+003	   +1.791902e+002
+3.123372e+003	   +1.791843e+002
+3.130410e+003	   +1.791955e+002
+3.137464e+003	   +1.791961e+002
+3.144533e+003	   +1.791785e+002
+3.151619e+003	   +1.791914e+002
+3.158721e+003	   +1.791992e+002
+3.165839e+003	   +1.791835e+002
+3.172972e+003	   +1.791861e+002
+3.180122e+003	   +1.791850e+002
+3.187288e+003	   +1.791807e+002
+3.194470e+003	   +1.791846e+002
+3.201668e+003	   +1.791797e+002
+3.208883e+003	   +1.791678e+002
+3.216114e+003	   +1.791851e+002
+3.223361e+003	   +1.791658e+002
+3.230624e+003	   +1.791642e+002
+3.237904e+003	   +1.791618e+002
+3.245200e+003	   +1.791805e+002
+3.252512e+003	   +1.791752e+002
+3.259842e+003	   +1.791607e+002
+3.267187e+003	   +1.791713e+002
+3.274549e+003	   +1.791525e+002
+3.281928e+003	   +1.791638e+002
+3.289323e+003	   +1.791483e+002
+3.296735e+003	   +1.791471e+002
+3.304164e+003	   +1.791473e+002
+3.311609e+003	   +1.791473e+002
+3.319072e+003	   +1.791538e+002
+3.326551e+003	   +1.791389e+002
+3.334046e+003	   +1.791441e+002
+3.341559e+003	   +1.791358e+002
+3.349089e+003	   +1.791388e+002
+3.356636e+003	   +1.791460e+002
+3.364199e+003	   +1.791410e+002
+3.371780e+003	   +1.791358e+002
+3.379378e+003	   +1.791342e+002
+3.386993e+003	   +1.791341e+002
+3.394625e+003	   +1.791252e+002
+3.402274e+003	   +1.791221e+002
+3.409941e+003	   +1.791278e+002
+3.417625e+003	   +1.791154e+002
+3.425326e+003	   +1.791237e+002
+3.433044e+003	   +1.791017e+002
+3.440780e+003	   +1.791203e+002
+3.448533e+003	   +1.791175e+002
+3.456304e+003	   +1.791191e+002
+3.464092e+003	   +1.791225e+002
+3.471898e+003	   +1.790989e+002
+3.479721e+003	   +1.791227e+002
+3.487563e+003	   +1.791120e+002
+3.495421e+003	   +1.791064e+002
+3.503298e+003	   +1.791099e+002
+3.511192e+003	   +1.791203e+002
+3.519104e+003	   +1.791026e+002
+3.527033e+003	   +1.790921e+002
+3.534981e+003	   +1.790920e+002
+3.542947e+003	   +1.790935e+002
+3.550930e+003	   +1.791103e+002
+3.558932e+003	   +1.791062e+002
+3.566951e+003	   +1.791003e+002
+3.574989e+003	   +1.790752e+002
+3.583044e+003	   +1.790918e+002
+3.591118e+003	   +1.790735e+002
+3.599210e+003	   +1.790948e+002
+3.607321e+003	   +1.790865e+002
+3.615449e+003	   +1.790805e+002
+3.623596e+003	   +1.790617e+002
+3.631761e+003	   +1.790673e+002
+3.639945e+003	   +1.790912e+002
+3.648147e+003	   +1.790756e+002
+3.656368e+003	   +1.790745e+002
+3.664607e+003	   +1.790524e+002
+3.672864e+003	   +1.790745e+002
+3.681141e+003	   +1.790751e+002
+3.689436e+003	   +1.790456e+002
+3.697749e+003	   +1.790489e+002
+3.706081e+003	   +1.790366e+002
+3.714433e+003	   +1.790470e+002
+3.722802e+003	   +1.790620e+002
+3.731191e+003	   +1.790578e+002
+3.739599e+003	   +1.790490e+002
+3.748026e+003	   +1.790517e+002
+3.756471e+003	   +1.790352e+002
+3.764936e+003	   +1.790378e+002
+3.773419e+003	   +1.790455e+002
+3.781922e+003	   +1.790354e+002
+3.790444e+003	   +1.790263e+002
+3.798986e+003	   +1.790455e+002
+3.807546e+003	   +1.790499e+002
+3.816126e+003	   +1.790417e+002
+3.824725e+003	   +1.790188e+002
+3.833343e+003	   +1.790248e+002
+3.841981e+003	   +1.790221e+002
+3.850638e+003	   +1.790352e+002
+3.859315e+003	   +1.790209e+002
+3.868012e+003	   +1.790101e+002
+3.876728e+003	   +1.790212e+002
+3.885463e+003	   +1.790242e+002
+3.894219e+003	   +1.790186e+002
+3.902994e+003	   +1.790052e+002
+3.911789e+003	   +1.790029e+002
+3.920603e+003	   +1.790046e+002
+3.929438e+003	   +1.789896e+002
+3.938292e+003	   +1.790190e+002
+3.947167e+003	   +1.789891e+002
+3.956061e+003	   +1.789891e+002
+3.964975e+003	   +1.789966e+002
+3.973910e+003	   +1.789968e+002
+3.982864e+003	   +1.789762e+002
+3.991839e+003	   +1.789930e+002
+4.000834e+003	   +1.790055e+002
+4.009849e+003	   +1.789809e+002
+4.018885e+003	   +1.789760e+002
+4.027941e+003	   +1.789711e+002
+4.037017e+003	   +1.789787e+002
+4.046114e+003	   +1.789846e+002
+4.055231e+003	   +1.789626e+002
+4.064369e+003	   +1.789864e+002
+4.073528e+003	   +1.789856e+002
+4.082707e+003	   +1.789721e+002
+4.091906e+003	   +1.789633e+002
+4.101127e+003	   +1.789580e+002
+4.110368e+003	   +1.789672e+002
+4.119630e+003	   +1.789709e+002
+4.128914e+003	   +1.789514e+002
+4.138217e+003	   +1.789608e+002
+4.147542e+003	   +1.789496e+002
+4.156888e+003	   +1.789342e+002
+4.166255e+003	   +1.789460e+002
+4.175643e+003	   +1.789404e+002
+4.185052e+003	   +1.789579e+002
+4.194482e+003	   +1.789502e+002
+4.203934e+003	   +1.789297e+002
+4.213407e+003	   +1.789254e+002
+4.222901e+003	   +1.789450e+002
+4.232417e+003	   +1.789143e+002
+4.241954e+003	   +1.789213e+002
+4.251513e+003	   +1.789268e+002
+4.261093e+003	   +1.789201e+002
+4.270695e+003	   +1.789285e+002
+4.280318e+003	   +1.789124e+002
+4.289963e+003	   +1.789021e+002
+4.299630e+003	   +1.789272e+002
+4.309318e+003	   +1.788939e+002
+4.319029e+003	   +1.789106e+002
+4.328761e+003	   +1.789103e+002
+4.338516e+003	   +1.788953e+002
+4.348292e+003	   +1.788978e+002
+4.358090e+003	   +1.789148e+002
+4.367910e+003	   +1.789079e+002
+4.377752e+003	   +1.788940e+002
+4.387617e+003	   +1.789064e+002
+4.397504e+003	   +1.789117e+002
+4.407413e+003	   +1.788969e+002
+4.417345e+003	   +1.788882e+002
+4.427298e+003	   +1.788914e+002
+4.437275e+003	   +1.788792e+002
+4.447273e+003	   +1.788870e+002
+4.457295e+003	   +1.788583e+002
+4.467339e+003	   +1.788810e+002
+4.477405e+003	   +1.788832e+002
+4.487494e+003	   +1.788760e+002
+4.497606e+003	   +1.788758e+002
+4.507741e+003	   +1.788746e+002
+4.517898e+003	   +1.788651e+002
+4.528079e+003	   +1.788743e+002
+4.538282e+003	   +1.788811e+002
+4.548508e+003	   +1.788418e+002
+4.558758e+003	   +1.788626e+002
+4.569030e+003	   +1.788553e+002
+4.579326e+003	   +1.788456e+002
+4.589645e+003	   +1.788548e+002
+4.599987e+003	   +1.788297e+002
+4.610353e+003	   +1.788494e+002
+4.620741e+003	   +1.788371e+002
+4.631153e+003	   +1.788367e+002
+4.641589e+003	   +1.788575e+002
+4.652048e+003	   +1.788319e+002
+4.662531e+003	   +1.788271e+002
+4.673037e+003	   +1.788122e+002
+4.683567e+003	   +1.788260e+002
+4.694121e+003	   +1.788204e+002
+4.704698e+003	   +1.788175e+002
+4.715299e+003	   +1.788135e+002
+4.725925e+003	   +1.787967e+002
+4.736574e+003	   +1.788110e+002
+4.747247e+003	   +1.787987e+002
+4.757944e+003	   +1.787979e+002
+4.768666e+003	   +1.787939e+002
+4.779411e+003	   +1.787954e+002
+4.790181e+003	   +1.788071e+002
+4.800975e+003	   +1.788180e+002
+4.811793e+003	   +1.787938e+002
+4.822636e+003	   +1.787729e+002
+4.833503e+003	   +1.787971e+002
+4.844395e+003	   +1.787876e+002
+4.855311e+003	   +1.787748e+002
+4.866251e+003	   +1.787741e+002
+4.877217e+003	   +1.787755e+002
+4.888207e+003	   +1.787770e+002
+4.899222e+003	   +1.787665e+002
+4.910261e+003	   +1.787657e+002
+4.921326e+003	   +1.787851e+002
+4.932415e+003	   +1.787681e+002
+4.943530e+003	   +1.787601e+002
+4.954669e+003	   +1.787777e+002
+4.965834e+003	   +1.787451e+002
+4.977023e+003	   +1.787399e+002
+4.988239e+003	   +1.787639e+002
+4.999479e+003	   +1.787464e+002
+5.010744e+003	   +1.787657e+002
+5.022035e+003	   +1.787412e+002
+5.033352e+003	   +1.787292e+002
+5.044694e+003	   +1.787391e+002
+5.056061e+003	   +1.787427e+002
+5.067454e+003	   +1.787519e+002
+5.078873e+003	   +1.787318e+002
+5.090317e+003	   +1.787222e+002
+5.101788e+003	   +1.787363e+002
+5.113284e+003	   +1.787166e+002
+5.124806e+003	   +1.786958e+002
+5.136354e+003	   +1.787151e+002
+5.147928e+003	   +1.787202e+002
+5.159528e+003	   +1.787175e+002
+5.171154e+003	   +1.787054e+002
+5.182807e+003	   +1.787018e+002
+5.194485e+003	   +1.787217e+002
+5.206190e+003	   +1.786818e+002
+5.217922e+003	   +1.786955e+002
+5.229680e+003	   +1.787126e+002
+5.241464e+003	   +1.786967e+002
+5.253274e+003	   +1.786650e+002
+5.265112e+003	   +1.786749e+002
+5.276976e+003	   +1.786825e+002
+5.288867e+003	   +1.786566e+002
+5.300785e+003	   +1.786763e+002
+5.312729e+003	   +1.786725e+002
+5.324701e+003	   +1.786528e+002
+5.336699e+003	   +1.786456e+002
+5.348725e+003	   +1.786699e+002
+5.360777e+003	   +1.786664e+002
+5.372857e+003	   +1.786407e+002
+5.384964e+003	   +1.786581e+002
+5.397098e+003	   +1.786332e+002
+5.409260e+003	   +1.786485e+002
+5.421449e+003	   +1.786584e+002
+5.433665e+003	   +1.786374e+002
+5.445909e+003	   +1.786275e+002
+5.458181e+003	   +1.786307e+002
+5.470480e+003	   +1.786304e+002
+5.482807e+003	   +1.786480e+002
+5.495161e+003	   +1.786302e+002
+5.507544e+003	   +1.786279e+002
+5.519954e+003	   +1.786429e+002
+5.532393e+003	   +1.786210e+002
+5.544859e+003	   +1.786038e+002
+5.557354e+003	   +1.786326e+002
+5.569876e+003	   +1.786023e+002
+5.582427e+003	   +1.786049e+002
+5.595006e+003	   +1.786051e+002
+5.607614e+003	   +1.786076e+002
+5.620250e+003	   +1.786069e+002
+5.632914e+003	   +1.786052e+002
+5.645607e+003	   +1.785945e+002
+5.658329e+003	   +1.785912e+002
+5.671079e+003	   +1.785816e+002
+5.683858e+003	   +1.785632e+002
+5.696666e+003	   +1.785671e+002
+5.709502e+003	   +1.785869e+002
+5.722368e+003	   +1.785769e+002
+5.735262e+003	   +1.785581e+002
+5.748186e+003	   +1.785708e+002
+5.761138e+003	   +1.785557e+002
+5.774120e+003	   +1.785587e+002
+5.787131e+003	   +1.785533e+002
+5.800172e+003	   +1.785567e+002
+5.813242e+003	   +1.785694e+002
+5.826341e+003	   +1.785499e+002
+5.839470e+003	   +1.785464e+002
+5.852628e+003	   +1.785298e+002
+5.865816e+003	   +1.785445e+002
+5.879034e+003	   +1.785354e+002
+5.892281e+003	   +1.785254e+002
+5.905559e+003	   +1.785231e+002
+5.918866e+003	   +1.785219e+002
+5.932204e+003	   +1.785245e+002
+5.945571e+003	   +1.785064e+002
+5.958968e+003	   +1.785450e+002
+5.972396e+003	   +1.785224e+002
+5.985854e+003	   +1.785116e+002
+5.999342e+003	   +1.785160e+002
+6.012860e+003	   +1.785053e+002
+6.026410e+003	   +1.785132e+002
+6.039989e+003	   +1.784962e+002
+6.053600e+003	   +1.784975e+002
+6.067240e+003	   +1.785033e+002
+6.080912e+003	   +1.784841e+002
+6.094614e+003	   +1.784941e+002
+6.108348e+003	   +1.784734e+002
+6.122112e+003	   +1.784872e+002
+6.135907e+003	   +1.784528e+002
+6.149733e+003	   +1.784590e+002
+6.163591e+003	   +1.784901e+002
+6.177480e+003	   +1.784634e+002
+6.191400e+003	   +1.784851e+002
+6.205351e+003	   +1.784641e+002
+6.219334e+003	   +1.784509e+002
+6.233349e+003	   +1.784326e+002
+6.247395e+003	   +1.784678e+002
+6.261472e+003	   +1.784435e+002
+6.275581e+003	   +1.784482e+002
+6.289722e+003	   +1.784400e+002
+6.303896e+003	   +1.784422e+002
+6.318100e+003	   +1.784247e+002
+6.332337e+003	   +1.784279e+002
+6.346606e+003	   +1.784252e+002
+6.360907e+003	   +1.784276e+002
+6.375241e+003	   +1.784107e+002
+6.389606e+003	   +1.784213e+002
+6.404004e+003	   +1.783955e+002
+6.418435e+003	   +1.784151e+002
+6.432898e+003	   +1.784168e+002
+6.447393e+003	   +1.783976e+002
+6.461921e+003	   +1.784097e+002
+6.476482e+003	   +1.783992e+002
+6.491076e+003	   +1.783752e+002
+6.505703e+003	   +1.783818e+002
+6.520363e+003	   +1.783708e+002
+6.535055e+003	   +1.783633e+002
+6.549781e+003	   +1.783661e+002
+6.564540e+003	   +1.783792e+002
+6.579332e+003	   +1.783716e+002
+6.594158e+003	   +1.783847e+002
+6.609017e+003	   +1.783770e+002
+6.623909e+003	   +1.783760e+002
+6.638835e+003	   +1.783694e+002
+6.653795e+003	   +1.783373e+002
+6.668788e+003	   +1.783502e+002
+6.683815e+003	   +1.783354e+002
+6.698876e+003	   +1.783496e+002
+6.713971e+003	   +1.783282e+002
+6.729100e+003	   +1.783442e+002
+6.744263e+003	   +1.783507e+002
+6.759460e+003	   +1.783423e+002
+6.774692e+003	   +1.783056e+002
+6.789958e+003	   +1.783144e+002
+6.805258e+003	   +1.783193e+002
+6.820592e+003	   +1.783007e+002
+6.835961e+003	   +1.782979e+002
+6.851365e+003	   +1.783082e+002
+6.866804e+003	   +1.783058e+002
+6.882277e+003	   +1.783003e+002
+6.897785e+003	   +1.783069e+002
+6.913329e+003	   +1.782762e+002
+6.928907e+003	   +1.783033e+002
+6.944520e+003	   +1.782822e+002
+6.960168e+003	   +1.782750e+002
+6.975852e+003	   +1.782944e+002
+6.991571e+003	   +1.782867e+002
+7.007326e+003	   +1.782698e+002
+7.023116e+003	   +1.782682e+002
+7.038941e+003	   +1.782678e+002
+7.054802e+003	   +1.782448e+002
+7.070699e+003	   +1.782542e+002
+7.086632e+003	   +1.782646e+002
+7.102601e+003	   +1.782662e+002
+7.118605e+003	   +1.782596e+002
+7.134646e+003	   +1.782388e+002
+7.150723e+003	   +1.782521e+002
+7.166836e+003	   +1.782315e+002
+7.182985e+003	   +1.782183e+002
+7.199171e+003	   +1.782094e+002
+7.215394e+003	   +1.781916e+002
+7.231652e+003	   +1.782121e+002
+7.247948e+003	   +1.782231e+002
+7.264280e+003	   +1.782319e+002
+7.280649e+003	   +1.781974e+002
+7.297055e+003	   +1.782066e+002
+7.313498e+003	   +1.781911e+002
+7.329978e+003	   +1.781909e+002
+7.346495e+003	   +1.782042e+002
+7.363049e+003	   +1.781952e+002
+7.379640e+003	   +1.781742e+002
+7.396269e+003	   +1.781786e+002
+7.412936e+003	   +1.781653e+002
+7.429640e+003	   +1.781635e+002
+7.446381e+003	   +1.781563e+002
+7.463161e+003	   +1.781679e+002
+7.479978e+003	   +1.781332e+002
+7.496833e+003	   +1.781466e+002
+7.513726e+003	   +1.781463e+002
+7.530657e+003	   +1.781498e+002
+7.547626e+003	   +1.781412e+002
+7.564633e+003	   +1.781544e+002
+7.581679e+003	   +1.781430e+002
+7.598763e+003	   +1.781158e+002
+7.615886e+003	   +1.781247e+002
+7.633047e+003	   +1.781091e+002
+7.650247e+003	   +1.781175e+002
+7.667486e+003	   +1.781259e+002
+7.684763e+003	   +1.781081e+002
+7.702080e+003	   +1.781030e+002
+7.719436e+003	   +1.780936e+002
+7.736830e+003	   +1.780796e+002
+7.754264e+003	   +1.781060e+002
+7.771737e+003	   +1.780760e+002
+7.789249e+003	   +1.780830e+002
+7.806801e+003	   +1.780555e+002
+7.824393e+003	   +1.780542e+002
+7.842024e+003	   +1.780905e+002
+7.859694e+003	   +1.780657e+002
+7.877405e+003	   +1.780780e+002
+7.895156e+003	   +1.780641e+002
+7.912946e+003	   +1.780652e+002
+7.930777e+003	   +1.780311e+002
+7.948648e+003	   +1.780354e+002
+7.966559e+003	   +1.780458e+002
+7.984510e+003	   +1.780392e+002
+8.002502e+003	   +1.780221e+002
+8.020535e+003	   +1.780190e+002
+8.038608e+003	   +1.780392e+002
+8.056722e+003	   +1.780180e+002
+8.074876e+003	   +1.780165e+002
+8.093072e+003	   +1.780179e+002
+8.111308e+003	   +1.780116e+002
+8.129586e+003	   +1.779850e+002
+8.147905e+003	   +1.779996e+002
+8.166265e+003	   +1.779886e+002
+8.184667e+003	   +1.779989e+002
+8.203109e+003	   +1.779832e+002
+8.221594e+003	   +1.779772e+002
+8.240120e+003	   +1.779855e+002
+8.258688e+003	   +1.779593e+002
+8.277298e+003	   +1.779626e+002
+8.295949e+003	   +1.779615e+002
+8.314643e+003	   +1.779673e+002
+8.333379e+003	   +1.779473e+002
+8.352156e+003	   +1.779496e+002
+8.370977e+003	   +1.779668e+002
+8.389840e+003	   +1.779337e+002
+8.408745e+003	   +1.779296e+002
+8.427692e+003	   +1.779197e+002
+8.446684e+003	   +1.779355e+002
+8.465717e+003	   +1.779131e+002
+8.484793e+003	   +1.779104e+002
+8.503912e+003	   +1.779115e+002
+8.523074e+003	   +1.779213e+002
+8.542280e+003	   +1.779016e+002
+8.561528e+003	   +1.779176e+002
+8.580821e+003	   +1.779048e+002
+8.600156e+003	   +1.778904e+002
+8.619536e+003	   +1.778812e+002
+8.638959e+003	   +1.778881e+002
+8.658425e+003	   +1.778620e+002
+8.677936e+003	   +1.778711e+002
+8.697490e+003	   +1.778542e+002
+8.717089e+003	   +1.778481e+002
+8.736731e+003	   +1.778548e+002
+8.756418e+003	   +1.778474e+002
+8.776149e+003	   +1.778352e+002
+8.795925e+003	   +1.778306e+002
+8.815745e+003	   +1.778166e+002
+8.835610e+003	   +1.778085e+002
+8.855521e+003	   +1.778468e+002
+8.875475e+003	   +1.778228e+002
+8.895475e+003	   +1.778144e+002
+8.915519e+003	   +1.778146e+002
+8.935608e+003	   +1.778002e+002
+8.955744e+003	   +1.778075e+002
+8.975924e+003	   +1.777869e+002
+8.996150e+003	   +1.777838e+002
+9.016422e+003	   +1.777878e+002
+9.036739e+003	   +1.777725e+002
+9.057102e+003	   +1.777947e+002
+9.077511e+003	   +1.777982e+002
+9.097966e+003	   +1.777710e+002
+9.118467e+003	   +1.777662e+002
+9.139014e+003	   +1.777708e+002
+9.159606e+003	   +1.777360e+002
+9.180247e+003	   +1.777616e+002
+9.200933e+003	   +1.777567e+002
+9.221666e+003	   +1.777353e+002
+9.242445e+003	   +1.777219e+002
+9.263272e+003	   +1.777300e+002
+9.284146e+003	   +1.777431e+002
+9.305065e+003	   +1.777193e+002
+9.326033e+003	   +1.777181e+002
+9.347048e+003	   +1.776848e+002
+9.368110e+003	   +1.776932e+002
+9.389220e+003	   +1.776922e+002
+9.410377e+003	   +1.776950e+002
+9.431582e+003	   +1.776808e+002
+9.452835e+003	   +1.776902e+002
+9.474136e+003	   +1.776829e+002
+9.495484e+003	   +1.776850e+002
+9.516881e+003	   +1.776741e+002
+9.538325e+003	   +1.776612e+002
+9.559818e+003	   +1.776421e+002
+9.581360e+003	   +1.776562e+002
+9.602950e+003	   +1.776591e+002
+9.624590e+003	   +1.776479e+002
+9.646277e+003	   +1.776348e+002
+9.668014e+003	   +1.776463e+002
+9.689799e+003	   +1.776304e+002
+9.711634e+003	   +1.776186e+002
+9.733517e+003	   +1.776277e+002
+9.755450e+003	   +1.775987e+002
+9.777433e+003	   +1.776295e+002
+9.799465e+003	   +1.776167e+002
+9.821546e+003	   +1.776193e+002
+9.843678e+003	   +1.775746e+002
+9.865858e+003	   +1.775834e+002
+9.888090e+003	   +1.775727e+002
+9.910371e+003	   +1.775715e+002
+9.932703e+003	   +1.775768e+002
+9.955085e+003	   +1.775561e+002
+9.977518e+003	   +1.775433e+002
+1.000000e+004	   +1.775541e+002
+1.002253e+004	   +1.775584e+002
+1.004512e+004	   +1.775578e+002
+1.006775e+004	   +1.775352e+002
+1.009044e+004	   +1.775381e+002
+1.011318e+004	   +1.775198e+002
+1.013596e+004	   +1.775423e+002
+1.015880e+004	   +1.775033e+002
+1.018170e+004	   +1.774976e+002
+1.020464e+004	   +1.775147e+002
+1.022763e+004	   +1.774936e+002
+1.025068e+004	   +1.775163e+002
+1.027378e+004	   +1.774826e+002
+1.029693e+004	   +1.774822e+002
+1.032013e+004	   +1.774865e+002
+1.034339e+004	   +1.774550e+002
+1.036669e+004	   +1.774779e+002
+1.039005e+004	   +1.774565e+002
+1.041347e+004	   +1.774576e+002
+1.043693e+004	   +1.774315e+002
+1.046045e+004	   +1.774291e+002
+1.048402e+004	   +1.774366e+002
+1.050764e+004	   +1.774232e+002
+1.053132e+004	   +1.774431e+002
+1.055505e+004	   +1.774329e+002
+1.057884e+004	   +1.774209e+002
+1.060267e+004	   +1.774290e+002
+1.062657e+004	   +1.773881e+002
+1.065051e+004	   +1.773766e+002
+1.067451e+004	   +1.774024e+002
+1.069856e+004	   +1.774016e+002
+1.072267e+004	   +1.773784e+002
+1.074683e+004	   +1.773802e+002
+1.077105e+004	   +1.773876e+002
+1.079532e+004	   +1.773612e+002
+1.081965e+004	   +1.773368e+002
+1.084403e+004	   +1.773526e+002
+1.086846e+004	   +1.773429e+002
+1.089295e+004	   +1.773595e+002
+1.091750e+004	   +1.773212e+002
+1.094210e+004	   +1.773256e+002
+1.096676e+004	   +1.773318e+002
+1.099147e+004	   +1.773125e+002
+1.101624e+004	   +1.773316e+002
+1.104106e+004	   +1.772819e+002
+1.106594e+004	   +1.772829e+002
+1.109087e+004	   +1.772680e+002
+1.111587e+004	   +1.773033e+002
+1.114091e+004	   +1.772704e+002
+1.116602e+004	   +1.772818e+002
+1.119118e+004	   +1.772724e+002
+1.121640e+004	   +1.772503e+002
+1.124167e+004	   +1.772528e+002
+1.126700e+004	   +1.772584e+002
+1.129239e+004	   +1.772354e+002
+1.131784e+004	   +1.772365e+002
+1.134334e+004	   +1.772347e+002
+1.136890e+004	   +1.772110e+002
+1.139452e+004	   +1.772159e+002
+1.142019e+004	   +1.772210e+002
+1.144593e+004	   +1.771868e+002
+1.147172e+004	   +1.771889e+002
+1.149757e+004	   +1.771804e+002
+1.152348e+004	   +1.771608e+002
+1.154944e+004	   +1.771917e+002
+1.157547e+004	   +1.771701e+002
+1.160155e+004	   +1.771843e+002
+1.162770e+004	   +1.771800e+002
+1.165390e+004	   +1.771611e+002
+1.168016e+004	   +1.771523e+002
+1.170648e+004	   +1.771454e+002
+1.173286e+004	   +1.771408e+002
+1.175929e+004	   +1.771111e+002
+1.178579e+004	   +1.771320e+002
+1.181235e+004	   +1.771031e+002
+1.183897e+004	   +1.771148e+002
+1.186564e+004	   +1.770989e+002
+1.189238e+004	   +1.770989e+002
+1.191918e+004	   +1.770921e+002
+1.194604e+004	   +1.770920e+002
+1.197296e+004	   +1.770742e+002
+1.199993e+004	   +1.770557e+002
+1.202697e+004	   +1.770607e+002
+1.205408e+004	   +1.770453e+002
+1.208124e+004	   +1.770702e+002
+1.210846e+004	   +1.770541e+002
+1.213575e+004	   +1.770483e+002
+1.216309e+004	   +1.770370e+002
+1.219050e+004	   +1.770156e+002
+1.221797e+004	   +1.770034e+002
+1.224550e+004	   +1.770170e+002
+1.227309e+004	   +1.770238e+002
+1.230075e+004	   +1.770119e+002
+1.232847e+004	   +1.769952e+002
+1.235625e+004	   +1.769785e+002
+1.238409e+004	   +1.769948e+002
+1.241200e+004	   +1.769739e+002
+1.243996e+004	   +1.769826e+002
+1.246800e+004	   +1.769640e+002
+1.249609e+004	   +1.769513e+002
+1.252425e+004	   +1.769502e+002
+1.255247e+004	   +1.769330e+002
+1.258076e+004	   +1.769290e+002
+1.260911e+004	   +1.769325e+002
+1.263752e+004	   +1.769330e+002
+1.266599e+004	   +1.769060e+002
+1.269454e+004	   +1.769127e+002
+1.272314e+004	   +1.768979e+002
+1.275181e+004	   +1.768917e+002
+1.278054e+004	   +1.768900e+002
+1.280934e+004	   +1.768673e+002
+1.283821e+004	   +1.768770e+002
+1.286714e+004	   +1.768447e+002
+1.289613e+004	   +1.768625e+002
+1.292519e+004	   +1.768436e+002
+1.295432e+004	   +1.768524e+002
+1.298351e+004	   +1.768326e+002
+1.301276e+004	   +1.768349e+002
+1.304208e+004	   +1.768221e+002
+1.307147e+004	   +1.768126e+002
+1.310093e+004	   +1.768082e+002
+1.313045e+004	   +1.768148e+002
+1.316004e+004	   +1.767776e+002
+1.318969e+004	   +1.768150e+002
+1.321941e+004	   +1.767702e+002
+1.324920e+004	   +1.767556e+002
+1.327905e+004	   +1.767684e+002
+1.330898e+004	   +1.767443e+002
+1.333897e+004	   +1.767505e+002
+1.336902e+004	   +1.767446e+002
+1.339915e+004	   +1.767352e+002
+1.342934e+004	   +1.767507e+002
+1.345960e+004	   +1.767141e+002
+1.348993e+004	   +1.767131e+002
+1.352033e+004	   +1.767141e+002
+1.355080e+004	   +1.767135e+002
+1.358133e+004	   +1.766956e+002
+1.361193e+004	   +1.766720e+002
+1.364261e+004	   +1.766848e+002
+1.367335e+004	   +1.766814e+002
+1.370416e+004	   +1.766806e+002
+1.373504e+004	   +1.766598e+002
+1.376599e+004	   +1.766471e+002
+1.379701e+004	   +1.766423e+002
+1.382810e+004	   +1.766235e+002
+1.385926e+004	   +1.766322e+002
+1.389049e+004	   +1.766181e+002
+1.392179e+004	   +1.766092e+002
+1.395316e+004	   +1.765977e+002
+1.398460e+004	   +1.765935e+002
+1.401611e+004	   +1.765886e+002
+1.404770e+004	   +1.765850e+002
+1.407935e+004	   +1.765909e+002
+1.411108e+004	   +1.765741e+002
+1.414287e+004	   +1.765646e+002
+1.417474e+004	   +1.765446e+002
+1.420668e+004	   +1.765266e+002
+1.423870e+004	   +1.765532e+002
+1.427078e+004	   +1.765297e+002
+1.430294e+004	   +1.765211e+002
+1.433517e+004	   +1.765120e+002
+1.436747e+004	   +1.765028e+002
+1.439984e+004	   +1.764885e+002
+1.443229e+004	   +1.765015e+002
+1.446481e+004	   +1.764774e+002
+1.449741e+004	   +1.764601e+002
+1.453007e+004	   +1.764791e+002
+1.456282e+004	   +1.764578e+002
+1.459563e+004	   +1.764671e+002
+1.462852e+004	   +1.764525e+002
+1.466148e+004	   +1.764496e+002
+1.469452e+004	   +1.764108e+002
+1.472763e+004	   +1.764358e+002
+1.476082e+004	   +1.763975e+002
+1.479408e+004	   +1.763962e+002
+1.482742e+004	   +1.764064e+002
+1.486083e+004	   +1.764044e+002
+1.489431e+004	   +1.763851e+002
+1.492788e+004	   +1.763772e+002
+1.496151e+004	   +1.763574e+002
+1.499523e+004	   +1.763512e+002
+1.502902e+004	   +1.763336e+002
+1.506288e+004	   +1.763582e+002
+1.509683e+004	   +1.763278e+002
+1.513084e+004	   +1.763324e+002
+1.516494e+004	   +1.762948e+002
+1.519911e+004	   +1.763160e+002
+1.523336e+004	   +1.762823e+002
+1.526769e+004	   +1.762934e+002
+1.530209e+004	   +1.762844e+002
+1.533657e+004	   +1.762540e+002
+1.537113e+004	   +1.762635e+002
+1.540577e+004	   +1.762446e+002
+1.544048e+004	   +1.762341e+002
+1.547527e+004	   +1.762251e+002
+1.551014e+004	   +1.762283e+002
+1.554509e+004	   +1.762284e+002
+1.558012e+004	   +1.762160e+002
+1.561523e+004	   +1.762077e+002
+1.565042e+004	   +1.761833e+002
+1.568568e+004	   +1.762004e+002
+1.572103e+004	   +1.761932e+002
+1.575645e+004	   +1.761537e+002
+1.579196e+004	   +1.761673e+002
+1.582754e+004	   +1.761551e+002
+1.586321e+004	   +1.761413e+002
+1.589895e+004	   +1.761549e+002
+1.593478e+004	   +1.761104e+002
+1.597069e+004	   +1.761205e+002
+1.600667e+004	   +1.761174e+002
+1.604274e+004	   +1.760996e+002
+1.607889e+004	   +1.760956e+002
+1.611512e+004	   +1.760876e+002
+1.615144e+004	   +1.760682e+002
+1.618783e+004	   +1.760688e+002
+1.622431e+004	   +1.760385e+002
+1.626087e+004	   +1.760635e+002
+1.629751e+004	   +1.760569e+002
+1.633423e+004	   +1.760419e+002
+1.637104e+004	   +1.760331e+002
+1.640793e+004	   +1.760145e+002
+1.644490e+004	   +1.759945e+002
+1.648196e+004	   +1.760147e+002
+1.651910e+004	   +1.759856e+002
+1.655632e+004	   +1.759929e+002
+1.659363e+004	   +1.759973e+002
+1.663102e+004	   +1.759872e+002
+1.666849e+004	   +1.759442e+002
+1.670605e+004	   +1.759519e+002
+1.674370e+004	   +1.759308e+002
+1.678143e+004	   +1.759288e+002
+1.681924e+004	   +1.758932e+002
+1.685714e+004	   +1.759044e+002
+1.689513e+004	   +1.759052e+002
+1.693320e+004	   +1.758804e+002
+1.697136e+004	   +1.758830e+002
+1.700960e+004	   +1.758743e+002
+1.704793e+004	   +1.758471e+002
+1.708634e+004	   +1.758425e+002
+1.712484e+004	   +1.758318e+002
+1.716343e+004	   +1.758446e+002
+1.720211e+004	   +1.758394e+002
+1.724087e+004	   +1.758166e+002
+1.727972e+004	   +1.758047e+002
+1.731866e+004	   +1.757855e+002
+1.735768e+004	   +1.757778e+002
+1.739679e+004	   +1.757997e+002
+1.743599e+004	   +1.757732e+002
+1.747528e+004	   +1.757655e+002
+1.751466e+004	   +1.757370e+002
+1.755413e+004	   +1.757191e+002
+1.759368e+004	   +1.757132e+002
+1.763333e+004	   +1.757362e+002
+1.767306e+004	   +1.757292e+002
+1.771289e+004	   +1.756909e+002
+1.775280e+004	   +1.757147e+002
+1.779280e+004	   +1.757104e+002
+1.783290e+004	   +1.756589e+002
+1.787308e+004	   +1.756550e+002
+1.791336e+004	   +1.756525e+002
+1.795372e+004	   +1.756693e+002
+1.799418e+004	   +1.756351e+002
+1.803472e+004	   +1.756204e+002
+1.807536e+004	   +1.756022e+002
+1.811609e+004	   +1.756115e+002
+1.815691e+004	   +1.755828e+002
+1.819783e+004	   +1.755836e+002
+1.823883e+004	   +1.755774e+002
+1.827993e+004	   +1.755576e+002
+1.832112e+004	   +1.755513e+002
+1.836241e+004	   +1.755463e+002
+1.840379e+004	   +1.755325e+002
+1.844525e+004	   +1.755325e+002
+1.848682e+004	   +1.755224e+002
+1.852847e+004	   +1.755103e+002
+1.857023e+004	   +1.755009e+002
+1.861207e+004	   +1.754936e+002
+1.865401e+004	   +1.754704e+002
+1.869604e+004	   +1.754851e+002
+1.873817e+004	   +1.754463e+002
+1.878040e+004	   +1.754561e+002
+1.882272e+004	   +1.754517e+002
+1.886513e+004	   +1.754355e+002
+1.890764e+004	   +1.754024e+002
+1.895025e+004	   +1.754268e+002
+1.899295e+004	   +1.753931e+002
+1.903575e+004	   +1.754031e+002
+1.907864e+004	   +1.753721e+002
+1.912163e+004	   +1.753607e+002
+1.916472e+004	   +1.753569e+002
+1.920790e+004	   +1.753472e+002
+1.925119e+004	   +1.753186e+002
+1.929456e+004	   +1.753331e+002
+1.933804e+004	   +1.752937e+002
+1.938162e+004	   +1.752985e+002
+1.942529e+004	   +1.753052e+002
+1.946906e+004	   +1.752840e+002
+1.951293e+004	   +1.752717e+002
+1.955690e+004	   +1.752699e+002
+1.960097e+004	   +1.752671e+002
+1.964514e+004	   +1.752559e+002
+1.968941e+004	   +1.752351e+002
+1.973378e+004	   +1.752119e+002
+1.977824e+004	   +1.751834e+002
+1.982281e+004	   +1.752013e+002
+1.986748e+004	   +1.751985e+002
+1.991225e+004	   +1.751628e+002
+1.995712e+004	   +1.751464e+002
+2.000209e+004	   +1.751489e+002
+2.004716e+004	   +1.751148e+002
+2.009233e+004	   +1.751240e+002
+2.013761e+004	   +1.751150e+002
+2.018298e+004	   +1.751021e+002
+2.022846e+004	   +1.750779e+002
+2.027404e+004	   +1.750923e+002
+2.031973e+004	   +1.750800e+002
+2.036552e+004	   +1.750561e+002
+2.041141e+004	   +1.750511e+002
+2.045740e+004	   +1.750432e+002
+2.050350e+004	   +1.750268e+002
+2.054970e+004	   +1.750281e+002
+2.059601e+004	   +1.749893e+002
+2.064242e+004	   +1.749942e+002
+2.068893e+004	   +1.749852e+002
+2.073555e+004	   +1.749895e+002
+2.078227e+004	   +1.749635e+002
+2.082910e+004	   +1.749410e+002
+2.087604e+004	   +1.749625e+002
+2.092308e+004	   +1.749306e+002
+2.097023e+004	   +1.749229e+002
+2.101748e+004	   +1.749099e+002
+2.106484e+004	   +1.748951e+002
+2.111231e+004	   +1.748789e+002
+2.115988e+004	   +1.748756e+002
+2.120756e+004	   +1.748688e+002
+2.125535e+004	   +1.748595e+002
+2.130324e+004	   +1.748539e+002
+2.135125e+004	   +1.748262e+002
+2.139936e+004	   +1.748181e+002
+2.144758e+004	   +1.748013e+002
+2.149591e+004	   +1.747894e+002
+2.154435e+004	   +1.747968e+002
+2.159289e+004	   +1.747816e+002
+2.164155e+004	   +1.747622e+002
+2.169032e+004	   +1.747413e+002
+2.173919e+004	   +1.747164e+002
+2.178818e+004	   +1.747348e+002
+2.183728e+004	   +1.747090e+002
+2.188648e+004	   +1.746842e+002
+2.193580e+004	   +1.747126e+002
+2.198523e+004	   +1.746861e+002
+2.203477e+004	   +1.746429e+002
+2.208442e+004	   +1.746609e+002
+2.213419e+004	   +1.746578e+002
+2.218406e+004	   +1.746357e+002
+2.223405e+004	   +1.746224e+002
+2.228415e+004	   +1.745955e+002
+2.233437e+004	   +1.745881e+002
+2.238469e+004	   +1.745726e+002
+2.243513e+004	   +1.745702e+002
+2.248569e+004	   +1.745689e+002
+2.253636e+004	   +1.745421e+002
+2.258714e+004	   +1.745119e+002
+2.263803e+004	   +1.745171e+002
+2.268904e+004	   +1.744834e+002
+2.274017e+004	   +1.745001e+002
+2.279141e+004	   +1.744755e+002
+2.284277e+004	   +1.744922e+002
+2.289424e+004	   +1.744625e+002
+2.294583e+004	   +1.744324e+002
+2.299754e+004	   +1.744347e+002
+2.304936e+004	   +1.744343e+002
+2.310130e+004	   +1.744119e+002
+2.315335e+004	   +1.743956e+002
+2.320553e+004	   +1.743920e+002
+2.325781e+004	   +1.743845e+002
+2.331022e+004	   +1.743543e+002
+2.336275e+004	   +1.743409e+002
+2.341539e+004	   +1.743098e+002
+2.346816e+004	   +1.743064e+002
+2.352104e+004	   +1.743015e+002
+2.357404e+004	   +1.742877e+002
+2.362716e+004	   +1.742603e+002
+2.368040e+004	   +1.742647e+002
+2.373376e+004	   +1.742352e+002
+2.378724e+004	   +1.742515e+002
+2.384084e+004	   +1.742273e+002
+2.389456e+004	   +1.742251e+002
+2.394841e+004	   +1.741861e+002
+2.400237e+004	   +1.741888e+002
+2.405646e+004	   +1.741541e+002
+2.411066e+004	   +1.741502e+002
+2.416499e+004	   +1.741584e+002
+2.421945e+004	   +1.741177e+002
+2.427402e+004	   +1.741330e+002
+2.432872e+004	   +1.741188e+002
+2.438354e+004	   +1.740948e+002
+2.443849e+004	   +1.740676e+002
+2.449355e+004	   +1.740585e+002
+2.454875e+004	   +1.740617e+002
+2.460406e+004	   +1.740623e+002
+2.465951e+004	   +1.740386e+002
+2.471507e+004	   +1.740270e+002
+2.477076e+004	   +1.740183e+002
+2.482658e+004	   +1.739745e+002
+2.488252e+004	   +1.739760e+002
+2.493859e+004	   +1.739664e+002
+2.499479e+004	   +1.739728e+002
+2.505111e+004	   +1.739526e+002
+2.510756e+004	   +1.739214e+002
+2.516413e+004	   +1.739074e+002
+2.522084e+004	   +1.738902e+002
+2.527767e+004	   +1.738884e+002
+2.533463e+004	   +1.738705e+002
+2.539172e+004	   +1.738555e+002
+2.544893e+004	   +1.738440e+002
+2.550628e+004	   +1.738204e+002
+2.556375e+004	   +1.738387e+002
+2.562136e+004	   +1.737955e+002
+2.567909e+004	   +1.737850e+002
+2.573696e+004	   +1.737956e+002
+2.579495e+004	   +1.737663e+002
+2.585308e+004	   +1.737283e+002
+2.591133e+004	   +1.737209e+002
+2.596972e+004	   +1.737138e+002
+2.602824e+004	   +1.736926e+002
+2.608689e+004	   +1.736685e+002
+2.614567e+004	   +1.736752e+002
+2.620459e+004	   +1.736607e+002
+2.626363e+004	   +1.736614e+002
+2.632282e+004	   +1.736384e+002
+2.638213e+004	   +1.736206e+002
+2.644158e+004	   +1.736094e+002
+2.650116e+004	   +1.735936e+002
+2.656088e+004	   +1.735640e+002
+2.662073e+004	   +1.735533e+002
+2.668071e+004	   +1.735594e+002
+2.674084e+004	   +1.735100e+002
+2.680109e+004	   +1.735239e+002
+2.686148e+004	   +1.735011e+002
+2.692201e+004	   +1.734978e+002
+2.698268e+004	   +1.734524e+002
+2.704348e+004	   +1.734624e+002
+2.710442e+004	   +1.734589e+002
+2.716549e+004	   +1.734213e+002
+2.722671e+004	   +1.734173e+002
+2.728806e+004	   +1.733994e+002
+2.734955e+004	   +1.733642e+002
+2.741118e+004	   +1.733646e+002
+2.747294e+004	   +1.733501e+002
+2.753485e+004	   +1.733388e+002
+2.759689e+004	   +1.733221e+002
+2.765908e+004	   +1.733363e+002
+2.772141e+004	   +1.732999e+002
+2.778387e+004	   +1.732905e+002
+2.784648e+004	   +1.732555e+002
+2.790923e+004	   +1.732470e+002
+2.797212e+004	   +1.732401e+002
+2.803515e+004	   +1.732030e+002
+2.809832e+004	   +1.732142e+002
+2.816163e+004	   +1.732061e+002
+2.822509e+004	   +1.731889e+002
+2.828870e+004	   +1.731547e+002
+2.835244e+004	   +1.731334e+002
+2.841633e+004	   +1.731200e+002
+2.848036e+004	   +1.731324e+002
+2.854454e+004	   +1.730874e+002
+2.860886e+004	   +1.730793e+002
+2.867332e+004	   +1.730756e+002
+2.873793e+004	   +1.730567e+002
+2.880269e+004	   +1.730518e+002
+2.886759e+004	   +1.730294e+002
+2.893264e+004	   +1.730143e+002
+2.899784e+004	   +1.729661e+002
+2.906318e+004	   +1.729695e+002
+2.912867e+004	   +1.729553e+002
+2.919430e+004	   +1.729231e+002
+2.926009e+004	   +1.729111e+002
+2.932602e+004	   +1.729045e+002
+2.939211e+004	   +1.729027e+002
+2.945834e+004	   +1.728748e+002
+2.952472e+004	   +1.728573e+002
+2.959125e+004	   +1.728542e+002
+2.965793e+004	   +1.728411e+002
+2.972475e+004	   +1.728280e+002
+2.979173e+004	   +1.727942e+002
+2.985887e+004	   +1.727737e+002
+2.992615e+004	   +1.727641e+002
+2.999358e+004	   +1.727470e+002
+3.006117e+004	   +1.727274e+002
+3.012891e+004	   +1.726914e+002
+3.019680e+004	   +1.726949e+002
+3.026484e+004	   +1.726678e+002
+3.033304e+004	   +1.726676e+002
+3.040139e+004	   +1.726408e+002
+3.046990e+004	   +1.726499e+002
+3.053855e+004	   +1.726130e+002
+3.060737e+004	   +1.726024e+002
+3.067634e+004	   +1.725986e+002
+3.074546e+004	   +1.725851e+002
+3.081474e+004	   +1.725690e+002
+3.088418e+004	   +1.725486e+002
+3.095377e+004	   +1.725081e+002
+3.102352e+004	   +1.724709e+002
+3.109343e+004	   +1.724895e+002
+3.116349e+004	   +1.724645e+002
+3.123372e+004	   +1.724315e+002
+3.130410e+004	   +1.724105e+002
+3.137463e+004	   +1.724184e+002
+3.144533e+004	   +1.723930e+002
+3.151619e+004	   +1.723816e+002
+3.158721e+004	   +1.723620e+002
+3.165838e+004	   +1.723433e+002
+3.172972e+004	   +1.723389e+002
+3.180122e+004	   +1.723090e+002
+3.187288e+004	   +1.723133e+002
+3.194470e+004	   +1.722648e+002
+3.201668e+004	   +1.722616e+002
+3.208883e+004	   +1.722452e+002
+3.216114e+004	   +1.722165e+002
+3.223361e+004	   +1.722016e+002
+3.230624e+004	   +1.721754e+002
+3.237904e+004	   +1.721730e+002
+3.245200e+004	   +1.721632e+002
+3.252513e+004	   +1.721377e+002
+3.259841e+004	   +1.720993e+002
+3.267187e+004	   +1.721096e+002
+3.274549e+004	   +1.720822e+002
+3.281928e+004	   +1.720479e+002
+3.289323e+004	   +1.720384e+002
+3.296735e+004	   +1.720207e+002
+3.304164e+004	   +1.720014e+002
+3.311609e+004	   +1.720043e+002
+3.319071e+004	   +1.719847e+002
+3.326551e+004	   +1.719673e+002
+3.334046e+004	   +1.719302e+002
+3.341559e+004	   +1.719344e+002
+3.349089e+004	   +1.719187e+002
+3.356636e+004	   +1.718848e+002
+3.364199e+004	   +1.718589e+002
+3.371780e+004	   +1.718235e+002
+3.379378e+004	   +1.718300e+002
+3.386993e+004	   +1.718080e+002
+3.394625e+004	   +1.718022e+002
+3.402274e+004	   +1.717732e+002
+3.409941e+004	   +1.717480e+002
+3.417625e+004	   +1.717449e+002
+3.425325e+004	   +1.717145e+002
+3.433044e+004	   +1.716865e+002
+3.440780e+004	   +1.716628e+002
+3.448533e+004	   +1.716858e+002
+3.456304e+004	   +1.716181e+002
+3.464092e+004	   +1.716236e+002
+3.471898e+004	   +1.715980e+002
+3.479721e+004	   +1.715858e+002
+3.487563e+004	   +1.715567e+002
+3.495421e+004	   +1.715393e+002
+3.503298e+004	   +1.715549e+002
+3.511192e+004	   +1.715196e+002
+3.519104e+004	   +1.715004e+002
+3.527034e+004	   +1.714603e+002
+3.534981e+004	   +1.714278e+002
+3.542946e+004	   +1.714337e+002
+3.550930e+004	   +1.714022e+002
+3.558932e+004	   +1.713939e+002
+3.566951e+004	   +1.713741e+002
+3.574989e+004	   +1.713566e+002
+3.583045e+004	   +1.713322e+002
+3.591118e+004	   +1.713102e+002
+3.599211e+004	   +1.712716e+002
+3.607321e+004	   +1.712972e+002
+3.615449e+004	   +1.712753e+002
+3.623596e+004	   +1.712267e+002
+3.631761e+004	   +1.712037e+002
+3.639945e+004	   +1.712088e+002
+3.648147e+004	   +1.711798e+002
+3.656368e+004	   +1.711700e+002
+3.664607e+004	   +1.711167e+002
+3.672864e+004	   +1.711132e+002
+3.681141e+004	   +1.710905e+002
+3.689436e+004	   +1.710599e+002
+3.697749e+004	   +1.710589e+002
+3.706081e+004	   +1.710285e+002
+3.714432e+004	   +1.710182e+002
+3.722802e+004	   +1.710062e+002
+3.731191e+004	   +1.709690e+002
+3.739599e+004	   +1.709551e+002
+3.748025e+004	   +1.709333e+002
+3.756471e+004	   +1.709042e+002
+3.764936e+004	   +1.709084e+002
+3.773420e+004	   +1.708687e+002
+3.781922e+004	   +1.708740e+002
+3.790445e+004	   +1.708350e+002
+3.798986e+004	   +1.707992e+002
+3.807546e+004	   +1.708143e+002
+3.816126e+004	   +1.707500e+002
+3.824725e+004	   +1.707630e+002
+3.833343e+004	   +1.707376e+002
+3.841981e+004	   +1.707076e+002
+3.850639e+004	   +1.706931e+002
+3.859315e+004	   +1.706754e+002
+3.868012e+004	   +1.706473e+002
+3.876728e+004	   +1.706055e+002
+3.885463e+004	   +1.706062e+002
+3.894219e+004	   +1.705839e+002
+3.902994e+004	   +1.705517e+002
+3.911789e+004	   +1.705350e+002
+3.920603e+004	   +1.705293e+002
+3.929438e+004	   +1.705221e+002
+3.938292e+004	   +1.704679e+002
+3.947166e+004	   +1.704520e+002
+3.956061e+004	   +1.704300e+002
+3.964975e+004	   +1.704053e+002
+3.973910e+004	   +1.703958e+002
+3.982864e+004	   +1.703651e+002
+3.991839e+004	   +1.703508e+002
+4.000834e+004	   +1.703371e+002
+4.009849e+004	   +1.703124e+002
+4.018885e+004	   +1.702766e+002
+4.027941e+004	   +1.702528e+002
+4.037017e+004	   +1.702167e+002
+4.046114e+004	   +1.702060e+002
+4.055231e+004	   +1.701925e+002
+4.064369e+004	   +1.701936e+002
+4.073528e+004	   +1.701728e+002
+4.082707e+004	   +1.701264e+002
+4.091907e+004	   +1.700870e+002
+4.101127e+004	   +1.700837e+002
+4.110368e+004	   +1.700635e+002
+4.119630e+004	   +1.700513e+002
+4.128913e+004	   +1.699957e+002
+4.138217e+004	   +1.699908e+002
+4.147542e+004	   +1.699910e+002
+4.156888e+004	   +1.699514e+002
+4.166255e+004	   +1.699066e+002
+4.175643e+004	   +1.699000e+002
+4.185052e+004	   +1.698867e+002
+4.194482e+004	   +1.698512e+002
+4.203934e+004	   +1.698333e+002
+4.213407e+004	   +1.698032e+002
+4.222902e+004	   +1.697776e+002
+4.232417e+004	   +1.697673e+002
+4.241954e+004	   +1.697422e+002
+4.251513e+004	   +1.697155e+002
+4.261093e+004	   +1.697096e+002
+4.270695e+004	   +1.696502e+002
+4.280318e+004	   +1.696479e+002
+4.289963e+004	   +1.696115e+002
+4.299630e+004	   +1.696198e+002
+4.309319e+004	   +1.695759e+002
+4.319029e+004	   +1.695562e+002
+4.328761e+004	   +1.695167e+002
+4.338516e+004	   +1.694990e+002
+4.348292e+004	   +1.694587e+002
+4.358090e+004	   +1.694550e+002
+4.367910e+004	   +1.694420e+002
+4.377753e+004	   +1.693940e+002
+4.387617e+004	   +1.693698e+002
+4.397504e+004	   +1.693531e+002
+4.407413e+004	   +1.693362e+002
+4.417345e+004	   +1.693130e+002
+4.427298e+004	   +1.692806e+002
+4.437275e+004	   +1.692690e+002
+4.447273e+004	   +1.692405e+002
+4.457295e+004	   +1.692164e+002
+4.467339e+004	   +1.691724e+002
+4.477405e+004	   +1.691660e+002
+4.487494e+004	   +1.691425e+002
+4.497606e+004	   +1.690929e+002
+4.507741e+004	   +1.690952e+002
+4.517898e+004	   +1.690769e+002
+4.528079e+004	   +1.690641e+002
+4.538282e+004	   +1.690307e+002
+4.548509e+004	   +1.689948e+002
+4.558758e+004	   +1.689632e+002
+4.569030e+004	   +1.689539e+002
+4.579326e+004	   +1.689308e+002
+4.589645e+004	   +1.689103e+002
+4.599987e+004	   +1.688492e+002
+4.610352e+004	   +1.688459e+002
+4.620741e+004	   +1.688216e+002
+4.631153e+004	   +1.688040e+002
+4.641589e+004	   +1.687682e+002
+4.652048e+004	   +1.687258e+002
+4.662530e+004	   +1.686916e+002
+4.673037e+004	   +1.686753e+002
+4.683567e+004	   +1.686577e+002
+4.694121e+004	   +1.686426e+002
+4.704698e+004	   +1.685925e+002
+4.715300e+004	   +1.686015e+002
+4.725925e+004	   +1.685625e+002
+4.736574e+004	   +1.685507e+002
+4.747247e+004	   +1.685150e+002
+4.757944e+004	   +1.684777e+002
+4.768666e+004	   +1.684562e+002
+4.779411e+004	   +1.684247e+002
+4.790181e+004	   +1.684041e+002
+4.800975e+004	   +1.683582e+002
+4.811793e+004	   +1.683543e+002
+4.822636e+004	   +1.683176e+002
+4.833503e+004	   +1.683069e+002
+4.844395e+004	   +1.682623e+002
+4.855311e+004	   +1.682351e+002
+4.866251e+004	   +1.682149e+002
+4.877216e+004	   +1.681934e+002
+4.888207e+004	   +1.681808e+002
+4.899221e+004	   +1.681387e+002
+4.910261e+004	   +1.681087e+002
+4.921326e+004	   +1.680960e+002
+4.932415e+004	   +1.680640e+002
+4.943530e+004	   +1.680309e+002
+4.954669e+004	   +1.680297e+002
+4.965834e+004	   +1.679709e+002
+4.977023e+004	   +1.679378e+002
+4.988239e+004	   +1.679446e+002
+4.999479e+004	   +1.679034e+002
+5.010745e+004	   +1.678633e+002
+5.022035e+004	   +1.678381e+002
+5.033352e+004	   +1.678037e+002
+5.044694e+004	   +1.677979e+002
+5.056061e+004	   +1.677565e+002
+5.067454e+004	   +1.677299e+002
+5.078873e+004	   +1.676863e+002
+5.090318e+004	   +1.676683e+002
+5.101788e+004	   +1.676424e+002
+5.113284e+004	   +1.676071e+002
+5.124806e+004	   +1.675874e+002
+5.136354e+004	   +1.675518e+002
+5.147928e+004	   +1.675417e+002
+5.159528e+004	   +1.675255e+002
+5.171154e+004	   +1.674767e+002
+5.182807e+004	   +1.674371e+002
+5.194485e+004	   +1.674131e+002
+5.206190e+004	   +1.674010e+002
+5.217922e+004	   +1.673783e+002
+5.229679e+004	   +1.673324e+002
+5.241464e+004	   +1.672887e+002
+5.253275e+004	   +1.672896e+002
+5.265112e+004	   +1.672441e+002
+5.276976e+004	   +1.672206e+002
+5.288867e+004	   +1.671856e+002
+5.300785e+004	   +1.671543e+002
+5.312729e+004	   +1.671306e+002
+5.324701e+004	   +1.670979e+002
+5.336699e+004	   +1.670648e+002
+5.348725e+004	   +1.670463e+002
+5.360777e+004	   +1.670325e+002
+5.372857e+004	   +1.669575e+002
+5.384964e+004	   +1.669426e+002
+5.397098e+004	   +1.669270e+002
+5.409260e+004	   +1.669102e+002
+5.421448e+004	   +1.668592e+002
+5.433665e+004	   +1.668384e+002
+5.445909e+004	   +1.668062e+002
+5.458180e+004	   +1.667569e+002
+5.470480e+004	   +1.667187e+002
+5.482807e+004	   +1.667081e+002
+5.495161e+004	   +1.666809e+002
+5.507544e+004	   +1.666266e+002
+5.519954e+004	   +1.666118e+002
+5.532393e+004	   +1.666015e+002
+5.544859e+004	   +1.665605e+002
+5.557354e+004	   +1.665279e+002
+5.569876e+004	   +1.664982e+002
+5.582427e+004	   +1.664723e+002
+5.595006e+004	   +1.664533e+002
+5.607614e+004	   +1.664240e+002
+5.620250e+004	   +1.663624e+002
+5.632914e+004	   +1.663427e+002
+5.645607e+004	   +1.663110e+002
+5.658329e+004	   +1.662879e+002
+5.671079e+004	   +1.662493e+002
+5.683858e+004	   +1.662133e+002
+5.696666e+004	   +1.661841e+002
+5.709502e+004	   +1.661635e+002
+5.722368e+004	   +1.661176e+002
+5.735262e+004	   +1.660893e+002
+5.748186e+004	   +1.660642e+002
+5.761138e+004	   +1.660436e+002
+5.774120e+004	   +1.659965e+002
+5.787131e+004	   +1.659632e+002
+5.800172e+004	   +1.659370e+002
+5.813242e+004	   +1.659059e+002
+5.826341e+004	   +1.658646e+002
+5.839470e+004	   +1.658311e+002
+5.852628e+004	   +1.658135e+002
+5.865816e+004	   +1.657593e+002
+5.879034e+004	   +1.657425e+002
+5.892281e+004	   +1.657058e+002
+5.905559e+004	   +1.656460e+002
+5.918866e+004	   +1.656177e+002
+5.932204e+004	   +1.656025e+002
+5.945571e+004	   +1.655786e+002
+5.958968e+004	   +1.655398e+002
+5.972396e+004	   +1.655015e+002
+5.985854e+004	   +1.654946e+002
+5.999342e+004	   +1.654684e+002
+6.012861e+004	   +1.654040e+002
+6.026410e+004	   +1.654001e+002
+6.039989e+004	   +1.653556e+002
+6.053600e+004	   +1.653013e+002
+6.067240e+004	   +1.652763e+002
+6.080912e+004	   +1.652480e+002
+6.094614e+004	   +1.652004e+002
+6.108348e+004	   +1.651773e+002
+6.122112e+004	   +1.651369e+002
+6.135907e+004	   +1.651349e+002
+6.149734e+004	   +1.650772e+002
+6.163591e+004	   +1.650466e+002
+6.177480e+004	   +1.650067e+002
+6.191400e+004	   +1.649911e+002
+6.205351e+004	   +1.649411e+002
+6.219334e+004	   +1.648997e+002
+6.233348e+004	   +1.648525e+002
+6.247395e+004	   +1.648147e+002
+6.261472e+004	   +1.648058e+002
+6.275581e+004	   +1.647646e+002
+6.289722e+004	   +1.647380e+002
+6.303895e+004	   +1.646891e+002
+6.318100e+004	   +1.646635e+002
+6.332337e+004	   +1.646175e+002
+6.346606e+004	   +1.645927e+002
+6.360907e+004	   +1.645531e+002
+6.375241e+004	   +1.645090e+002
+6.389606e+004	   +1.644790e+002
+6.404004e+004	   +1.644341e+002
+6.418435e+004	   +1.644157e+002
+6.432898e+004	   +1.643683e+002
+6.447393e+004	   +1.643503e+002
+6.461921e+004	   +1.643071e+002
+6.476482e+004	   +1.642587e+002
+6.491076e+004	   +1.642472e+002
+6.505703e+004	   +1.641970e+002
+6.520363e+004	   +1.641859e+002
+6.535055e+004	   +1.641267e+002
+6.549781e+004	   +1.641108e+002
+6.564540e+004	   +1.640292e+002
+6.579332e+004	   +1.640169e+002
+6.594158e+004	   +1.639894e+002
+6.609016e+004	   +1.639526e+002
+6.623909e+004	   +1.639127e+002
+6.638835e+004	   +1.638814e+002
+6.653795e+004	   +1.638468e+002
+6.668788e+004	   +1.638046e+002
+6.683816e+004	   +1.637684e+002
+6.698877e+004	   +1.637603e+002
+6.713971e+004	   +1.636917e+002
+6.729100e+004	   +1.636531e+002
+6.744263e+004	   +1.636056e+002
+6.759460e+004	   +1.635654e+002
+6.774691e+004	   +1.635450e+002
+6.789958e+004	   +1.635185e+002
+6.805258e+004	   +1.634710e+002
+6.820592e+004	   +1.634159e+002
+6.835962e+004	   +1.633983e+002
+6.851366e+004	   +1.633563e+002
+6.866804e+004	   +1.633073e+002
+6.882277e+004	   +1.632952e+002
+6.897785e+004	   +1.632269e+002
+6.913328e+004	   +1.632119e+002
+6.928907e+004	   +1.631791e+002
+6.944520e+004	   +1.631314e+002
+6.960169e+004	   +1.630833e+002
+6.975852e+004	   +1.630545e+002
+6.991571e+004	   +1.630167e+002
+7.007326e+004	   +1.629885e+002
+7.023116e+004	   +1.629167e+002
+7.038941e+004	   +1.628899e+002
+7.054802e+004	   +1.628681e+002
+7.070699e+004	   +1.628297e+002
+7.086632e+004	   +1.627861e+002
+7.102601e+004	   +1.627284e+002
+7.118605e+004	   +1.627025e+002
+7.134646e+004	   +1.626717e+002
+7.150723e+004	   +1.626359e+002
+7.166836e+004	   +1.625752e+002
+7.182985e+004	   +1.625721e+002
+7.199171e+004	   +1.625109e+002
+7.215394e+004	   +1.624694e+002
+7.231652e+004	   +1.624338e+002
+7.247948e+004	   +1.623997e+002
+7.264280e+004	   +1.623387e+002
+7.280649e+004	   +1.623312e+002
+7.297055e+004	   +1.622830e+002
+7.313498e+004	   +1.622389e+002
+7.329977e+004	   +1.621981e+002
+7.346495e+004	   +1.621459e+002
+7.363048e+004	   +1.621224e+002
+7.379641e+004	   +1.620759e+002
+7.396270e+004	   +1.620180e+002
+7.412936e+004	   +1.620052e+002
+7.429640e+004	   +1.619639e+002
+7.446381e+004	   +1.619414e+002
+7.463160e+004	   +1.618707e+002
+7.479977e+004	   +1.618312e+002
+7.496833e+004	   +1.617796e+002
+7.513726e+004	   +1.617823e+002
+7.530656e+004	   +1.617241e+002
+7.547626e+004	   +1.616708e+002
+7.564634e+004	   +1.616222e+002
+7.581679e+004	   +1.615926e+002
+7.598763e+004	   +1.615617e+002
+7.615886e+004	   +1.614933e+002
+7.633047e+004	   +1.614636e+002
+7.650247e+004	   +1.614350e+002
+7.667486e+004	   +1.613886e+002
+7.684763e+004	   +1.613463e+002
+7.702080e+004	   +1.612908e+002
+7.719435e+004	   +1.612426e+002
+7.736830e+004	   +1.612207e+002
+7.754264e+004	   +1.611713e+002
+7.771737e+004	   +1.611511e+002
+7.789249e+004	   +1.610907e+002
+7.806801e+004	   +1.610495e+002
+7.824393e+004	   +1.610196e+002
+7.842023e+004	   +1.609632e+002
+7.859695e+004	   +1.609265e+002
+7.877405e+004	   +1.608759e+002
+7.895155e+004	   +1.608290e+002
+7.912946e+004	   +1.608093e+002
+7.930777e+004	   +1.607506e+002
+7.948648e+004	   +1.606971e+002
+7.966559e+004	   +1.606497e+002
+7.984510e+004	   +1.606234e+002
+8.002502e+004	   +1.605808e+002
+8.020534e+004	   +1.605425e+002
+8.038608e+004	   +1.605001e+002
+8.056722e+004	   +1.604384e+002
+8.074877e+004	   +1.603790e+002
+8.093072e+004	   +1.603358e+002
+8.111309e+004	   +1.603127e+002
+8.129586e+004	   +1.602691e+002
+8.147905e+004	   +1.602263e+002
+8.166265e+004	   +1.601796e+002
+8.184666e+004	   +1.601363e+002
+8.203109e+004	   +1.601123e+002
+8.221594e+004	   +1.600615e+002
+8.240120e+004	   +1.600098e+002
+8.258688e+004	   +1.599446e+002
+8.277298e+004	   +1.599298e+002
+8.295949e+004	   +1.599011e+002
+8.314643e+004	   +1.598177e+002
+8.333379e+004	   +1.597741e+002
+8.352157e+004	   +1.597482e+002
+8.370977e+004	   +1.597060e+002
+8.389840e+004	   +1.596678e+002
+8.408745e+004	   +1.596017e+002
+8.427693e+004	   +1.595855e+002
+8.446684e+004	   +1.595168e+002
+8.465716e+004	   +1.594506e+002
+8.484793e+004	   +1.594205e+002
+8.503913e+004	   +1.593771e+002
+8.523074e+004	   +1.593312e+002
+8.542280e+004	   +1.592600e+002
+8.561529e+004	   +1.592254e+002
+8.580821e+004	   +1.591962e+002
+8.600156e+004	   +1.591656e+002
+8.619536e+004	   +1.590964e+002
+8.638959e+004	   +1.590711e+002
+8.658425e+004	   +1.590001e+002
+8.677936e+004	   +1.589283e+002
+8.697490e+004	   +1.589123e+002
+8.717088e+004	   +1.588673e+002
+8.736731e+004	   +1.588045e+002
+8.756418e+004	   +1.587637e+002
+8.776149e+004	   +1.587113e+002
+8.795925e+004	   +1.586700e+002
+8.815745e+004	   +1.586165e+002
+8.835610e+004	   +1.585677e+002
+8.855520e+004	   +1.585383e+002
+8.875475e+004	   +1.584716e+002
+8.895474e+004	   +1.584270e+002
+8.915519e+004	   +1.583648e+002
+8.935609e+004	   +1.583447e+002
+8.955744e+004	   +1.583071e+002
+8.975924e+004	   +1.582404e+002
+8.996150e+004	   +1.581700e+002
+9.016422e+004	   +1.581568e+002
+9.036739e+004	   +1.580821e+002
+9.057102e+004	   +1.580149e+002
+9.077511e+004	   +1.579803e+002
+9.097966e+004	   +1.579588e+002
+9.118466e+004	   +1.578935e+002
+9.139013e+004	   +1.578274e+002
+9.159607e+004	   +1.577972e+002
+9.180247e+004	   +1.577169e+002
+9.200933e+004	   +1.576765e+002
+9.221666e+004	   +1.576343e+002
+9.242445e+004	   +1.575748e+002
+9.263272e+004	   +1.575284e+002
+9.284145e+004	   +1.574688e+002
+9.305066e+004	   +1.574308e+002
+9.326034e+004	   +1.573844e+002
+9.347048e+004	   +1.572969e+002
+9.368110e+004	   +1.572989e+002
+9.389220e+004	   +1.572244e+002
+9.410377e+004	   +1.571742e+002
+9.431582e+004	   +1.571356e+002
+9.452835e+004	   +1.570590e+002
+9.474135e+004	   +1.569907e+002
+9.495484e+004	   +1.569581e+002
+9.516880e+004	   +1.569226e+002
+9.538326e+004	   +1.568374e+002
+9.559819e+004	   +1.568089e+002
+9.581360e+004	   +1.567504e+002
+9.602951e+004	   +1.566725e+002
+9.624589e+004	   +1.566310e+002
+9.646277e+004	   +1.565797e+002
+9.668013e+004	   +1.565100e+002
+9.689798e+004	   +1.564671e+002
+9.711634e+004	   +1.564153e+002
+9.733517e+004	   +1.563518e+002
+9.755450e+004	   +1.563003e+002
+9.777433e+004	   +1.562720e+002
+9.799465e+004	   +1.562092e+002
+9.821546e+004	   +1.561319e+002
+9.843677e+004	   +1.560891e+002
+9.865859e+004	   +1.560535e+002
+9.888090e+004	   +1.559720e+002
+9.910371e+004	   +1.559113e+002
+9.932703e+004	   +1.558621e+002
+9.955085e+004	   +1.558160e+002
+9.977517e+004	   +1.557580e+002
+1.000000e+005	   +1.556856e+002
