+1.000000e+003	   +4.632810e-002
+1.002253e+003	   +4.607579e-002
+1.004512e+003	   +4.590192e-002
+1.006775e+003	   +4.594962e-002
+1.009044e+003	   +4.612369e-002
+1.011318e+003	   +4.575663e-002
+1.013596e+003	   +4.540125e-002
+1.015880e+003	   +4.575868e-002
+1.018170e+003	   +4.615814e-002
+1.020464e+003	   +4.555912e-002
+1.022763e+003	   +4.552919e-002
+1.025068e+003	   +4.563049e-002
+1.027378e+003	   +4.574191e-002
+1.029693e+003	   +4.587391e-002
+1.032013e+003	   +4.545233e-002
+1.034339e+003	   +4.548098e-002
+1.036669e+003	   +4.605304e-002
+1.039005e+003	   +4.559117e-002
+1.041347e+003	   +4.593343e-002
+1.043693e+003	   +4.598708e-002
+1.046045e+003	   +4.601593e-002
+1.048402e+003	   +4.594436e-002
+1.050764e+003	   +4.570048e-002
+1.053132e+003	   +4.587024e-002
+1.055505e+003	   +4.576927e-002
+1.057884e+003	   +4.570784e-002
+1.060267e+003	   +4.561935e-002
+1.062657e+003	   +4.567469e-002
+1.065051e+003	   +4.580164e-002
+1.067451e+003	   +4.578258e-002
+1.069856e+003	   +4.547163e-002
+1.072267e+003	   +4.586393e-002
+1.074683e+003	   +4.567235e-002
+1.077105e+003	   +4.562999e-002
+1.079532e+003	   +4.583053e-002
+1.081965e+003	   +4.537917e-002
+1.084403e+003	   +4.540442e-002
+1.086846e+003	   +4.567579e-002
+1.089295e+003	   +4.570063e-002
+1.091750e+003	   +4.537132e-002
+1.094210e+003	   +4.569373e-002
+1.096676e+003	   +4.528921e-002
+1.099147e+003	   +4.542931e-002
+1.101624e+003	   +4.545666e-002
+1.104106e+003	   +4.522343e-002
+1.106594e+003	   +4.491222e-002
+1.109087e+003	   +4.532643e-002
+1.111587e+003	   +4.522935e-002
+1.114091e+003	   +4.510045e-002
+1.116602e+003	   +4.573160e-002
+1.119118e+003	   +4.541411e-002
+1.121640e+003	   +4.531856e-002
+1.124167e+003	   +4.565883e-002
+1.126700e+003	   +4.492386e-002
+1.129239e+003	   +4.527691e-002
+1.131784e+003	   +4.548907e-002
+1.134334e+003	   +4.564031e-002
+1.136890e+003	   +4.532294e-002
+1.139452e+003	   +4.543784e-002
+1.142020e+003	   +4.570290e-002
+1.144593e+003	   +4.542807e-002
+1.147172e+003	   +4.573761e-002
+1.149757e+003	   +4.509116e-002
+1.152348e+003	   +4.571310e-002
+1.154944e+003	   +4.587498e-002
+1.157547e+003	   +4.549724e-002
+1.160155e+003	   +4.540171e-002
+1.162770e+003	   +4.514115e-002
+1.165390e+003	   +4.522054e-002
+1.168016e+003	   +4.522970e-002
+1.170648e+003	   +4.543743e-002
+1.173286e+003	   +4.476970e-002
+1.175929e+003	   +4.538547e-002
+1.178579e+003	   +4.479147e-002
+1.181235e+003	   +4.518207e-002
+1.183897e+003	   +4.548480e-002
+1.186564e+003	   +4.530487e-002
+1.189238e+003	   +4.494124e-002
+1.191918e+003	   +4.513595e-002
+1.194604e+003	   +4.503166e-002
+1.197296e+003	   +4.521559e-002
+1.199994e+003	   +4.506723e-002
+1.202698e+003	   +4.504324e-002
+1.205408e+003	   +4.541091e-002
+1.208124e+003	   +4.476703e-002
+1.210846e+003	   +4.457443e-002
+1.213575e+003	   +4.457980e-002
+1.216309e+003	   +4.531321e-002
+1.219050e+003	   +4.463351e-002
+1.221797e+003	   +4.524493e-002
+1.224550e+003	   +4.497784e-002
+1.227309e+003	   +4.446707e-002
+1.230075e+003	   +4.509114e-002
+1.232847e+003	   +4.489477e-002
+1.235625e+003	   +4.478568e-002
+1.238409e+003	   +4.479339e-002
+1.241200e+003	   +4.510883e-002
+1.243996e+003	   +4.501258e-002
+1.246800e+003	   +4.482007e-002
+1.249609e+003	   +4.459250e-002
+1.252425e+003	   +4.477935e-002
+1.255247e+003	   +4.468603e-002
+1.258076e+003	   +4.506326e-002
+1.260911e+003	   +4.540003e-002
+1.263752e+003	   +4.484390e-002
+1.266599e+003	   +4.487374e-002
+1.269453e+003	   +4.436524e-002
+1.272314e+003	   +4.460096e-002
+1.275181e+003	   +4.427762e-002
+1.278054e+003	   +4.455131e-002
+1.280934e+003	   +4.439719e-002
+1.283821e+003	   +4.463562e-002
+1.286714e+003	   +4.440658e-002
+1.289613e+003	   +4.480151e-002
+1.292519e+003	   +4.436873e-002
+1.295432e+003	   +4.481247e-002
+1.298351e+003	   +4.499480e-002
+1.301276e+003	   +4.458894e-002
+1.304208e+003	   +4.458055e-002
+1.307147e+003	   +4.465267e-002
+1.310093e+003	   +4.489421e-002
+1.313045e+003	   +4.509353e-002
+1.316004e+003	   +4.475963e-002
+1.318969e+003	   +4.501447e-002
+1.321941e+003	   +4.448464e-002
+1.324920e+003	   +4.448144e-002
+1.327905e+003	   +4.451763e-002
+1.330898e+003	   +4.411618e-002
+1.333897e+003	   +4.466265e-002
+1.336902e+003	   +4.431053e-002
+1.339915e+003	   +4.449238e-002
+1.342934e+003	   +4.460760e-002
+1.345960e+003	   +4.459622e-002
+1.348993e+003	   +4.434142e-002
+1.352033e+003	   +4.356629e-002
+1.355080e+003	   +4.473446e-002
+1.358133e+003	   +4.429746e-002
+1.361193e+003	   +4.423252e-002
+1.364261e+003	   +4.423989e-002
+1.367335e+003	   +4.377065e-002
+1.370416e+003	   +4.502219e-002
+1.373504e+003	   +4.369925e-002
+1.376599e+003	   +4.396781e-002
+1.379701e+003	   +4.427544e-002
+1.382810e+003	   +4.451700e-002
+1.385926e+003	   +4.396898e-002
+1.389049e+003	   +4.394083e-002
+1.392179e+003	   +4.383277e-002
+1.395316e+003	   +4.407836e-002
+1.398460e+003	   +4.382630e-002
+1.401611e+003	   +4.388813e-002
+1.404770e+003	   +4.395572e-002
+1.407935e+003	   +4.434472e-002
+1.411108e+003	   +4.450328e-002
+1.414287e+003	   +4.446911e-002
+1.417474e+003	   +4.371409e-002
+1.420668e+003	   +4.445799e-002
+1.423870e+003	   +4.399603e-002
+1.427078e+003	   +4.480004e-002
+1.430294e+003	   +4.414231e-002
+1.433517e+003	   +4.388449e-002
+1.436747e+003	   +4.472932e-002
+1.439984e+003	   +4.401954e-002
+1.443229e+003	   +4.438452e-002
+1.446481e+003	   +4.389261e-002
+1.449741e+003	   +4.384224e-002
+1.453007e+003	   +4.382004e-002
+1.456282e+003	   +4.427037e-002
+1.459563e+003	   +4.400476e-002
+1.462852e+003	   +4.446197e-002
+1.466148e+003	   +4.414738e-002
+1.469452e+003	   +4.345405e-002
+1.472763e+003	   +4.341829e-002
+1.476082e+003	   +4.406546e-002
+1.479408e+003	   +4.394078e-002
+1.482742e+003	   +4.441458e-002
+1.486083e+003	   +4.413034e-002
+1.489432e+003	   +4.363303e-002
+1.492788e+003	   +4.371045e-002
+1.496151e+003	   +4.421704e-002
+1.499523e+003	   +4.373550e-002
+1.502902e+003	   +4.422306e-002
+1.506288e+003	   +4.385751e-002
+1.509682e+003	   +4.366168e-002
+1.513084e+003	   +4.449580e-002
+1.516494e+003	   +4.436240e-002
+1.519911e+003	   +4.411977e-002
+1.523336e+003	   +4.361971e-002
+1.526769e+003	   +4.387899e-002
+1.530209e+003	   +4.356805e-002
+1.533657e+003	   +4.368021e-002
+1.537113e+003	   +4.398323e-002
+1.540577e+003	   +4.441303e-002
+1.544048e+003	   +4.406986e-002
+1.547527e+003	   +4.329854e-002
+1.551014e+003	   +4.381173e-002
+1.554509e+003	   +4.420923e-002
+1.558012e+003	   +4.394372e-002
+1.561523e+003	   +4.392925e-002
+1.565042e+003	   +4.376613e-002
+1.568568e+003	   +4.368944e-002
+1.572103e+003	   +4.378660e-002
+1.575645e+003	   +4.346083e-002
+1.579196e+003	   +4.426311e-002
+1.582754e+003	   +4.300160e-002
+1.586321e+003	   +4.368421e-002
+1.589895e+003	   +4.368214e-002
+1.593478e+003	   +4.306222e-002
+1.597069e+003	   +4.380904e-002
+1.600667e+003	   +4.360398e-002
+1.604274e+003	   +4.349208e-002
+1.607889e+003	   +4.324901e-002
+1.611512e+003	   +4.378209e-002
+1.615144e+003	   +4.335097e-002
+1.618783e+003	   +4.392481e-002
+1.622431e+003	   +4.304137e-002
+1.626087e+003	   +4.380778e-002
+1.629751e+003	   +4.364106e-002
+1.633423e+003	   +4.355280e-002
+1.637104e+003	   +4.315002e-002
+1.640793e+003	   +4.335195e-002
+1.644490e+003	   +4.339314e-002
+1.648196e+003	   +4.287414e-002
+1.651910e+003	   +4.369128e-002
+1.655632e+003	   +4.292282e-002
+1.659363e+003	   +4.337240e-002
+1.663102e+003	   +4.350303e-002
+1.666849e+003	   +4.407977e-002
+1.670605e+003	   +4.354535e-002
+1.674370e+003	   +4.313809e-002
+1.678143e+003	   +4.336652e-002
+1.681924e+003	   +4.345497e-002
+1.685714e+003	   +4.343601e-002
+1.689513e+003	   +4.300544e-002
+1.693320e+003	   +4.345882e-002
+1.697135e+003	   +4.372512e-002
+1.700960e+003	   +4.389284e-002
+1.704793e+003	   +4.346082e-002
+1.708634e+003	   +4.405666e-002
+1.712484e+003	   +4.367479e-002
+1.716343e+003	   +4.357095e-002
+1.720211e+003	   +4.316354e-002
+1.724087e+003	   +4.278277e-002
+1.727972e+003	   +4.349220e-002
+1.731866e+003	   +4.302599e-002
+1.735768e+003	   +4.348191e-002
+1.739679e+003	   +4.309499e-002
+1.743599e+003	   +4.330494e-002
+1.747528e+003	   +4.302305e-002
+1.751466e+003	   +4.313079e-002
+1.755413e+003	   +4.319904e-002
+1.759368e+003	   +4.346929e-002
+1.763333e+003	   +4.325190e-002
+1.767306e+003	   +4.341928e-002
+1.771289e+003	   +4.363192e-002
+1.775280e+003	   +4.278112e-002
+1.779280e+003	   +4.292845e-002
+1.783290e+003	   +4.282600e-002
+1.787308e+003	   +4.316041e-002
+1.791335e+003	   +4.306535e-002
+1.795372e+003	   +4.337460e-002
+1.799418e+003	   +4.294124e-002
+1.803472e+003	   +4.304229e-002
+1.807536e+003	   +4.297547e-002
+1.811609e+003	   +4.281005e-002
+1.815691e+003	   +4.294563e-002
+1.819783e+003	   +4.259505e-002
+1.823883e+003	   +4.310765e-002
+1.827993e+003	   +4.321374e-002
+1.832112e+003	   +4.287291e-002
+1.836241e+003	   +4.334781e-002
+1.840378e+003	   +4.277425e-002
+1.844526e+003	   +4.325351e-002
+1.848682e+003	   +4.295492e-002
+1.852848e+003	   +4.339465e-002
+1.857023e+003	   +4.322980e-002
+1.861207e+003	   +4.273063e-002
+1.865401e+003	   +4.283611e-002
+1.869604e+003	   +4.293649e-002
+1.873817e+003	   +4.252071e-002
+1.878040e+003	   +4.267040e-002
+1.882272e+003	   +4.257840e-002
+1.886513e+003	   +4.302786e-002
+1.890764e+003	   +4.283080e-002
+1.895025e+003	   +4.285235e-002
+1.899295e+003	   +4.326128e-002
+1.903575e+003	   +4.306212e-002
+1.907864e+003	   +4.358415e-002
+1.912163e+003	   +4.251916e-002
+1.916472e+003	   +4.238517e-002
+1.920790e+003	   +4.227817e-002
+1.925119e+003	   +4.274192e-002
+1.929457e+003	   +4.253281e-002
+1.933804e+003	   +4.323379e-002
+1.938162e+003	   +4.254572e-002
+1.942529e+003	   +4.224832e-002
+1.946906e+003	   +4.217423e-002
+1.951293e+003	   +4.237526e-002
+1.955690e+003	   +4.299487e-002
+1.960097e+003	   +4.288483e-002
+1.964514e+003	   +4.202800e-002
+1.968941e+003	   +4.244842e-002
+1.973377e+003	   +4.242131e-002
+1.977824e+003	   +4.209403e-002
+1.982281e+003	   +4.224265e-002
+1.986748e+003	   +4.264539e-002
+1.991224e+003	   +4.210228e-002
+1.995711e+003	   +4.263431e-002
+2.000208e+003	   +4.283238e-002
+2.004716e+003	   +4.216096e-002
+2.009233e+003	   +4.330292e-002
+2.013760e+003	   +4.281353e-002
+2.018298e+003	   +4.268027e-002
+2.022846e+003	   +4.229333e-002
+2.027404e+003	   +4.166293e-002
+2.031973e+003	   +4.257555e-002
+2.036552e+003	   +4.299505e-002
+2.041141e+003	   +4.221867e-002
+2.045740e+003	   +4.269643e-002
+2.050350e+003	   +4.192248e-002
+2.054970e+003	   +4.251285e-002
+2.059601e+003	   +4.256101e-002
+2.064241e+003	   +4.251542e-002
+2.068893e+003	   +4.217460e-002
+2.073555e+003	   +4.247116e-002
+2.078227e+003	   +4.270315e-002
+2.082910e+003	   +4.298861e-002
+2.087604e+003	   +4.232858e-002
+2.092308e+003	   +4.301352e-002
+2.097023e+003	   +4.207566e-002
+2.101748e+003	   +4.221405e-002
+2.106484e+003	   +4.270043e-002
+2.111231e+003	   +4.303667e-002
+2.115988e+003	   +4.238800e-002
+2.120756e+003	   +4.278482e-002
+2.125535e+003	   +4.287408e-002
+2.130324e+003	   +4.229127e-002
+2.135125e+003	   +4.253141e-002
+2.139936e+003	   +4.252253e-002
+2.144758e+003	   +4.175287e-002
+2.149591e+003	   +4.176319e-002
+2.154435e+003	   +4.201727e-002
+2.159289e+003	   +4.176195e-002
+2.164155e+003	   +4.236661e-002
+2.169032e+003	   +4.195146e-002
+2.173919e+003	   +4.164273e-002
+2.178818e+003	   +4.148904e-002
+2.183728e+003	   +4.140936e-002
+2.188648e+003	   +4.251130e-002
+2.193580e+003	   +4.129092e-002
+2.198523e+003	   +4.210418e-002
+2.203477e+003	   +4.191905e-002
+2.208442e+003	   +4.180350e-002
+2.213418e+003	   +4.245812e-002
+2.218406e+003	   +4.232187e-002
+2.223405e+003	   +4.172052e-002
+2.228415e+003	   +4.209979e-002
+2.233437e+003	   +4.222048e-002
+2.238469e+003	   +4.240404e-002
+2.243513e+003	   +4.216070e-002
+2.248569e+003	   +4.169993e-002
+2.253635e+003	   +4.234003e-002
+2.258714e+003	   +4.147205e-002
+2.263803e+003	   +4.135362e-002
+2.268905e+003	   +4.169969e-002
+2.274017e+003	   +4.222317e-002
+2.279141e+003	   +4.228066e-002
+2.284277e+003	   +4.161632e-002
+2.289424e+003	   +4.187693e-002
+2.294583e+003	   +4.184262e-002
+2.299754e+003	   +4.122737e-002
+2.304936e+003	   +4.168547e-002
+2.310130e+003	   +4.137921e-002
+2.315335e+003	   +4.177561e-002
+2.320552e+003	   +4.191053e-002
+2.325781e+003	   +4.196532e-002
+2.331022e+003	   +4.236654e-002
+2.336275e+003	   +4.173220e-002
+2.341539e+003	   +4.185309e-002
+2.346816e+003	   +4.179534e-002
+2.352104e+003	   +4.185132e-002
+2.357404e+003	   +4.117551e-002
+2.362716e+003	   +4.166910e-002
+2.368040e+003	   +4.150277e-002
+2.373376e+003	   +4.108769e-002
+2.378724e+003	   +4.089749e-002
+2.384084e+003	   +4.205554e-002
+2.389457e+003	   +4.143804e-002
+2.394841e+003	   +4.126002e-002
+2.400237e+003	   +4.184430e-002
+2.405646e+003	   +4.129962e-002
+2.411066e+003	   +4.176232e-002
+2.416500e+003	   +4.130174e-002
+2.421945e+003	   +4.168534e-002
+2.427402e+003	   +4.180286e-002
+2.432872e+003	   +4.197741e-002
+2.438354e+003	   +4.219866e-002
+2.443849e+003	   +4.132741e-002
+2.449355e+003	   +4.132661e-002
+2.454875e+003	   +4.113809e-002
+2.460406e+003	   +4.130476e-002
+2.465950e+003	   +4.149929e-002
+2.471507e+003	   +4.102004e-002
+2.477076e+003	   +4.043158e-002
+2.482658e+003	   +4.136952e-002
+2.488252e+003	   +4.062409e-002
+2.493859e+003	   +4.121049e-002
+2.499479e+003	   +4.110032e-002
+2.505111e+003	   +4.132791e-002
+2.510756e+003	   +4.162554e-002
+2.516414e+003	   +4.157955e-002
+2.522084e+003	   +4.145953e-002
+2.527767e+003	   +4.129824e-002
+2.533463e+003	   +4.113291e-002
+2.539172e+003	   +4.147988e-002
+2.544893e+003	   +4.123627e-002
+2.550628e+003	   +4.166476e-002
+2.556375e+003	   +4.081718e-002
+2.562136e+003	   +4.106603e-002
+2.567909e+003	   +4.069052e-002
+2.573696e+003	   +4.110728e-002
+2.579495e+003	   +4.049984e-002
+2.585308e+003	   +4.176344e-002
+2.591133e+003	   +4.114392e-002
+2.596972e+003	   +4.003255e-002
+2.602824e+003	   +4.071908e-002
+2.608689e+003	   +4.075681e-002
+2.614567e+003	   +4.136945e-002
+2.620459e+003	   +4.139592e-002
+2.626364e+003	   +4.037910e-002
+2.632282e+003	   +4.115302e-002
+2.638213e+003	   +4.048436e-002
+2.644158e+003	   +4.149486e-002
+2.650116e+003	   +4.157611e-002
+2.656088e+003	   +4.074273e-002
+2.662073e+003	   +4.060791e-002
+2.668072e+003	   +4.002200e-002
+2.674083e+003	   +4.161065e-002
+2.680109e+003	   +4.139724e-002
+2.686148e+003	   +4.022461e-002
+2.692201e+003	   +3.999417e-002
+2.698268e+003	   +4.176424e-002
+2.704348e+003	   +4.069425e-002
+2.710442e+003	   +4.009515e-002
+2.716549e+003	   +4.112140e-002
+2.722671e+003	   +4.075811e-002
+2.728806e+003	   +4.138475e-002
+2.734955e+003	   +4.073846e-002
+2.741118e+003	   +4.089758e-002
+2.747294e+003	   +4.069505e-002
+2.753485e+003	   +4.095357e-002
+2.759689e+003	   +4.046281e-002
+2.765908e+003	   +4.147342e-002
+2.772141e+003	   +4.015805e-002
+2.778387e+003	   +4.109788e-002
+2.784648e+003	   +4.060739e-002
+2.790923e+003	   +4.026503e-002
+2.797212e+003	   +4.072054e-002
+2.803515e+003	   +4.116662e-002
+2.809832e+003	   +4.050431e-002
+2.816164e+003	   +4.092696e-002
+2.822509e+003	   +4.104408e-002
+2.828869e+003	   +3.996461e-002
+2.835244e+003	   +4.038416e-002
+2.841633e+003	   +4.113694e-002
+2.848036e+003	   +4.123633e-002
+2.854454e+003	   +4.020060e-002
+2.860885e+003	   +3.983149e-002
+2.867332e+003	   +4.037163e-002
+2.873793e+003	   +4.054260e-002
+2.880269e+003	   +4.085505e-002
+2.886759e+003	   +4.054093e-002
+2.893264e+003	   +4.015546e-002
+2.899784e+003	   +3.981328e-002
+2.906318e+003	   +4.059333e-002
+2.912867e+003	   +3.966563e-002
+2.919430e+003	   +4.057382e-002
+2.926009e+003	   +4.137074e-002
+2.932602e+003	   +4.027126e-002
+2.939210e+003	   +4.051222e-002
+2.945833e+003	   +4.028076e-002
+2.952472e+003	   +4.041793e-002
+2.959125e+003	   +4.078206e-002
+2.965792e+003	   +4.132405e-002
+2.972476e+003	   +4.067982e-002
+2.979174e+003	   +4.105993e-002
+2.985887e+003	   +4.135420e-002
+2.992615e+003	   +4.104334e-002
+2.999358e+003	   +3.975178e-002
+3.006117e+003	   +4.033317e-002
+3.012891e+003	   +4.045756e-002
+3.019680e+003	   +4.066596e-002
+3.026484e+003	   +4.028689e-002
+3.033304e+003	   +3.998598e-002
+3.040139e+003	   +4.052786e-002
+3.046990e+003	   +4.033922e-002
+3.053855e+003	   +4.027582e-002
+3.060737e+003	   +4.055779e-002
+3.067634e+003	   +4.010706e-002
+3.074546e+003	   +4.020194e-002
+3.081474e+003	   +4.119797e-002
+3.088418e+003	   +4.122345e-002
+3.095377e+003	   +4.078520e-002
+3.102352e+003	   +4.016574e-002
+3.109343e+003	   +4.025184e-002
+3.116349e+003	   +4.087091e-002
+3.123372e+003	   +4.063910e-002
+3.130410e+003	   +4.009480e-002
+3.137464e+003	   +4.050432e-002
+3.144533e+003	   +4.108147e-002
+3.151619e+003	   +4.033760e-002
+3.158721e+003	   +3.975242e-002
+3.165839e+003	   +4.015110e-002
+3.172972e+003	   +4.023671e-002
+3.180122e+003	   +4.009183e-002
+3.187288e+003	   +4.004534e-002
+3.194470e+003	   +4.010772e-002
+3.201668e+003	   +4.009898e-002
+3.208883e+003	   +4.101932e-002
+3.216114e+003	   +3.917436e-002
+3.223361e+003	   +4.004704e-002
+3.230624e+003	   +4.051999e-002
+3.237904e+003	   +4.047068e-002
+3.245200e+003	   +3.934016e-002
+3.252512e+003	   +3.975983e-002
+3.259842e+003	   +3.991177e-002
+3.267187e+003	   +3.969313e-002
+3.274549e+003	   +4.068634e-002
+3.281928e+003	   +3.987548e-002
+3.289323e+003	   +4.123891e-002
+3.296735e+003	   +4.044642e-002
+3.304164e+003	   +3.985874e-002
+3.311609e+003	   +4.024504e-002
+3.319072e+003	   +3.951706e-002
+3.326551e+003	   +4.078675e-002
+3.334046e+003	   +4.017339e-002
+3.341559e+003	   +4.062320e-002
+3.349089e+003	   +4.053760e-002
+3.356636e+003	   +3.965458e-002
+3.364199e+003	   +3.947830e-002
+3.371780e+003	   +4.008689e-002
+3.379378e+003	   +3.996829e-002
+3.386993e+003	   +3.938688e-002
+3.394625e+003	   +4.023062e-002
+3.402274e+003	   +4.043300e-002
+3.409941e+003	   +4.056911e-002
+3.417625e+003	   +4.100729e-002
+3.425326e+003	   +4.006259e-002
+3.433044e+003	   +4.049290e-002
+3.440780e+003	   +3.965351e-002
+3.448533e+003	   +3.976209e-002
+3.456304e+003	   +4.002856e-002
+3.464092e+003	   +4.008662e-002
+3.471898e+003	   +4.131228e-002
+3.479721e+003	   +3.938935e-002
+3.487563e+003	   +3.926916e-002
+3.495421e+003	   +3.999737e-002
+3.503298e+003	   +3.902282e-002
+3.511192e+003	   +3.971576e-002
+3.519104e+003	   +3.999967e-002
+3.527033e+003	   +4.102769e-002
+3.534981e+003	   +4.038889e-002
+3.542947e+003	   +3.930789e-002
+3.550930e+003	   +3.928175e-002
+3.558932e+003	   +3.921198e-002
+3.566951e+003	   +3.966053e-002
+3.574989e+003	   +3.988347e-002
+3.583044e+003	   +3.932882e-002
+3.591118e+003	   +4.059555e-002
+3.599210e+003	   +3.922606e-002
+3.607321e+003	   +3.927175e-002
+3.615449e+003	   +3.974908e-002
+3.623596e+003	   +4.115925e-002
+3.631761e+003	   +3.966278e-002
+3.639945e+003	   +3.845887e-002
+3.648147e+003	   +3.941425e-002
+3.656368e+003	   +3.979127e-002
+3.664607e+003	   +4.096674e-002
+3.672864e+003	   +3.901505e-002
+3.681141e+003	   +3.894894e-002
+3.689436e+003	   +4.090202e-002
+3.697749e+003	   +3.990406e-002
+3.706081e+003	   +4.085305e-002
+3.714433e+003	   +3.983234e-002
+3.722802e+003	   +4.012710e-002
+3.731191e+003	   +3.981433e-002
+3.739599e+003	   +3.959059e-002
+3.748026e+003	   +3.931886e-002
+3.756471e+003	   +3.974084e-002
+3.764936e+003	   +3.920740e-002
+3.773419e+003	   +3.954333e-002
+3.781922e+003	   +3.962618e-002
+3.790444e+003	   +4.070213e-002
+3.798986e+003	   +3.856806e-002
+3.807546e+003	   +3.858631e-002
+3.816126e+003	   +3.861057e-002
+3.824725e+003	   +4.004877e-002
+3.833343e+003	   +3.892183e-002
+3.841981e+003	   +3.950507e-002
+3.850638e+003	   +3.834286e-002
+3.859315e+003	   +3.900827e-002
+3.868012e+003	   +4.017815e-002
+3.876728e+003	   +3.883242e-002
+3.885463e+003	   +3.847287e-002
+3.894219e+003	   +3.979636e-002
+3.902994e+003	   +3.906782e-002
+3.911789e+003	   +3.988152e-002
+3.920603e+003	   +3.780880e-002
+3.929438e+003	   +4.076672e-002
+3.938292e+003	   +3.817108e-002
+3.947167e+003	   +3.910475e-002
+3.956061e+003	   +3.998422e-002
+3.964975e+003	   +3.974369e-002
+3.973910e+003	   +3.928746e-002
+3.982864e+003	   +4.057942e-002
+3.991839e+003	   +3.899029e-002
+4.000834e+003	   +3.892137e-002
+4.009849e+003	   +3.942531e-002
+4.018885e+003	   +4.067749e-002
+4.027941e+003	   +3.957413e-002
+4.037017e+003	   +3.957326e-002
+4.046114e+003	   +3.902913e-002
+4.055231e+003	   +3.926205e-002
+4.064369e+003	   +3.774994e-002
+4.073528e+003	   +3.846981e-002
+4.082707e+003	   +3.868172e-002
+4.091906e+003	   +4.033639e-002
+4.101127e+003	   +3.918012e-002
+4.110368e+003	   +3.799207e-002
+4.119630e+003	   +3.879253e-002
+4.128914e+003	   +3.971101e-002
+4.138217e+003	   +3.805218e-002
+4.147542e+003	   +3.970175e-002
+4.156888e+003	   +4.034317e-002
+4.166255e+003	   +3.917265e-002
+4.175643e+003	   +3.913859e-002
+4.185052e+003	   +3.885120e-002
+4.194482e+003	   +3.896012e-002
+4.203934e+003	   +4.050432e-002
+4.213407e+003	   +4.008139e-002
+4.222901e+003	   +3.849139e-002
+4.232417e+003	   +4.036242e-002
+4.241954e+003	   +3.977017e-002
+4.251513e+003	   +3.977884e-002
+4.261093e+003	   +3.937772e-002
+4.270695e+003	   +3.889001e-002
+4.280318e+003	   +4.006420e-002
+4.289963e+003	   +3.982346e-002
+4.299630e+003	   +3.892192e-002
+4.309318e+003	   +4.029937e-002
+4.319029e+003	   +3.887536e-002
+4.328761e+003	   +3.842854e-002
+4.338516e+003	   +3.954080e-002
+4.348292e+003	   +3.885771e-002
+4.358090e+003	   +3.770913e-002
+4.367910e+003	   +3.803635e-002
+4.377752e+003	   +3.973747e-002
+4.387617e+003	   +3.885302e-002
+4.397504e+003	   +3.792233e-002
+4.407413e+003	   +3.951598e-002
+4.417345e+003	   +3.943140e-002
+4.427298e+003	   +3.977136e-002
+4.437275e+003	   +3.953180e-002
+4.447273e+003	   +3.907409e-002
+4.457295e+003	   +4.093211e-002
+4.467339e+003	   +3.945653e-002
+4.477405e+003	   +3.888053e-002
+4.487494e+003	   +3.767940e-002
+4.497606e+003	   +3.857351e-002
+4.507741e+003	   +3.856271e-002
+4.517898e+003	   +3.817267e-002
+4.528079e+003	   +3.792575e-002
+4.538282e+003	   +3.834363e-002
+4.548508e+003	   +4.018829e-002
+4.558758e+003	   +3.785930e-002
+4.569030e+003	   +3.897838e-002
+4.579326e+003	   +3.907982e-002
+4.589645e+003	   +3.771372e-002
+4.599987e+003	   +3.903584e-002
+4.610353e+003	   +3.847408e-002
+4.620741e+003	   +4.070657e-002
+4.631153e+003	   +3.862429e-002
+4.641589e+003	   +3.786985e-002
+4.652048e+003	   +3.890104e-002
+4.662531e+003	   +3.859569e-002
+4.673037e+003	   +3.966838e-002
+4.683567e+003	   +3.775511e-002
+4.694121e+003	   +3.880294e-002
+4.704698e+003	   +3.874401e-002
+4.715299e+003	   +3.870459e-002
+4.725925e+003	   +3.882288e-002
+4.736574e+003	   +3.901081e-002
+4.747247e+003	   +3.859274e-002
+4.757944e+003	   +3.921485e-002
+4.768666e+003	   +3.946986e-002
+4.779411e+003	   +3.908230e-002
+4.790181e+003	   +3.838084e-002
+4.800975e+003	   +3.882743e-002
+4.811793e+003	   +3.864887e-002
+4.822636e+003	   +4.018064e-002
+4.833503e+003	   +3.821517e-002
+4.844395e+003	   +3.871902e-002
+4.855311e+003	   +3.942250e-002
+4.866251e+003	   +3.918860e-002
+4.877217e+003	   +3.798208e-002
+4.888207e+003	   +3.962574e-002
+4.899222e+003	   +4.055687e-002
+4.910261e+003	   +3.989986e-002
+4.921326e+003	   +3.781690e-002
+4.932415e+003	   +3.929879e-002
+4.943530e+003	   +3.907679e-002
+4.954669e+003	   +3.875477e-002
+4.965834e+003	   +3.881144e-002
+4.977023e+003	   +3.836502e-002
+4.988239e+003	   +3.910088e-002
+4.999479e+003	   +3.883358e-002
+5.010744e+003	   +3.803546e-002
+5.022035e+003	   +3.848106e-002
+5.033352e+003	   +4.044685e-002
+5.044694e+003	   +3.834363e-002
+5.056061e+003	   +3.906337e-002
+5.067454e+003	   +3.896903e-002
+5.078873e+003	   +3.832554e-002
+5.090317e+003	   +3.881577e-002
+5.101788e+003	   +3.856482e-002
+5.113284e+003	   +3.973684e-002
+5.124806e+003	   +3.882654e-002
+5.136354e+003	   +4.004713e-002
+5.147928e+003	   +3.741876e-002
+5.159528e+003	   +3.810572e-002
+5.171154e+003	   +3.797702e-002
+5.182807e+003	   +3.813834e-002
+5.194485e+003	   +3.888287e-002
+5.206190e+003	   +3.891816e-002
+5.217922e+003	   +3.793116e-002
+5.229680e+003	   +3.705928e-002
+5.241464e+003	   +3.878788e-002
+5.253274e+003	   +3.893688e-002
+5.265112e+003	   +3.826743e-002
+5.276976e+003	   +4.031991e-002
+5.288867e+003	   +3.814192e-002
+5.300785e+003	   +3.877816e-002
+5.312729e+003	   +3.798661e-002
+5.324701e+003	   +3.882745e-002
+5.336699e+003	   +3.809116e-002
+5.348725e+003	   +3.740488e-002
+5.360777e+003	   +3.742493e-002
+5.372857e+003	   +3.855696e-002
+5.384964e+003	   +3.729277e-002
+5.397098e+003	   +3.976369e-002
+5.409260e+003	   +3.938394e-002
+5.421449e+003	   +3.834935e-002
+5.433665e+003	   +3.942574e-002
+5.445909e+003	   +3.966793e-002
+5.458181e+003	   +3.870979e-002
+5.470480e+003	   +3.985684e-002
+5.482807e+003	   +3.905352e-002
+5.495161e+003	   +3.865586e-002
+5.507544e+003	   +3.936831e-002
+5.519954e+003	   +3.870532e-002
+5.532393e+003	   +3.821138e-002
+5.544859e+003	   +3.906496e-002
+5.557354e+003	   +3.989033e-002
+5.569876e+003	   +3.809527e-002
+5.582427e+003	   +3.830607e-002
+5.595006e+003	   +3.799135e-002
+5.607614e+003	   +3.860202e-002
+5.620250e+003	   +3.896357e-002
+5.632914e+003	   +3.829156e-002
+5.645607e+003	   +3.792932e-002
+5.658329e+003	   +3.796131e-002
+5.671079e+003	   +3.813703e-002
+5.683858e+003	   +3.829919e-002
+5.696666e+003	   +3.758166e-002
+5.709502e+003	   +3.797492e-002
+5.722368e+003	   +3.783764e-002
+5.735262e+003	   +3.822471e-002
+5.748186e+003	   +3.885807e-002
+5.761138e+003	   +3.764208e-002
+5.774120e+003	   +3.814754e-002
+5.787131e+003	   +3.839198e-002
+5.800172e+003	   +3.950129e-002
+5.813242e+003	   +3.935336e-002
+5.826341e+003	   +3.788252e-002
+5.839470e+003	   +3.798964e-002
+5.852628e+003	   +3.722174e-002
+5.865816e+003	   +3.869999e-002
+5.879034e+003	   +3.737443e-002
+5.892281e+003	   +3.738797e-002
+5.905559e+003	   +3.916680e-002
+5.918866e+003	   +3.792442e-002
+5.932204e+003	   +3.846125e-002
+5.945571e+003	   +3.659438e-002
+5.958968e+003	   +3.909940e-002
+5.972396e+003	   +3.671132e-002
+5.985854e+003	   +3.810884e-002
+5.999342e+003	   +3.758845e-002
+6.012860e+003	   +3.784757e-002
+6.026410e+003	   +3.811619e-002
+6.039989e+003	   +3.765749e-002
+6.053600e+003	   +3.704129e-002
+6.067240e+003	   +3.874405e-002
+6.080912e+003	   +3.806385e-002
+6.094614e+003	   +3.780217e-002
+6.108348e+003	   +3.662397e-002
+6.122112e+003	   +3.858940e-002
+6.135907e+003	   +3.603228e-002
+6.149733e+003	   +3.626569e-002
+6.163591e+003	   +3.983709e-002
+6.177480e+003	   +3.752680e-002
+6.191400e+003	   +3.914764e-002
+6.205351e+003	   +3.777419e-002
+6.219334e+003	   +3.749960e-002
+6.233349e+003	   +3.699549e-002
+6.247395e+003	   +3.954835e-002
+6.261472e+003	   +3.767708e-002
+6.275581e+003	   +3.816025e-002
+6.289722e+003	   +3.734484e-002
+6.303896e+003	   +3.753223e-002
+6.318100e+003	   +3.747496e-002
+6.332337e+003	   +3.811886e-002
+6.346606e+003	   +3.697926e-002
+6.360907e+003	   +3.811645e-002
+6.375241e+003	   +3.772962e-002
+6.389606e+003	   +3.811616e-002
+6.404004e+003	   +3.535648e-002
+6.418435e+003	   +3.669597e-002
+6.432898e+003	   +3.878020e-002
+6.447393e+003	   +3.759331e-002
+6.461921e+003	   +3.864113e-002
+6.476482e+003	   +3.755939e-002
+6.491076e+003	   +3.648326e-002
+6.505703e+003	   +3.742554e-002
+6.520363e+003	   +3.840179e-002
+6.535055e+003	   +3.672372e-002
+6.549781e+003	   +3.715961e-002
+6.564540e+003	   +3.809888e-002
+6.579332e+003	   +3.821930e-002
+6.594158e+003	   +3.842491e-002
+6.609017e+003	   +3.811211e-002
+6.623909e+003	   +3.948083e-002
+6.638835e+003	   +3.814617e-002
+6.653795e+003	   +3.658743e-002
+6.668788e+003	   +3.747854e-002
+6.683815e+003	   +3.684677e-002
+6.698876e+003	   +3.748370e-002
+6.713971e+003	   +3.733104e-002
+6.729100e+003	   +3.835368e-002
+6.744263e+003	   +3.884634e-002
+6.759460e+003	   +3.929512e-002
+6.774692e+003	   +3.707222e-002
+6.789958e+003	   +3.865758e-002
+6.805258e+003	   +3.934884e-002
+6.820592e+003	   +3.880215e-002
+6.835961e+003	   +3.873385e-002
+6.851365e+003	   +3.814984e-002
+6.866804e+003	   +3.795033e-002
+6.882277e+003	   +3.772713e-002
+6.897785e+003	   +3.639932e-002
+6.913329e+003	   +3.769285e-002
+6.928907e+003	   +3.569533e-002
+6.944520e+003	   +3.733477e-002
+6.960168e+003	   +3.744447e-002
+6.975852e+003	   +3.634761e-002
+6.991571e+003	   +3.760422e-002
+7.007326e+003	   +3.761791e-002
+7.023116e+003	   +3.650836e-002
+7.038941e+003	   +3.777523e-002
+7.054802e+003	   +3.773293e-002
+7.070699e+003	   +3.663133e-002
+7.086632e+003	   +3.625337e-002
+7.102601e+003	   +3.558001e-002
+7.118605e+003	   +3.647800e-002
+7.134646e+003	   +3.603684e-002
+7.150723e+003	   +3.621444e-002
+7.166836e+003	   +3.797454e-002
+7.182985e+003	   +3.705696e-002
+7.199171e+003	   +3.800400e-002
+7.215394e+003	   +3.936978e-002
+7.231652e+003	   +3.742776e-002
+7.247948e+003	   +3.672411e-002
+7.264280e+003	   +3.637968e-002
+7.280649e+003	   +3.726968e-002
+7.297055e+003	   +3.772202e-002
+7.313498e+003	   +3.841387e-002
+7.329978e+003	   +3.815866e-002
+7.346495e+003	   +3.653044e-002
+7.363049e+003	   +3.562195e-002
+7.379640e+003	   +3.774396e-002
+7.396269e+003	   +3.715127e-002
+7.412936e+003	   +3.774818e-002
+7.429640e+003	   +3.660841e-002
+7.446381e+003	   +3.699532e-002
+7.463161e+003	   +3.630139e-002
+7.479978e+003	   +3.799033e-002
+7.496833e+003	   +3.716934e-002
+7.513726e+003	   +3.746646e-002
+7.530657e+003	   +3.681831e-002
+7.547626e+003	   +3.698912e-002
+7.564633e+003	   +3.625110e-002
+7.581679e+003	   +3.700472e-002
+7.598763e+003	   +3.721523e-002
+7.615886e+003	   +3.654686e-002
+7.633047e+003	   +3.778011e-002
+7.650247e+003	   +3.713858e-002
+7.667486e+003	   +3.522533e-002
+7.684763e+003	   +3.766358e-002
+7.702080e+003	   +3.759424e-002
+7.719436e+003	   +3.726456e-002
+7.736830e+003	   +3.748880e-002
+7.754264e+003	   +3.505244e-002
+7.771737e+003	   +3.680742e-002
+7.789249e+003	   +3.745262e-002
+7.806801e+003	   +3.831451e-002
+7.824393e+003	   +3.716034e-002
+7.842024e+003	   +3.582630e-002
+7.859694e+003	   +3.695756e-002
+7.877405e+003	   +3.620391e-002
+7.895156e+003	   +3.658893e-002
+7.912946e+003	   +3.689377e-002
+7.930777e+003	   +3.760751e-002
+7.948648e+003	   +3.785386e-002
+7.966559e+003	   +3.688182e-002
+7.984510e+003	   +3.657291e-002
+8.002502e+003	   +3.688565e-002
+8.020535e+003	   +3.793292e-002
+8.038608e+003	   +3.650521e-002
+8.056722e+003	   +3.668260e-002
+8.074876e+003	   +3.653504e-002
+8.093072e+003	   +3.754494e-002
+8.111308e+003	   +3.688614e-002
+8.129586e+003	   +3.818484e-002
+8.147905e+003	   +3.692101e-002
+8.166265e+003	   +3.791897e-002
+8.184667e+003	   +3.607319e-002
+8.203109e+003	   +3.708887e-002
+8.221594e+003	   +3.696585e-002
+8.240120e+003	   +3.674772e-002
+8.258688e+003	   +3.751862e-002
+8.277298e+003	   +3.740454e-002
+8.295949e+003	   +3.806366e-002
+8.314643e+003	   +3.703137e-002
+8.333379e+003	   +3.804280e-002
+8.352156e+003	   +3.694390e-002
+8.370977e+003	   +3.712839e-002
+8.389840e+003	   +3.824698e-002
+8.408745e+003	   +3.804541e-002
+8.427692e+003	   +3.828361e-002
+8.446684e+003	   +3.717449e-002
+8.465717e+003	   +3.709939e-002
+8.484793e+003	   +3.804658e-002
+8.503912e+003	   +3.829180e-002
+8.523074e+003	   +3.488872e-002
+8.542280e+003	   +3.730418e-002
+8.561528e+003	   +3.691475e-002
+8.580821e+003	   +3.642368e-002
+8.600156e+003	   +3.787538e-002
+8.619536e+003	   +3.687246e-002
+8.638959e+003	   +3.577656e-002
+8.658425e+003	   +3.677973e-002
+8.677936e+003	   +3.786485e-002
+8.697490e+003	   +3.642610e-002
+8.717089e+003	   +3.638937e-002
+8.736731e+003	   +3.717602e-002
+8.756418e+003	   +3.723805e-002
+8.776149e+003	   +3.559041e-002
+8.795925e+003	   +3.498339e-002
+8.815745e+003	   +3.652595e-002
+8.835610e+003	   +3.789373e-002
+8.855521e+003	   +3.908118e-002
+8.875475e+003	   +3.664247e-002
+8.895475e+003	   +3.562009e-002
+8.915519e+003	   +3.677683e-002
+8.935608e+003	   +3.497484e-002
+8.955744e+003	   +3.785317e-002
+8.975924e+003	   +3.665944e-002
+8.996150e+003	   +3.561226e-002
+9.016422e+003	   +3.664715e-002
+9.036739e+003	   +3.601839e-002
+9.057102e+003	   +3.646087e-002
+9.077511e+003	   +3.690847e-002
+9.097966e+003	   +3.520554e-002
+9.118467e+003	   +3.536982e-002
+9.139014e+003	   +3.667351e-002
+9.159606e+003	   +3.694588e-002
+9.180247e+003	   +3.615727e-002
+9.200933e+003	   +3.525980e-002
+9.221666e+003	   +3.639661e-002
+9.242445e+003	   +3.535615e-002
+9.263272e+003	   +3.693644e-002
+9.284146e+003	   +3.608412e-002
+9.305065e+003	   +3.678180e-002
+9.326033e+003	   +3.677108e-002
+9.347048e+003	   +3.723920e-002
+9.368110e+003	   +3.595258e-002
+9.389220e+003	   +3.678396e-002
+9.410377e+003	   +3.648384e-002
+9.431582e+003	   +3.700683e-002
+9.452835e+003	   +3.631947e-002
+9.474136e+003	   +3.586449e-002
+9.495484e+003	   +3.622453e-002
+9.516881e+003	   +3.667615e-002
+9.538325e+003	   +3.787834e-002
+9.559818e+003	   +3.530649e-002
+9.581360e+003	   +3.830377e-002
+9.602950e+003	   +3.695284e-002
+9.624590e+003	   +3.762902e-002
+9.646277e+003	   +3.596190e-002
+9.668014e+003	   +3.532173e-002
+9.689799e+003	   +3.535912e-002
+9.711634e+003	   +3.634164e-002
+9.733517e+003	   +3.652145e-002
+9.755450e+003	   +3.720861e-002
+9.777433e+003	   +3.494985e-002
+9.799465e+003	   +3.458689e-002
+9.821546e+003	   +3.550654e-002
+9.843678e+003	   +3.684383e-002
+9.865858e+003	   +3.439648e-002
+9.888090e+003	   +3.723555e-002
+9.910371e+003	   +3.581874e-002
+9.932703e+003	   +3.533607e-002
+9.955085e+003	   +3.665597e-002
+9.977518e+003	   +3.488569e-002
+1.000000e+004	   +3.555958e-002
+1.002253e+004	   +3.760988e-002
+1.004512e+004	   +3.788019e-002
+1.006775e+004	   +3.618356e-002
+1.009044e+004	   +3.723187e-002
+1.011318e+004	   +3.654997e-002
+1.013596e+004	   +3.732907e-002
+1.015880e+004	   +3.523418e-002
+1.018170e+004	   +3.518768e-002
+1.020464e+004	   +3.635688e-002
+1.022763e+004	   +3.584087e-002
+1.025068e+004	   +3.762608e-002
+1.027378e+004	   +3.616179e-002
+1.029693e+004	   +3.635886e-002
+1.032013e+004	   +3.646339e-002
+1.034339e+004	   +3.529817e-002
+1.036669e+004	   +3.755510e-002
+1.039005e+004	   +3.684759e-002
+1.041347e+004	   +3.580162e-002
+1.043693e+004	   +3.492232e-002
+1.046045e+004	   +3.521124e-002
+1.048402e+004	   +3.696049e-002
+1.050764e+004	   +3.519772e-002
+1.053132e+004	   +3.661818e-002
+1.055505e+004	   +3.550040e-002
+1.057884e+004	   +3.597963e-002
+1.060267e+004	   +3.629027e-002
+1.062657e+004	   +3.469084e-002
+1.065051e+004	   +3.677922e-002
+1.067451e+004	   +3.668883e-002
+1.069856e+004	   +3.631730e-002
+1.072267e+004	   +3.519737e-002
+1.074683e+004	   +3.591729e-002
+1.077105e+004	   +3.684113e-002
+1.079532e+004	   +3.646863e-002
+1.081965e+004	   +3.735740e-002
+1.084403e+004	   +3.628028e-002
+1.086846e+004	   +3.745165e-002
+1.089295e+004	   +3.453842e-002
+1.091750e+004	   +3.659799e-002
+1.094210e+004	   +3.551609e-002
+1.096676e+004	   +3.521968e-002
+1.099147e+004	   +3.638522e-002
+1.101624e+004	   +3.537095e-002
+1.104106e+004	   +3.723668e-002
+1.106594e+004	   +3.692225e-002
+1.109087e+004	   +3.871601e-002
+1.111587e+004	   +3.475656e-002
+1.114091e+004	   +3.704412e-002
+1.116602e+004	   +3.563115e-002
+1.119118e+004	   +3.664108e-002
+1.121640e+004	   +3.687890e-002
+1.124167e+004	   +3.697493e-002
+1.126700e+004	   +3.642287e-002
+1.129239e+004	   +3.680471e-002
+1.131784e+004	   +3.685936e-002
+1.134334e+004	   +3.532308e-002
+1.136890e+004	   +3.663917e-002
+1.139452e+004	   +3.581409e-002
+1.142019e+004	   +3.484717e-002
+1.144593e+004	   +3.734212e-002
+1.147172e+004	   +3.655062e-002
+1.149757e+004	   +3.803159e-002
+1.152348e+004	   +3.759212e-002
+1.154944e+004	   +3.626240e-002
+1.157547e+004	   +3.470270e-002
+1.160155e+004	   +3.480062e-002
+1.162770e+004	   +3.475807e-002
+1.165390e+004	   +3.640479e-002
+1.168016e+004	   +3.467430e-002
+1.170648e+004	   +3.487608e-002
+1.173286e+004	   +3.587134e-002
+1.175929e+004	   +3.584119e-002
+1.178579e+004	   +3.488773e-002
+1.181235e+004	   +3.653184e-002
+1.183897e+004	   +3.634782e-002
+1.186564e+004	   +3.524335e-002
+1.189238e+004	   +3.374213e-002
+1.191918e+004	   +3.473333e-002
+1.194604e+004	   +3.607751e-002
+1.197296e+004	   +3.577183e-002
+1.199993e+004	   +3.453646e-002
+1.202697e+004	   +3.753594e-002
+1.205408e+004	   +3.744513e-002
+1.208124e+004	   +3.520275e-002
+1.210846e+004	   +3.476266e-002
+1.213575e+004	   +3.595029e-002
+1.216309e+004	   +3.597573e-002
+1.219050e+004	   +3.695246e-002
+1.221797e+004	   +3.652640e-002
+1.224550e+004	   +3.534244e-002
+1.227309e+004	   +3.513320e-002
+1.230075e+004	   +3.563396e-002
+1.232847e+004	   +3.610869e-002
+1.235625e+004	   +3.640931e-002
+1.238409e+004	   +3.533323e-002
+1.241200e+004	   +3.625531e-002
+1.243996e+004	   +3.473068e-002
+1.246800e+004	   +3.524826e-002
+1.249609e+004	   +3.620983e-002
+1.252425e+004	   +3.586742e-002
+1.255247e+004	   +3.596317e-002
+1.258076e+004	   +3.691811e-002
+1.260911e+004	   +3.521686e-002
+1.263752e+004	   +3.442802e-002
+1.266599e+004	   +3.584502e-002
+1.269454e+004	   +3.578148e-002
+1.272314e+004	   +3.592192e-002
+1.275181e+004	   +3.637615e-002
+1.278054e+004	   +3.422352e-002
+1.280934e+004	   +3.709078e-002
+1.283821e+004	   +3.586381e-002
+1.286714e+004	   +3.730739e-002
+1.289613e+004	   +3.647910e-002
+1.292519e+004	   +3.600377e-002
+1.295432e+004	   +3.574406e-002
+1.298351e+004	   +3.736260e-002
+1.301276e+004	   +3.611442e-002
+1.304208e+004	   +3.482399e-002
+1.307147e+004	   +3.473892e-002
+1.310093e+004	   +3.591964e-002
+1.313045e+004	   +3.616144e-002
+1.316004e+004	   +3.669597e-002
+1.318969e+004	   +3.650095e-002
+1.321941e+004	   +3.660408e-002
+1.324920e+004	   +3.594367e-002
+1.327905e+004	   +3.478993e-002
+1.330898e+004	   +3.619048e-002
+1.333897e+004	   +3.753180e-002
+1.336902e+004	   +3.566292e-002
+1.339915e+004	   +3.474066e-002
+1.342934e+004	   +3.678539e-002
+1.345960e+004	   +3.643116e-002
+1.348993e+004	   +3.560410e-002
+1.352033e+004	   +3.702221e-002
+1.355080e+004	   +3.654813e-002
+1.358133e+004	   +3.693624e-002
+1.361193e+004	   +3.453396e-002
+1.364261e+004	   +3.631748e-002
+1.367335e+004	   +3.558866e-002
+1.370416e+004	   +3.486668e-002
+1.373504e+004	   +3.510908e-002
+1.376599e+004	   +3.504847e-002
+1.379701e+004	   +3.557803e-002
+1.382810e+004	   +3.446331e-002
+1.385926e+004	   +3.529556e-002
+1.389049e+004	   +3.568184e-002
+1.392179e+004	   +3.532592e-002
+1.395316e+004	   +3.562466e-002
+1.398460e+004	   +3.554099e-002
+1.401611e+004	   +3.525745e-002
+1.404770e+004	   +3.563568e-002
+1.407935e+004	   +3.703789e-002
+1.411108e+004	   +3.697409e-002
+1.414287e+004	   +3.556786e-002
+1.417474e+004	   +3.531364e-002
+1.420668e+004	   +3.654936e-002
+1.423870e+004	   +3.628318e-002
+1.427078e+004	   +3.487511e-002
+1.430294e+004	   +3.757802e-002
+1.433517e+004	   +3.528669e-002
+1.436747e+004	   +3.610211e-002
+1.439984e+004	   +3.483471e-002
+1.443229e+004	   +3.501520e-002
+1.446481e+004	   +3.613692e-002
+1.449741e+004	   +3.723206e-002
+1.453007e+004	   +3.603483e-002
+1.456282e+004	   +3.545768e-002
+1.459563e+004	   +3.566338e-002
+1.462852e+004	   +3.699733e-002
+1.466148e+004	   +3.693217e-002
+1.469452e+004	   +3.503110e-002
+1.472763e+004	   +3.706054e-002
+1.476082e+004	   +3.490132e-002
+1.479408e+004	   +3.407971e-002
+1.482742e+004	   +3.669637e-002
+1.486083e+004	   +3.742421e-002
+1.489431e+004	   +3.487411e-002
+1.492788e+004	   +3.606000e-002
+1.496151e+004	   +3.587809e-002
+1.499523e+004	   +3.601984e-002
+1.502902e+004	   +3.584374e-002
+1.506288e+004	   +3.435539e-002
+1.509683e+004	   +3.630289e-002
+1.513084e+004	   +3.795161e-002
+1.516494e+004	   +3.459311e-002
+1.519911e+004	   +3.687362e-002
+1.523336e+004	   +3.644542e-002
+1.526769e+004	   +3.597749e-002
+1.530209e+004	   +3.650564e-002
+1.533657e+004	   +3.687288e-002
+1.537113e+004	   +3.625564e-002
+1.540577e+004	   +3.584530e-002
+1.544048e+004	   +3.724216e-002
+1.547527e+004	   +3.399784e-002
+1.551014e+004	   +3.749091e-002
+1.554509e+004	   +3.595336e-002
+1.558012e+004	   +3.682762e-002
+1.561523e+004	   +3.545685e-002
+1.565042e+004	   +3.693276e-002
+1.568568e+004	   +3.538545e-002
+1.572103e+004	   +3.728090e-002
+1.575645e+004	   +3.635879e-002
+1.579196e+004	   +3.626179e-002
+1.582754e+004	   +3.577039e-002
+1.586321e+004	   +3.464800e-002
+1.589895e+004	   +3.843974e-002
+1.593478e+004	   +3.538907e-002
+1.597069e+004	   +3.569813e-002
+1.600667e+004	   +3.580754e-002
+1.604274e+004	   +3.613050e-002
+1.607889e+004	   +3.774711e-002
+1.611512e+004	   +3.612205e-002
+1.615144e+004	   +3.556238e-002
+1.618783e+004	   +3.568702e-002
+1.622431e+004	   +3.604449e-002
+1.626087e+004	   +3.576770e-002
+1.629751e+004	   +3.513291e-002
+1.633423e+004	   +3.522352e-002
+1.637104e+004	   +3.551747e-002
+1.640793e+004	   +3.605713e-002
+1.644490e+004	   +3.681676e-002
+1.648196e+004	   +3.726749e-002
+1.651910e+004	   +3.797784e-002
+1.655632e+004	   +3.799829e-002
+1.659363e+004	   +3.700118e-002
+1.663102e+004	   +3.666336e-002
+1.666849e+004	   +3.644465e-002
+1.670605e+004	   +3.624118e-002
+1.674370e+004	   +3.666483e-002
+1.678143e+004	   +3.634083e-002
+1.681924e+004	   +3.471486e-002
+1.685714e+004	   +3.622732e-002
+1.689513e+004	   +3.660627e-002
+1.693320e+004	   +3.665867e-002
+1.697136e+004	   +3.653922e-002
+1.700960e+004	   +3.740142e-002
+1.704793e+004	   +3.575243e-002
+1.708634e+004	   +3.644111e-002
+1.712484e+004	   +3.513449e-002
+1.716343e+004	   +3.584499e-002
+1.720211e+004	   +3.660280e-002
+1.724087e+004	   +3.569774e-002
+1.727972e+004	   +3.591323e-002
+1.731866e+004	   +3.519372e-002
+1.735768e+004	   +3.531873e-002
+1.739679e+004	   +3.562120e-002
+1.743599e+004	   +3.659846e-002
+1.747528e+004	   +3.580672e-002
+1.751466e+004	   +3.459739e-002
+1.755413e+004	   +3.528449e-002
+1.759368e+004	   +3.413372e-002
+1.763333e+004	   +3.712749e-002
+1.767306e+004	   +3.688323e-002
+1.771289e+004	   +3.491571e-002
+1.775280e+004	   +3.763934e-002
+1.779280e+004	   +3.765620e-002
+1.783290e+004	   +3.447243e-002
+1.787308e+004	   +3.594586e-002
+1.791336e+004	   +3.627276e-002
+1.795372e+004	   +3.513357e-002
+1.799418e+004	   +3.711592e-002
+1.803472e+004	   +3.563181e-002
+1.807536e+004	   +3.591667e-002
+1.811609e+004	   +3.554061e-002
+1.815691e+004	   +3.731790e-002
+1.819783e+004	   +3.558896e-002
+1.823883e+004	   +3.614197e-002
+1.827993e+004	   +3.766551e-002
+1.832112e+004	   +3.462345e-002
+1.836241e+004	   +3.616514e-002
+1.840379e+004	   +3.659874e-002
+1.844525e+004	   +3.627393e-002
+1.848682e+004	   +3.735153e-002
+1.852847e+004	   +3.571102e-002
+1.857023e+004	   +3.460150e-002
+1.861207e+004	   +3.671329e-002
+1.865401e+004	   +3.558677e-002
+1.869604e+004	   +3.780638e-002
+1.873817e+004	   +3.622697e-002
+1.878040e+004	   +3.611655e-002
+1.882272e+004	   +3.665408e-002
+1.886513e+004	   +3.547245e-002
+1.890764e+004	   +3.792724e-002
+1.895025e+004	   +3.584736e-002
+1.899295e+004	   +3.776995e-002
+1.903575e+004	   +3.514983e-002
+1.907864e+004	   +3.752514e-002
+1.912163e+004	   +3.588473e-002
+1.916472e+004	   +3.496962e-002
+1.920790e+004	   +3.781643e-002
+1.925119e+004	   +3.542164e-002
+1.929456e+004	   +3.589901e-002
+1.933804e+004	   +3.559713e-002
+1.938162e+004	   +3.634311e-002
+1.942529e+004	   +3.720979e-002
+1.946906e+004	   +3.702456e-002
+1.951293e+004	   +3.601661e-002
+1.955690e+004	   +3.751388e-002
+1.960097e+004	   +3.685683e-002
+1.964514e+004	   +3.681205e-002
+1.968941e+004	   +3.611449e-002
+1.973378e+004	   +3.702320e-002
+1.977824e+004	   +3.562628e-002
+1.982281e+004	   +3.662006e-002
+1.986748e+004	   +3.626303e-002
+1.991225e+004	   +3.533531e-002
+1.995712e+004	   +3.682568e-002
+2.000209e+004	   +3.631220e-002
+2.004716e+004	   +3.564712e-002
+2.009233e+004	   +3.695261e-002
+2.013761e+004	   +3.608923e-002
+2.018298e+004	   +3.555654e-002
+2.022846e+004	   +3.668793e-002
+2.027404e+004	   +3.692017e-002
+2.031973e+004	   +3.742983e-002
+2.036552e+004	   +3.640962e-002
+2.041141e+004	   +3.709189e-002
+2.045740e+004	   +3.762103e-002
+2.050350e+004	   +3.598896e-002
+2.054970e+004	   +3.689553e-002
+2.059601e+004	   +3.791798e-002
+2.064242e+004	   +3.629501e-002
+2.068893e+004	   +3.693591e-002
+2.073555e+004	   +3.552908e-002
+2.078227e+004	   +3.548867e-002
+2.082910e+004	   +3.661705e-002
+2.087604e+004	   +3.550751e-002
+2.092308e+004	   +3.721654e-002
+2.097023e+004	   +3.662495e-002
+2.101748e+004	   +3.620305e-002
+2.106484e+004	   +3.716292e-002
+2.111231e+004	   +3.644847e-002
+2.115988e+004	   +3.727140e-002
+2.120756e+004	   +3.678299e-002
+2.125535e+004	   +3.583666e-002
+2.130324e+004	   +3.676220e-002
+2.135125e+004	   +3.728152e-002
+2.139936e+004	   +3.594419e-002
+2.144758e+004	   +3.550572e-002
+2.149591e+004	   +3.750941e-002
+2.154435e+004	   +3.661960e-002
+2.159289e+004	   +3.576757e-002
+2.164155e+004	   +3.740035e-002
+2.169032e+004	   +3.678103e-002
+2.173919e+004	   +3.886050e-002
+2.178818e+004	   +3.600464e-002
+2.183728e+004	   +3.616827e-002
+2.188648e+004	   +3.543918e-002
+2.193580e+004	   +3.844554e-002
+2.198523e+004	   +3.829035e-002
+2.203477e+004	   +3.668421e-002
+2.208442e+004	   +3.524102e-002
+2.213419e+004	   +3.745491e-002
+2.218406e+004	   +3.842516e-002
+2.223405e+004	   +3.525992e-002
+2.228415e+004	   +3.784982e-002
+2.233437e+004	   +3.710155e-002
+2.238469e+004	   +3.668582e-002
+2.243513e+004	   +3.753014e-002
+2.248569e+004	   +3.680077e-002
+2.253636e+004	   +3.584564e-002
+2.258714e+004	   +3.680480e-002
+2.263803e+004	   +3.561159e-002
+2.268904e+004	   +3.457692e-002
+2.274017e+004	   +3.633450e-002
+2.279141e+004	   +3.641297e-002
+2.284277e+004	   +3.685928e-002
+2.289424e+004	   +3.701269e-002
+2.294583e+004	   +3.668059e-002
+2.299754e+004	   +3.587154e-002
+2.304936e+004	   +3.563857e-002
+2.310130e+004	   +3.627078e-002
+2.315335e+004	   +3.707905e-002
+2.320553e+004	   +3.510660e-002
+2.325781e+004	   +3.441330e-002
+2.331022e+004	   +3.805683e-002
+2.336275e+004	   +3.754568e-002
+2.341539e+004	   +3.867972e-002
+2.346816e+004	   +3.743424e-002
+2.352104e+004	   +3.628877e-002
+2.357404e+004	   +3.820970e-002
+2.362716e+004	   +3.739981e-002
+2.368040e+004	   +3.671523e-002
+2.373376e+004	   +3.730163e-002
+2.378724e+004	   +3.625444e-002
+2.384084e+004	   +3.687002e-002
+2.389456e+004	   +3.643430e-002
+2.394841e+004	   +3.888460e-002
+2.400237e+004	   +3.552634e-002
+2.405646e+004	   +3.833564e-002
+2.411066e+004	   +3.780369e-002
+2.416499e+004	   +3.981210e-002
+2.421945e+004	   +3.658221e-002
+2.427402e+004	   +3.641293e-002
+2.432872e+004	   +3.750990e-002
+2.438354e+004	   +3.687887e-002
+2.443849e+004	   +3.544664e-002
+2.449355e+004	   +3.595357e-002
+2.454875e+004	   +3.686190e-002
+2.460406e+004	   +3.862223e-002
+2.465951e+004	   +3.813775e-002
+2.471507e+004	   +3.698991e-002
+2.477076e+004	   +3.820548e-002
+2.482658e+004	   +3.569366e-002
+2.488252e+004	   +3.706099e-002
+2.493859e+004	   +3.671551e-002
+2.499479e+004	   +3.789423e-002
+2.505111e+004	   +3.765629e-002
+2.510756e+004	   +3.707644e-002
+2.516413e+004	   +3.683741e-002
+2.522084e+004	   +3.674054e-002
+2.527767e+004	   +3.679580e-002
+2.533463e+004	   +3.646170e-002
+2.539172e+004	   +3.635451e-002
+2.544893e+004	   +3.661270e-002
+2.550628e+004	   +3.873341e-002
+2.556375e+004	   +3.607871e-002
+2.562136e+004	   +3.755863e-002
+2.567909e+004	   +3.683708e-002
+2.573696e+004	   +3.585234e-002
+2.579495e+004	   +3.747887e-002
+2.585308e+004	   +3.746903e-002
+2.591133e+004	   +3.642134e-002
+2.596972e+004	   +3.653652e-002
+2.602824e+004	   +3.618991e-002
+2.608689e+004	   +3.523263e-002
+2.614567e+004	   +3.676773e-002
+2.620459e+004	   +3.757498e-002
+2.626363e+004	   +3.820245e-002
+2.632282e+004	   +3.707345e-002
+2.638213e+004	   +3.724103e-002
+2.644158e+004	   +3.761706e-002
+2.650116e+004	   +3.776895e-002
+2.656088e+004	   +3.678992e-002
+2.662073e+004	   +3.674584e-002
+2.668071e+004	   +3.924627e-002
+2.674084e+004	   +3.731061e-002
+2.680109e+004	   +3.811294e-002
+2.686148e+004	   +3.739100e-002
+2.692201e+004	   +3.767067e-002
+2.698268e+004	   +3.535683e-002
+2.704348e+004	   +3.725521e-002
+2.710442e+004	   +3.925104e-002
+2.716549e+004	   +3.742620e-002
+2.722671e+004	   +3.815223e-002
+2.728806e+004	   +3.778628e-002
+2.734955e+004	   +3.708173e-002
+2.741118e+004	   +3.654787e-002
+2.747294e+004	   +3.834509e-002
+2.753485e+004	   +3.722864e-002
+2.759689e+004	   +3.671038e-002
+2.765908e+004	   +3.836419e-002
+2.772141e+004	   +3.945987e-002
+2.778387e+004	   +3.648849e-002
+2.784648e+004	   +3.612935e-002
+2.790923e+004	   +3.930388e-002
+2.797212e+004	   +3.925325e-002
+2.803515e+004	   +3.676400e-002
+2.809832e+004	   +3.868363e-002
+2.816163e+004	   +3.616726e-002
+2.822509e+004	   +3.771495e-002
+2.828870e+004	   +3.799894e-002
+2.835244e+004	   +3.822356e-002
+2.841633e+004	   +3.837967e-002
+2.848036e+004	   +3.988437e-002
+2.854454e+004	   +3.778156e-002
+2.860886e+004	   +3.784629e-002
+2.867332e+004	   +3.747487e-002
+2.873793e+004	   +3.804332e-002
+2.880269e+004	   +3.753386e-002
+2.886759e+004	   +3.810173e-002
+2.893264e+004	   +3.917004e-002
+2.899784e+004	   +3.745779e-002
+2.906318e+004	   +3.855972e-002
+2.912867e+004	   +3.853198e-002
+2.919430e+004	   +3.920776e-002
+2.926009e+004	   +3.832383e-002
+2.932602e+004	   +3.876649e-002
+2.939211e+004	   +3.767819e-002
+2.945834e+004	   +3.738604e-002
+2.952472e+004	   +3.746908e-002
+2.959125e+004	   +3.730337e-002
+2.965793e+004	   +3.650659e-002
+2.972475e+004	   +3.653503e-002
+2.979173e+004	   +3.825806e-002
+2.985887e+004	   +3.758036e-002
+2.992615e+004	   +3.795885e-002
+2.999358e+004	   +3.801071e-002
+3.006117e+004	   +3.882662e-002
+3.012891e+004	   +4.038534e-002
+3.019680e+004	   +3.821204e-002
+3.026484e+004	   +3.955720e-002
+3.033304e+004	   +3.966925e-002
+3.040139e+004	   +3.813866e-002
+3.046990e+004	   +3.904359e-002
+3.053855e+004	   +3.788475e-002
+3.060737e+004	   +3.797460e-002
+3.067634e+004	   +3.896624e-002
+3.074546e+004	   +3.769752e-002
+3.081474e+004	   +3.809590e-002
+3.088418e+004	   +3.907330e-002
+3.095377e+004	   +3.977256e-002
+3.102352e+004	   +3.943770e-002
+3.109343e+004	   +3.813460e-002
+3.116349e+004	   +3.773494e-002
+3.123372e+004	   +3.889217e-002
+3.130410e+004	   +3.787582e-002
+3.137463e+004	   +3.767166e-002
+3.144533e+004	   +3.853977e-002
+3.151619e+004	   +3.729158e-002
+3.158721e+004	   +3.846919e-002
+3.165838e+004	   +3.876335e-002
+3.172972e+004	   +3.785164e-002
+3.180122e+004	   +3.890630e-002
+3.187288e+004	   +3.652488e-002
+3.194470e+004	   +3.828193e-002
+3.201668e+004	   +3.858797e-002
+3.208883e+004	   +3.850780e-002
+3.216114e+004	   +3.973233e-002
+3.223361e+004	   +3.844954e-002
+3.230624e+004	   +4.038077e-002
+3.237904e+004	   +3.845609e-002
+3.245200e+004	   +4.061231e-002
+3.252513e+004	   +3.916381e-002
+3.259841e+004	   +4.071795e-002
+3.267187e+004	   +3.966785e-002
+3.274549e+004	   +3.864372e-002
+3.281928e+004	   +3.931272e-002
+3.289323e+004	   +3.693625e-002
+3.296735e+004	   +3.743299e-002
+3.304164e+004	   +3.793287e-002
+3.311609e+004	   +3.792015e-002
+3.319071e+004	   +3.865303e-002
+3.326551e+004	   +4.008999e-002
+3.334046e+004	   +3.835919e-002
+3.341559e+004	   +3.978432e-002
+3.349089e+004	   +4.028664e-002
+3.356636e+004	   +3.921304e-002
+3.364199e+004	   +3.995496e-002
+3.371780e+004	   +3.903085e-002
+3.379378e+004	   +3.989242e-002
+3.386993e+004	   +3.938756e-002
+3.394625e+004	   +3.766530e-002
+3.402274e+004	   +3.801525e-002
+3.409941e+004	   +3.985388e-002
+3.417625e+004	   +3.750229e-002
+3.425325e+004	   +4.043107e-002
+3.433044e+004	   +3.969062e-002
+3.440780e+004	   +4.104308e-002
+3.448533e+004	   +3.698467e-002
+3.456304e+004	   +4.138301e-002
+3.464092e+004	   +3.894175e-002
+3.471898e+004	   +3.869149e-002
+3.479721e+004	   +3.957031e-002
+3.487563e+004	   +4.180212e-002
+3.495421e+004	   +3.992589e-002
+3.503298e+004	   +3.803582e-002
+3.511192e+004	   +3.924615e-002
+3.519104e+004	   +3.862537e-002
+3.527034e+004	   +3.786432e-002
+3.534981e+004	   +3.777771e-002
+3.542946e+004	   +3.979564e-002
+3.550930e+004	   +4.008790e-002
+3.558932e+004	   +3.814672e-002
+3.566951e+004	   +4.005693e-002
+3.574989e+004	   +3.992987e-002
+3.583045e+004	   +3.922581e-002
+3.591118e+004	   +3.960571e-002
+3.599211e+004	   +4.093051e-002
+3.607321e+004	   +3.910753e-002
+3.615449e+004	   +4.101836e-002
+3.623596e+004	   +3.868495e-002
+3.631761e+004	   +4.044643e-002
+3.639945e+004	   +3.984729e-002
+3.648147e+004	   +3.959063e-002
+3.656368e+004	   +3.973708e-002
+3.664607e+004	   +3.927775e-002
+3.672864e+004	   +3.942978e-002
+3.681141e+004	   +4.008272e-002
+3.689436e+004	   +3.902496e-002
+3.697749e+004	   +4.009008e-002
+3.706081e+004	   +4.111307e-002
+3.714432e+004	   +4.053680e-002
+3.722802e+004	   +4.008100e-002
+3.731191e+004	   +4.235553e-002
+3.739599e+004	   +4.045060e-002
+3.748025e+004	   +3.933582e-002
+3.756471e+004	   +3.884337e-002
+3.764936e+004	   +3.961075e-002
+3.773420e+004	   +3.920333e-002
+3.781922e+004	   +4.165053e-002
+3.790445e+004	   +4.063489e-002
+3.798986e+004	   +3.862345e-002
+3.807546e+004	   +4.022317e-002
+3.816126e+004	   +3.805766e-002
+3.824725e+004	   +4.015855e-002
+3.833343e+004	   +4.057783e-002
+3.841981e+004	   +3.969434e-002
+3.850639e+004	   +4.040023e-002
+3.859315e+004	   +4.145630e-002
+3.868012e+004	   +3.985580e-002
+3.876728e+004	   +4.059383e-002
+3.885463e+004	   +4.256543e-002
+3.894219e+004	   +4.125824e-002
+3.902994e+004	   +4.240093e-002
+3.911789e+004	   +4.056042e-002
+3.920603e+004	   +4.079488e-002
+3.929438e+004	   +3.934595e-002
+3.938292e+004	   +4.187638e-002
+3.947166e+004	   +4.057151e-002
+3.956061e+004	   +4.126994e-002
+3.964975e+004	   +4.060768e-002
+3.973910e+004	   +4.032196e-002
+3.982864e+004	   +4.018274e-002
+3.991839e+004	   +4.061991e-002
+4.000834e+004	   +4.168271e-002
+4.009849e+004	   +4.055068e-002
+4.018885e+004	   +4.143170e-002
+4.027941e+004	   +3.981772e-002
+4.037017e+004	   +3.962743e-002
+4.046114e+004	   +3.961112e-002
+4.055231e+004	   +4.136604e-002
+4.064369e+004	   +4.211380e-002
+4.073528e+004	   +4.025849e-002
+4.082707e+004	   +4.063440e-002
+4.091907e+004	   +3.989462e-002
+4.101127e+004	   +4.082315e-002
+4.110368e+004	   +4.109078e-002
+4.119630e+004	   +4.079036e-002
+4.128913e+004	   +4.165826e-002
+4.138217e+004	   +4.178131e-002
+4.147542e+004	   +4.053251e-002
+4.156888e+004	   +4.207142e-002
+4.166255e+004	   +4.286553e-002
+4.175643e+004	   +4.191097e-002
+4.185052e+004	   +4.082833e-002
+4.194482e+004	   +4.186267e-002
+4.203934e+004	   +4.273145e-002
+4.213407e+004	   +4.096828e-002
+4.222902e+004	   +4.122311e-002
+4.232417e+004	   +4.192412e-002
+4.241954e+004	   +4.142057e-002
+4.251513e+004	   +4.164957e-002
+4.261093e+004	   +4.033505e-002
+4.270695e+004	   +4.400363e-002
+4.280318e+004	   +4.219557e-002
+4.289963e+004	   +4.151289e-002
+4.299630e+004	   +4.354441e-002
+4.309319e+004	   +4.244550e-002
+4.319029e+004	   +4.127936e-002
+4.328761e+004	   +4.254585e-002
+4.338516e+004	   +4.261370e-002
+4.348292e+004	   +4.342143e-002
+4.358090e+004	   +4.244350e-002
+4.367910e+004	   +4.108214e-002
+4.377753e+004	   +4.372371e-002
+4.387617e+004	   +4.374516e-002
+4.397504e+004	   +4.328639e-002
+4.407413e+004	   +4.209571e-002
+4.417345e+004	   +4.264335e-002
+4.427298e+004	   +4.205768e-002
+4.437275e+004	   +4.147547e-002
+4.447273e+004	   +4.233964e-002
+4.457295e+004	   +4.433266e-002
+4.467339e+004	   +4.000479e-002
+4.477405e+004	   +4.166412e-002
+4.487494e+004	   +4.234489e-002
+4.497606e+004	   +4.089737e-002
+4.507741e+004	   +4.294010e-002
+4.517898e+004	   +4.351059e-002
+4.528079e+004	   +4.315792e-002
+4.538282e+004	   +4.239368e-002
+4.548509e+004	   +4.311006e-002
+4.558758e+004	   +4.337553e-002
+4.569030e+004	   +4.214761e-002
+4.579326e+004	   +4.183731e-002
+4.589645e+004	   +4.144420e-002
+4.599987e+004	   +4.071028e-002
+4.610352e+004	   +4.348134e-002
+4.620741e+004	   +4.354780e-002
+4.631153e+004	   +4.374016e-002
+4.641589e+004	   +4.260919e-002
+4.652048e+004	   +4.233011e-002
+4.662530e+004	   +4.290107e-002
+4.673037e+004	   +4.160109e-002
+4.683567e+004	   +4.228221e-002
+4.694121e+004	   +4.256039e-002
+4.704698e+004	   +4.222133e-002
+4.715300e+004	   +4.225227e-002
+4.725925e+004	   +4.264577e-002
+4.736574e+004	   +4.375841e-002
+4.747247e+004	   +4.392564e-002
+4.757944e+004	   +4.155203e-002
+4.768666e+004	   +4.234015e-002
+4.779411e+004	   +4.309304e-002
+4.790181e+004	   +4.368339e-002
+4.800975e+004	   +4.364515e-002
+4.811793e+004	   +4.457126e-002
+4.822636e+004	   +4.373775e-002
+4.833503e+004	   +4.268572e-002
+4.844395e+004	   +4.209564e-002
+4.855311e+004	   +4.263440e-002
+4.866251e+004	   +4.368299e-002
+4.877216e+004	   +4.410155e-002
+4.888207e+004	   +4.540714e-002
+4.899221e+004	   +4.409342e-002
+4.910261e+004	   +4.414729e-002
+4.921326e+004	   +4.257862e-002
+4.932415e+004	   +4.389913e-002
+4.943530e+004	   +4.321736e-002
+4.954669e+004	   +4.491387e-002
+4.965834e+004	   +4.305613e-002
+4.977023e+004	   +4.313905e-002
+4.988239e+004	   +4.199142e-002
+4.999479e+004	   +4.226699e-002
+5.010745e+004	   +4.325687e-002
+5.022035e+004	   +4.410937e-002
+5.033352e+004	   +4.474238e-002
+5.044694e+004	   +4.480255e-002
+5.056061e+004	   +4.486484e-002
+5.067454e+004	   +4.359760e-002
+5.078873e+004	   +4.308077e-002
+5.090318e+004	   +4.375061e-002
+5.101788e+004	   +4.403448e-002
+5.113284e+004	   +4.351435e-002
+5.124806e+004	   +4.508618e-002
+5.136354e+004	   +4.385862e-002
+5.147928e+004	   +4.417685e-002
+5.159528e+004	   +4.386343e-002
+5.171154e+004	   +4.456613e-002
+5.182807e+004	   +4.308069e-002
+5.194485e+004	   +4.391682e-002
+5.206190e+004	   +4.306966e-002
+5.217922e+004	   +4.292858e-002
+5.229679e+004	   +4.421326e-002
+5.241464e+004	   +4.533177e-002
+5.253275e+004	   +4.321878e-002
+5.265112e+004	   +4.533084e-002
+5.276976e+004	   +4.448523e-002
+5.288867e+004	   +4.410441e-002
+5.300785e+004	   +4.451324e-002
+5.312729e+004	   +4.380628e-002
+5.324701e+004	   +4.440835e-002
+5.336699e+004	   +4.436732e-002
+5.348725e+004	   +4.515050e-002
+5.360777e+004	   +4.495378e-002
+5.372857e+004	   +4.567832e-002
+5.384964e+004	   +4.433975e-002
+5.397098e+004	   +4.313474e-002
+5.409260e+004	   +4.567157e-002
+5.421448e+004	   +4.424989e-002
+5.433665e+004	   +4.450423e-002
+5.445909e+004	   +4.413452e-002
+5.458180e+004	   +4.486782e-002
+5.470480e+004	   +4.493145e-002
+5.482807e+004	   +4.374324e-002
+5.495161e+004	   +4.269113e-002
+5.507544e+004	   +4.201911e-002
+5.519954e+004	   +4.238289e-002
+5.532393e+004	   +4.386968e-002
+5.544859e+004	   +4.335796e-002
+5.557354e+004	   +4.361890e-002
+5.569876e+004	   +4.379364e-002
+5.582427e+004	   +4.444832e-002
+5.595006e+004	   +4.339060e-002
+5.607614e+004	   +4.219256e-002
+5.620250e+004	   +4.328317e-002
+5.632914e+004	   +4.445976e-002
+5.645607e+004	   +4.375932e-002
+5.658329e+004	   +4.540020e-002
+5.671079e+004	   +4.346693e-002
+5.683858e+004	   +4.322382e-002
+5.696666e+004	   +4.348764e-002
+5.709502e+004	   +4.419481e-002
+5.722368e+004	   +4.413118e-002
+5.735262e+004	   +4.411875e-002
+5.748186e+004	   +4.431302e-002
+5.761138e+004	   +4.224069e-002
+5.774120e+004	   +4.380763e-002
+5.787131e+004	   +4.385616e-002
+5.800172e+004	   +4.426510e-002
+5.813242e+004	   +4.328654e-002
+5.826341e+004	   +4.479577e-002
+5.839470e+004	   +4.268206e-002
+5.852628e+004	   +4.378383e-002
+5.865816e+004	   +4.440482e-002
+5.879034e+004	   +4.569621e-002
+5.892281e+004	   +4.413072e-002
+5.905559e+004	   +4.364586e-002
+5.918866e+004	   +4.363890e-002
+5.932204e+004	   +4.357605e-002
+5.945571e+004	   +4.283295e-002
+5.958968e+004	   +4.407458e-002
+5.972396e+004	   +4.336301e-002
+5.985854e+004	   +4.038944e-002
+5.999342e+004	   +4.431077e-002
+6.012861e+004	   +4.266693e-002
+6.026410e+004	   +4.252680e-002
+6.039989e+004	   +4.211073e-002
+6.053600e+004	   +4.172100e-002
+6.067240e+004	   +4.393173e-002
+6.080912e+004	   +4.280568e-002
+6.094614e+004	   +4.204423e-002
+6.108348e+004	   +4.276505e-002
+6.122112e+004	   +4.378879e-002
+6.135907e+004	   +4.157241e-002
+6.149734e+004	   +4.371290e-002
+6.163591e+004	   +4.365157e-002
+6.177480e+004	   +4.277725e-002
+6.191400e+004	   +4.425760e-002
+6.205351e+004	   +4.326857e-002
+6.219334e+004	   +4.365747e-002
+6.233348e+004	   +4.102991e-002
+6.247395e+004	   +4.263400e-002
+6.261472e+004	   +4.372980e-002
+6.275581e+004	   +4.290523e-002
+6.289722e+004	   +4.302429e-002
+6.303895e+004	   +4.303339e-002
+6.318100e+004	   +4.234412e-002
+6.332337e+004	   +4.288016e-002
+6.346606e+004	   +4.221501e-002
+6.360907e+004	   +4.267371e-002
+6.375241e+004	   +4.169777e-002
+6.389606e+004	   +4.269088e-002
+6.404004e+004	   +4.409852e-002
+6.418435e+004	   +4.194726e-002
+6.432898e+004	   +4.351822e-002
+6.447393e+004	   +4.288064e-002
+6.461921e+004	   +4.243036e-002
+6.476482e+004	   +4.341729e-002
+6.491076e+004	   +4.149612e-002
+6.505703e+004	   +4.137656e-002
+6.520363e+004	   +4.086783e-002
+6.535055e+004	   +4.255712e-002
+6.549781e+004	   +4.141977e-002
+6.564540e+004	   +4.407589e-002
+6.579332e+004	   +4.241360e-002
+6.594158e+004	   +4.225375e-002
+6.609016e+004	   +4.121433e-002
+6.623909e+004	   +4.162077e-002
+6.638835e+004	   +4.144671e-002
+6.653795e+004	   +4.114194e-002
+6.668788e+004	   +4.105725e-002
+6.683816e+004	   +4.174672e-002
+6.698877e+004	   +4.332438e-002
+6.713971e+004	   +4.083668e-002
+6.729100e+004	   +4.063681e-002
+6.744263e+004	   +4.115588e-002
+6.759460e+004	   +4.116574e-002
+6.774691e+004	   +4.103272e-002
+6.789958e+004	   +4.314625e-002
+6.805258e+004	   +4.094419e-002
+6.820592e+004	   +4.150751e-002
+6.835962e+004	   +4.112724e-002
+6.851366e+004	   +4.078575e-002
+6.866804e+004	   +3.987231e-002
+6.882277e+004	   +4.108348e-002
+6.897785e+004	   +3.981058e-002
+6.913328e+004	   +4.102004e-002
+6.928907e+004	   +4.103959e-002
+6.944520e+004	   +4.006732e-002
+6.960169e+004	   +4.111744e-002
+6.975852e+004	   +4.011252e-002
+6.991571e+004	   +4.096232e-002
+7.007326e+004	   +4.086667e-002
+7.023116e+004	   +4.140256e-002
+7.038941e+004	   +3.904034e-002
+7.054802e+004	   +3.981172e-002
+7.070699e+004	   +4.098048e-002
+7.086632e+004	   +3.991663e-002
+7.102601e+004	   +4.151116e-002
+7.118605e+004	   +4.072352e-002
+7.134646e+004	   +3.802970e-002
+7.150723e+004	   +3.987328e-002
+7.166836e+004	   +3.817036e-002
+7.182985e+004	   +3.906589e-002
+7.199171e+004	   +3.995526e-002
+7.215394e+004	   +3.983260e-002
+7.231652e+004	   +3.902359e-002
+7.247948e+004	   +4.023119e-002
+7.264280e+004	   +4.107517e-002
+7.280649e+004	   +3.768481e-002
+7.297055e+004	   +3.806207e-002
+7.313498e+004	   +3.903116e-002
+7.329977e+004	   +3.910484e-002
+7.346495e+004	   +3.965466e-002
+7.363048e+004	   +4.082350e-002
+7.379641e+004	   +3.855176e-002
+7.396270e+004	   +3.979678e-002
+7.412936e+004	   +3.900942e-002
+7.429640e+004	   +4.015044e-002
+7.446381e+004	   +4.068957e-002
+7.463160e+004	   +3.935566e-002
+7.479977e+004	   +3.778505e-002
+7.496833e+004	   +3.835348e-002
+7.513726e+004	   +4.049327e-002
+7.530656e+004	   +3.721840e-002
+7.547626e+004	   +3.791332e-002
+7.564634e+004	   +3.864015e-002
+7.581679e+004	   +3.839144e-002
+7.598763e+004	   +3.769394e-002
+7.615886e+004	   +3.880152e-002
+7.633047e+004	   +3.923841e-002
+7.650247e+004	   +3.990323e-002
+7.667486e+004	   +3.603550e-002
+7.684763e+004	   +3.739247e-002
+7.702080e+004	   +3.738566e-002
+7.719435e+004	   +3.620209e-002
+7.736830e+004	   +3.728304e-002
+7.754264e+004	   +3.787108e-002
+7.771737e+004	   +3.991169e-002
+7.789249e+004	   +3.703353e-002
+7.806801e+004	   +3.824409e-002
+7.824393e+004	   +3.852324e-002
+7.842023e+004	   +3.737408e-002
+7.859695e+004	   +3.810019e-002
+7.877405e+004	   +3.842164e-002
+7.895155e+004	   +3.726415e-002
+7.912946e+004	   +3.873531e-002
+7.930777e+004	   +3.781787e-002
+7.948648e+004	   +3.675221e-002
+7.966559e+004	   +3.681022e-002
+7.984510e+004	   +3.728946e-002
+8.002502e+004	   +3.786559e-002
+8.020534e+004	   +3.811821e-002
+8.038608e+004	   +3.757056e-002
+8.056722e+004	   +3.624776e-002
+8.074877e+004	   +3.996622e-002
+8.093072e+004	   +3.890118e-002
+8.111309e+004	   +3.720361e-002
+8.129586e+004	   +3.701079e-002
+8.147905e+004	   +4.006718e-002
+8.166265e+004	   +3.788235e-002
+8.184666e+004	   +3.791147e-002
+8.203109e+004	   +3.747436e-002
+8.221594e+004	   +3.731539e-002
+8.240120e+004	   +3.911144e-002
+8.258688e+004	   +3.709583e-002
+8.277298e+004	   +3.782412e-002
+8.295949e+004	   +3.585758e-002
+8.314643e+004	   +3.780691e-002
+8.333379e+004	   +3.795015e-002
+8.352157e+004	   +3.732669e-002
+8.370977e+004	   +3.849947e-002
+8.389840e+004	   +3.821706e-002
+8.408745e+004	   +4.008342e-002
+8.427693e+004	   +3.996960e-002
+8.446684e+004	   +3.895963e-002
+8.465716e+004	   +3.790791e-002
+8.484793e+004	   +3.807270e-002
+8.503913e+004	   +3.918217e-002
+8.523074e+004	   +3.744477e-002
+8.542280e+004	   +3.941671e-002
+8.561529e+004	   +3.816276e-002
+8.580821e+004	   +3.859919e-002
+8.600156e+004	   +4.023948e-002
+8.619536e+004	   +3.873069e-002
+8.638959e+004	   +3.837934e-002
+8.658425e+004	   +3.885286e-002
+8.677936e+004	   +4.117850e-002
+8.697490e+004	   +3.931720e-002
+8.717088e+004	   +3.976677e-002
+8.736731e+004	   +3.934952e-002
+8.756418e+004	   +4.087939e-002
+8.776149e+004	   +4.092081e-002
+8.795925e+004	   +4.044678e-002
+8.815745e+004	   +4.038225e-002
+8.835610e+004	   +4.058189e-002
+8.855520e+004	   +4.104074e-002
+8.875475e+004	   +4.050547e-002
+8.895474e+004	   +4.206611e-002
+8.915519e+004	   +4.055318e-002
+8.935609e+004	   +4.161230e-002
+8.955744e+004	   +4.169464e-002
+8.975924e+004	   +4.060300e-002
+8.996150e+004	   +4.258689e-002
+9.016422e+004	   +3.982444e-002
+9.036739e+004	   +4.243030e-002
+9.057102e+004	   +4.305283e-002
+9.077511e+004	   +4.241955e-002
+9.097966e+004	   +4.139552e-002
+9.118466e+004	   +4.154936e-002
+9.139013e+004	   +4.253897e-002
+9.159607e+004	   +4.325864e-002
+9.180247e+004	   +4.209919e-002
+9.200933e+004	   +4.258614e-002
+9.221666e+004	   +4.324726e-002
+9.242445e+004	   +4.265033e-002
+9.263272e+004	   +4.311045e-002
+9.284145e+004	   +4.444356e-002
+9.305066e+004	   +4.409646e-002
+9.326034e+004	   +4.383265e-002
+9.347048e+004	   +4.422548e-002
+9.368110e+004	   +4.230087e-002
+9.389220e+004	   +4.428228e-002
+9.410377e+004	   +4.517445e-002
+9.431582e+004	   +4.328402e-002
+9.452835e+004	   +4.497813e-002
+9.474135e+004	   +4.672254e-002
+9.495484e+004	   +4.516394e-002
+9.516880e+004	   +4.398341e-002
+9.538326e+004	   +4.626292e-002
+9.559819e+004	   +4.375879e-002
+9.581360e+004	   +4.401846e-002
+9.602951e+004	   +4.833649e-002
+9.624589e+004	   +4.678774e-002
+9.646277e+004	   +4.607877e-002
+9.668013e+004	   +4.569876e-002
+9.689798e+004	   +4.621857e-002
+9.711634e+004	   +4.604169e-002
+9.733517e+004	   +4.564263e-002
+9.755450e+004	   +4.688087e-002
+9.777433e+004	   +4.588411e-002
+9.799465e+004	   +4.512747e-002
+9.821546e+004	   +4.592105e-002
+9.843677e+004	   +4.615492e-002
+9.865859e+004	   +4.425953e-002
+9.888090e+004	   +4.707096e-002
+9.910371e+004	   +4.764687e-002
+9.932703e+004	   +4.625826e-002
+9.955085e+004	   +4.790272e-002
+9.977517e+004	   +4.574263e-002
+1.000000e+005	   +4.547020e-002
