+1.000000e+003	   -2.847447e-001
+1.002253e+003	   -2.839630e-001
+1.004512e+003	   -2.847946e-001
+1.006775e+003	   -2.870578e-001
+1.009044e+003	   -2.860298e-001
+1.011318e+003	   -2.867427e-001
+1.013596e+003	   -2.846209e-001
+1.015880e+003	   -2.886680e-001
+1.018170e+003	   -2.889433e-001
+1.020464e+003	   -2.875658e-001
+1.022763e+003	   -2.915251e-001
+1.025068e+003	   -2.895249e-001
+1.027378e+003	   -2.895302e-001
+1.029693e+003	   -2.913643e-001
+1.032013e+003	   -2.905048e-001
+1.034339e+003	   -2.901630e-001
+1.036669e+003	   -2.942220e-001
+1.039005e+003	   -2.950329e-001
+1.041347e+003	   -2.948718e-001
+1.043693e+003	   -2.942756e-001
+1.046045e+003	   -2.953035e-001
+1.048402e+003	   -2.980564e-001
+1.050764e+003	   -2.943367e-001
+1.053132e+003	   -2.981427e-001
+1.055505e+003	   -2.979645e-001
+1.057884e+003	   -3.002617e-001
+1.060267e+003	   -2.989209e-001
+1.062657e+003	   -2.978432e-001
+1.065051e+003	   -2.995441e-001
+1.067451e+003	   -2.986941e-001
+1.069856e+003	   -3.002445e-001
+1.072267e+003	   -3.042034e-001
+1.074683e+003	   -3.043918e-001
+1.077105e+003	   -3.013667e-001
+1.079532e+003	   -3.039798e-001
+1.081965e+003	   -3.041954e-001
+1.084403e+003	   -3.024520e-001
+1.086846e+003	   -3.048311e-001
+1.089295e+003	   -3.060757e-001
+1.091750e+003	   -3.060154e-001
+1.094210e+003	   -3.070565e-001
+1.096676e+003	   -3.086443e-001
+1.099147e+003	   -3.083338e-001
+1.101624e+003	   -3.065203e-001
+1.104106e+003	   -3.081385e-001
+1.106594e+003	   -3.098472e-001
+1.109087e+003	   -3.104355e-001
+1.111587e+003	   -3.093310e-001
+1.114091e+003	   -3.108302e-001
+1.116602e+003	   -3.097294e-001
+1.119118e+003	   -3.113486e-001
+1.121640e+003	   -3.127485e-001
+1.124167e+003	   -3.123834e-001
+1.126700e+003	   -3.131053e-001
+1.129239e+003	   -3.133584e-001
+1.131784e+003	   -3.167262e-001
+1.134334e+003	   -3.136844e-001
+1.136890e+003	   -3.146447e-001
+1.139452e+003	   -3.140238e-001
+1.142020e+003	   -3.171852e-001
+1.144593e+003	   -3.184852e-001
+1.147172e+003	   -3.195137e-001
+1.149757e+003	   -3.205673e-001
+1.152348e+003	   -3.206404e-001
+1.154944e+003	   -3.198866e-001
+1.157547e+003	   -3.199461e-001
+1.160155e+003	   -3.205425e-001
+1.162770e+003	   -3.236552e-001
+1.165390e+003	   -3.226113e-001
+1.168016e+003	   -3.239452e-001
+1.170648e+003	   -3.237026e-001
+1.173286e+003	   -3.230738e-001
+1.175929e+003	   -3.246009e-001
+1.178579e+003	   -3.251958e-001
+1.181235e+003	   -3.275585e-001
+1.183897e+003	   -3.287590e-001
+1.186564e+003	   -3.282416e-001
+1.189238e+003	   -3.291818e-001
+1.191918e+003	   -3.291910e-001
+1.194604e+003	   -3.295663e-001
+1.197296e+003	   -3.302563e-001
+1.199994e+003	   -3.319772e-001
+1.202698e+003	   -3.322484e-001
+1.205408e+003	   -3.331359e-001
+1.208124e+003	   -3.335335e-001
+1.210846e+003	   -3.313431e-001
+1.213575e+003	   -3.358631e-001
+1.216309e+003	   -3.368839e-001
+1.219050e+003	   -3.345448e-001
+1.221797e+003	   -3.372265e-001
+1.224550e+003	   -3.385366e-001
+1.227309e+003	   -3.355483e-001
+1.230075e+003	   -3.382145e-001
+1.232847e+003	   -3.396802e-001
+1.235625e+003	   -3.398641e-001
+1.238409e+003	   -3.394558e-001
+1.241200e+003	   -3.397313e-001
+1.243996e+003	   -3.413264e-001
+1.246800e+003	   -3.408876e-001
+1.249609e+003	   -3.450800e-001
+1.252425e+003	   -3.453427e-001
+1.255247e+003	   -3.444991e-001
+1.258076e+003	   -3.447825e-001
+1.260911e+003	   -3.416904e-001
+1.263752e+003	   -3.445026e-001
+1.266599e+003	   -3.454778e-001
+1.269453e+003	   -3.445189e-001
+1.272314e+003	   -3.479030e-001
+1.275181e+003	   -3.481853e-001
+1.278054e+003	   -3.487560e-001
+1.280934e+003	   -3.483539e-001
+1.283821e+003	   -3.482386e-001
+1.286714e+003	   -3.516543e-001
+1.289613e+003	   -3.504011e-001
+1.292519e+003	   -3.514207e-001
+1.295432e+003	   -3.543632e-001
+1.298351e+003	   -3.549867e-001
+1.301276e+003	   -3.573555e-001
+1.304208e+003	   -3.558736e-001
+1.307147e+003	   -3.555807e-001
+1.310093e+003	   -3.536952e-001
+1.313045e+003	   -3.574990e-001
+1.316004e+003	   -3.586362e-001
+1.318969e+003	   -3.566661e-001
+1.321941e+003	   -3.611616e-001
+1.324920e+003	   -3.584988e-001
+1.327905e+003	   -3.591646e-001
+1.330898e+003	   -3.603083e-001
+1.333897e+003	   -3.645843e-001
+1.336902e+003	   -3.599810e-001
+1.339915e+003	   -3.651162e-001
+1.342934e+003	   -3.642200e-001
+1.345960e+003	   -3.634364e-001
+1.348993e+003	   -3.670346e-001
+1.352033e+003	   -3.656622e-001
+1.355080e+003	   -3.662313e-001
+1.358133e+003	   -3.673977e-001
+1.361193e+003	   -3.717127e-001
+1.364261e+003	   -3.700095e-001
+1.367335e+003	   -3.694820e-001
+1.370416e+003	   -3.701582e-001
+1.373504e+003	   -3.734072e-001
+1.376599e+003	   -3.702524e-001
+1.379701e+003	   -3.717344e-001
+1.382810e+003	   -3.699402e-001
+1.385926e+003	   -3.752468e-001
+1.389049e+003	   -3.738718e-001
+1.392179e+003	   -3.779002e-001
+1.395316e+003	   -3.737085e-001
+1.398460e+003	   -3.763728e-001
+1.401611e+003	   -3.783409e-001
+1.404770e+003	   -3.777938e-001
+1.407935e+003	   -3.803256e-001
+1.411108e+003	   -3.780377e-001
+1.414287e+003	   -3.828396e-001
+1.417474e+003	   -3.806936e-001
+1.420668e+003	   -3.822122e-001
+1.423870e+003	   -3.842027e-001
+1.427078e+003	   -3.836208e-001
+1.430294e+003	   -3.854327e-001
+1.433517e+003	   -3.874600e-001
+1.436747e+003	   -3.863012e-001
+1.439984e+003	   -3.885981e-001
+1.443229e+003	   -3.926163e-001
+1.446481e+003	   -3.869954e-001
+1.449741e+003	   -3.917087e-001
+1.453007e+003	   -3.896058e-001
+1.456282e+003	   -3.889387e-001
+1.459563e+003	   -3.912850e-001
+1.462852e+003	   -3.919246e-001
+1.466148e+003	   -3.933784e-001
+1.469452e+003	   -3.940394e-001
+1.472763e+003	   -3.923894e-001
+1.476082e+003	   -3.956965e-001
+1.479408e+003	   -4.000072e-001
+1.482742e+003	   -3.953858e-001
+1.486083e+003	   -3.986502e-001
+1.489432e+003	   -3.999904e-001
+1.492788e+003	   -3.978808e-001
+1.496151e+003	   -3.981866e-001
+1.499523e+003	   -3.997036e-001
+1.502902e+003	   -4.035845e-001
+1.506288e+003	   -4.014610e-001
+1.509682e+003	   -4.071087e-001
+1.513084e+003	   -4.067128e-001
+1.516494e+003	   -4.070434e-001
+1.519911e+003	   -4.059732e-001
+1.523336e+003	   -4.043259e-001
+1.526769e+003	   -4.090011e-001
+1.530209e+003	   -4.071720e-001
+1.533657e+003	   -4.084636e-001
+1.537113e+003	   -4.094779e-001
+1.540577e+003	   -4.100222e-001
+1.544048e+003	   -4.114667e-001
+1.547527e+003	   -4.148106e-001
+1.551014e+003	   -4.110825e-001
+1.554509e+003	   -4.158896e-001
+1.558012e+003	   -4.170002e-001
+1.561523e+003	   -4.136271e-001
+1.565042e+003	   -4.143355e-001
+1.568568e+003	   -4.162143e-001
+1.572103e+003	   -4.179890e-001
+1.575645e+003	   -4.193920e-001
+1.579196e+003	   -4.186413e-001
+1.582754e+003	   -4.210745e-001
+1.586321e+003	   -4.224257e-001
+1.589895e+003	   -4.207191e-001
+1.593478e+003	   -4.214228e-001
+1.597069e+003	   -4.217158e-001
+1.600667e+003	   -4.240044e-001
+1.604274e+003	   -4.271069e-001
+1.607889e+003	   -4.231687e-001
+1.611512e+003	   -4.282036e-001
+1.615144e+003	   -4.275919e-001
+1.618783e+003	   -4.288267e-001
+1.622431e+003	   -4.273108e-001
+1.626087e+003	   -4.302554e-001
+1.629751e+003	   -4.309894e-001
+1.633423e+003	   -4.316963e-001
+1.637104e+003	   -4.326632e-001
+1.640793e+003	   -4.341878e-001
+1.644490e+003	   -4.327579e-001
+1.648196e+003	   -4.335167e-001
+1.651910e+003	   -4.360434e-001
+1.655632e+003	   -4.385697e-001
+1.659363e+003	   -4.399919e-001
+1.663102e+003	   -4.411855e-001
+1.666849e+003	   -4.385039e-001
+1.670605e+003	   -4.396984e-001
+1.674370e+003	   -4.379435e-001
+1.678143e+003	   -4.428728e-001
+1.681924e+003	   -4.410506e-001
+1.685714e+003	   -4.501646e-001
+1.689513e+003	   -4.488503e-001
+1.693320e+003	   -4.444527e-001
+1.697135e+003	   -4.441520e-001
+1.700960e+003	   -4.500403e-001
+1.704793e+003	   -4.489427e-001
+1.708634e+003	   -4.494142e-001
+1.712484e+003	   -4.527819e-001
+1.716343e+003	   -4.526572e-001
+1.720211e+003	   -4.521886e-001
+1.724087e+003	   -4.486665e-001
+1.727972e+003	   -4.535030e-001
+1.731866e+003	   -4.521130e-001
+1.735768e+003	   -4.570927e-001
+1.739679e+003	   -4.563251e-001
+1.743599e+003	   -4.542568e-001
+1.747528e+003	   -4.597642e-001
+1.751466e+003	   -4.596116e-001
+1.755413e+003	   -4.624725e-001
+1.759368e+003	   -4.607235e-001
+1.763333e+003	   -4.601931e-001
+1.767306e+003	   -4.605001e-001
+1.771289e+003	   -4.634405e-001
+1.775280e+003	   -4.640974e-001
+1.779280e+003	   -4.663687e-001
+1.783290e+003	   -4.668731e-001
+1.787308e+003	   -4.675590e-001
+1.791335e+003	   -4.691462e-001
+1.795372e+003	   -4.718418e-001
+1.799418e+003	   -4.689543e-001
+1.803472e+003	   -4.724495e-001
+1.807536e+003	   -4.729196e-001
+1.811609e+003	   -4.698140e-001
+1.815691e+003	   -4.715234e-001
+1.819783e+003	   -4.721576e-001
+1.823883e+003	   -4.778968e-001
+1.827993e+003	   -4.759029e-001
+1.832112e+003	   -4.748544e-001
+1.836241e+003	   -4.805513e-001
+1.840378e+003	   -4.822664e-001
+1.844526e+003	   -4.801294e-001
+1.848682e+003	   -4.791313e-001
+1.852848e+003	   -4.845089e-001
+1.857023e+003	   -4.824745e-001
+1.861207e+003	   -4.885510e-001
+1.865401e+003	   -4.829893e-001
+1.869604e+003	   -4.835244e-001
+1.873817e+003	   -4.871563e-001
+1.878040e+003	   -4.854249e-001
+1.882272e+003	   -4.872473e-001
+1.886513e+003	   -4.857920e-001
+1.890764e+003	   -4.932116e-001
+1.895025e+003	   -4.920920e-001
+1.899295e+003	   -4.951603e-001
+1.903575e+003	   -4.895086e-001
+1.907864e+003	   -4.917742e-001
+1.912163e+003	   -4.930053e-001
+1.916472e+003	   -4.985100e-001
+1.920790e+003	   -4.950212e-001
+1.925119e+003	   -5.005237e-001
+1.929457e+003	   -4.995010e-001
+1.933804e+003	   -4.980028e-001
+1.938162e+003	   -5.022032e-001
+1.942529e+003	   -5.025864e-001
+1.946906e+003	   -5.057224e-001
+1.951293e+003	   -5.042473e-001
+1.955690e+003	   -5.078809e-001
+1.960097e+003	   -5.047872e-001
+1.964514e+003	   -5.106497e-001
+1.968941e+003	   -5.106449e-001
+1.973377e+003	   -5.127078e-001
+1.977824e+003	   -5.096120e-001
+1.982281e+003	   -5.112188e-001
+1.986748e+003	   -5.188512e-001
+1.991224e+003	   -5.158666e-001
+1.995711e+003	   -5.139880e-001
+2.000208e+003	   -5.172130e-001
+2.004716e+003	   -5.178159e-001
+2.009233e+003	   -5.179296e-001
+2.013760e+003	   -5.190333e-001
+2.018298e+003	   -5.203472e-001
+2.022846e+003	   -5.234119e-001
+2.027404e+003	   -5.248228e-001
+2.031973e+003	   -5.231122e-001
+2.036552e+003	   -5.244555e-001
+2.041141e+003	   -5.291958e-001
+2.045740e+003	   -5.301923e-001
+2.050350e+003	   -5.297184e-001
+2.054970e+003	   -5.328895e-001
+2.059601e+003	   -5.321802e-001
+2.064241e+003	   -5.317061e-001
+2.068893e+003	   -5.314933e-001
+2.073555e+003	   -5.329694e-001
+2.078227e+003	   -5.371702e-001
+2.082910e+003	   -5.371438e-001
+2.087604e+003	   -5.332533e-001
+2.092308e+003	   -5.394797e-001
+2.097023e+003	   -5.377104e-001
+2.101748e+003	   -5.385439e-001
+2.106484e+003	   -5.414024e-001
+2.111231e+003	   -5.417314e-001
+2.115988e+003	   -5.403547e-001
+2.120756e+003	   -5.421778e-001
+2.125535e+003	   -5.430630e-001
+2.130324e+003	   -5.460691e-001
+2.135125e+003	   -5.486991e-001
+2.139936e+003	   -5.471393e-001
+2.144758e+003	   -5.502314e-001
+2.149591e+003	   -5.525315e-001
+2.154435e+003	   -5.524077e-001
+2.159289e+003	   -5.505830e-001
+2.164155e+003	   -5.523376e-001
+2.169032e+003	   -5.547455e-001
+2.173919e+003	   -5.573720e-001
+2.178818e+003	   -5.590650e-001
+2.183728e+003	   -5.628832e-001
+2.188648e+003	   -5.564826e-001
+2.193580e+003	   -5.603129e-001
+2.198523e+003	   -5.639341e-001
+2.203477e+003	   -5.651774e-001
+2.208442e+003	   -5.642071e-001
+2.213418e+003	   -5.618538e-001
+2.218406e+003	   -5.663837e-001
+2.223405e+003	   -5.666687e-001
+2.228415e+003	   -5.696629e-001
+2.233437e+003	   -5.700463e-001
+2.238469e+003	   -5.736935e-001
+2.243513e+003	   -5.722805e-001
+2.248569e+003	   -5.768992e-001
+2.253635e+003	   -5.718815e-001
+2.258714e+003	   -5.796245e-001
+2.263803e+003	   -5.794833e-001
+2.268905e+003	   -5.763956e-001
+2.274017e+003	   -5.766730e-001
+2.279141e+003	   -5.734650e-001
+2.284277e+003	   -5.799577e-001
+2.289424e+003	   -5.839264e-001
+2.294583e+003	   -5.882058e-001
+2.299754e+003	   -5.801616e-001
+2.304936e+003	   -5.868661e-001
+2.310130e+003	   -5.884825e-001
+2.315335e+003	   -5.889234e-001
+2.320552e+003	   -5.869713e-001
+2.325781e+003	   -5.872548e-001
+2.331022e+003	   -5.907923e-001
+2.336275e+003	   -5.929247e-001
+2.341539e+003	   -5.961776e-001
+2.346816e+003	   -5.991520e-001
+2.352104e+003	   -5.957962e-001
+2.357404e+003	   -5.995687e-001
+2.362716e+003	   -5.994079e-001
+2.368040e+003	   -6.021560e-001
+2.373376e+003	   -6.017261e-001
+2.378724e+003	   -6.047741e-001
+2.384084e+003	   -6.029280e-001
+2.389457e+003	   -6.032250e-001
+2.394841e+003	   -6.105849e-001
+2.400237e+003	   -6.077338e-001
+2.405646e+003	   -6.089768e-001
+2.411066e+003	   -6.108411e-001
+2.416500e+003	   -6.122528e-001
+2.421945e+003	   -6.155944e-001
+2.427402e+003	   -6.159545e-001
+2.432872e+003	   -6.170547e-001
+2.438354e+003	   -6.195699e-001
+2.443849e+003	   -6.206172e-001
+2.449355e+003	   -6.194788e-001
+2.454875e+003	   -6.214476e-001
+2.460406e+003	   -6.200976e-001
+2.465950e+003	   -6.241654e-001
+2.471507e+003	   -6.274025e-001
+2.477076e+003	   -6.281865e-001
+2.482658e+003	   -6.269265e-001
+2.488252e+003	   -6.300184e-001
+2.493859e+003	   -6.296126e-001
+2.499479e+003	   -6.297327e-001
+2.505111e+003	   -6.306180e-001
+2.510756e+003	   -6.373469e-001
+2.516414e+003	   -6.313307e-001
+2.522084e+003	   -6.372120e-001
+2.527767e+003	   -6.415284e-001
+2.533463e+003	   -6.397969e-001
+2.539172e+003	   -6.416334e-001
+2.544893e+003	   -6.453358e-001
+2.550628e+003	   -6.445640e-001
+2.556375e+003	   -6.425418e-001
+2.562136e+003	   -6.446925e-001
+2.567909e+003	   -6.493206e-001
+2.573696e+003	   -6.505626e-001
+2.579495e+003	   -6.526065e-001
+2.585308e+003	   -6.548832e-001
+2.591133e+003	   -6.541166e-001
+2.596972e+003	   -6.552302e-001
+2.602824e+003	   -6.573962e-001
+2.608689e+003	   -6.554314e-001
+2.614567e+003	   -6.537330e-001
+2.620459e+003	   -6.571947e-001
+2.626364e+003	   -6.650144e-001
+2.632282e+003	   -6.606303e-001
+2.638213e+003	   -6.606558e-001
+2.644158e+003	   -6.620095e-001
+2.650116e+003	   -6.646288e-001
+2.656088e+003	   -6.691844e-001
+2.662073e+003	   -6.729522e-001
+2.668072e+003	   -6.663739e-001
+2.674083e+003	   -6.677756e-001
+2.680109e+003	   -6.746170e-001
+2.686148e+003	   -6.758502e-001
+2.692201e+003	   -6.715265e-001
+2.698268e+003	   -6.811821e-001
+2.704348e+003	   -6.759397e-001
+2.710442e+003	   -6.806476e-001
+2.716549e+003	   -6.800093e-001
+2.722671e+003	   -6.864184e-001
+2.728806e+003	   -6.823910e-001
+2.734955e+003	   -6.894409e-001
+2.741118e+003	   -6.869140e-001
+2.747294e+003	   -6.903349e-001
+2.753485e+003	   -6.916223e-001
+2.759689e+003	   -6.858880e-001
+2.765908e+003	   -6.959848e-001
+2.772141e+003	   -6.935890e-001
+2.778387e+003	   -6.995159e-001
+2.784648e+003	   -6.966771e-001
+2.790923e+003	   -6.976756e-001
+2.797212e+003	   -6.953298e-001
+2.803515e+003	   -7.000033e-001
+2.809832e+003	   -6.993091e-001
+2.816164e+003	   -6.995055e-001
+2.822509e+003	   -7.011189e-001
+2.828869e+003	   -7.061606e-001
+2.835244e+003	   -7.109494e-001
+2.841633e+003	   -7.076786e-001
+2.848036e+003	   -7.148377e-001
+2.854454e+003	   -7.076356e-001
+2.860885e+003	   -7.135570e-001
+2.867332e+003	   -7.175389e-001
+2.873793e+003	   -7.192892e-001
+2.880269e+003	   -7.177303e-001
+2.886759e+003	   -7.230603e-001
+2.893264e+003	   -7.203702e-001
+2.899784e+003	   -7.274405e-001
+2.906318e+003	   -7.260312e-001
+2.912867e+003	   -7.260527e-001
+2.919430e+003	   -7.301164e-001
+2.926009e+003	   -7.257020e-001
+2.932602e+003	   -7.341607e-001
+2.939210e+003	   -7.361085e-001
+2.945833e+003	   -7.319774e-001
+2.952472e+003	   -7.375169e-001
+2.959125e+003	   -7.332950e-001
+2.965792e+003	   -7.421830e-001
+2.972476e+003	   -7.468441e-001
+2.979174e+003	   -7.462853e-001
+2.985887e+003	   -7.454015e-001
+2.992615e+003	   -7.438720e-001
+2.999358e+003	   -7.483015e-001
+3.006117e+003	   -7.489568e-001
+3.012891e+003	   -7.523035e-001
+3.019680e+003	   -7.511538e-001
+3.026484e+003	   -7.509618e-001
+3.033304e+003	   -7.540666e-001
+3.040139e+003	   -7.593343e-001
+3.046990e+003	   -7.616685e-001
+3.053855e+003	   -7.538593e-001
+3.060737e+003	   -7.614416e-001
+3.067634e+003	   -7.707818e-001
+3.074546e+003	   -7.619567e-001
+3.081474e+003	   -7.647253e-001
+3.088418e+003	   -7.654578e-001
+3.095377e+003	   -7.639981e-001
+3.102352e+003	   -7.706192e-001
+3.109343e+003	   -7.775701e-001
+3.116349e+003	   -7.744250e-001
+3.123372e+003	   -7.748835e-001
+3.130410e+003	   -7.744370e-001
+3.137464e+003	   -7.766029e-001
+3.144533e+003	   -7.829559e-001
+3.151619e+003	   -7.812875e-001
+3.158721e+003	   -7.846817e-001
+3.165839e+003	   -7.780111e-001
+3.172972e+003	   -7.867454e-001
+3.180122e+003	   -7.883108e-001
+3.187288e+003	   -7.889226e-001
+3.194470e+003	   -7.950442e-001
+3.201668e+003	   -7.920918e-001
+3.208883e+003	   -7.975954e-001
+3.216114e+003	   -7.959220e-001
+3.223361e+003	   -7.970377e-001
+3.230624e+003	   -7.966316e-001
+3.237904e+003	   -8.055965e-001
+3.245200e+003	   -8.060156e-001
+3.252512e+003	   -8.034274e-001
+3.259842e+003	   -8.015919e-001
+3.267187e+003	   -8.058423e-001
+3.274549e+003	   -8.110108e-001
+3.281928e+003	   -8.178061e-001
+3.289323e+003	   -8.164967e-001
+3.296735e+003	   -8.134556e-001
+3.304164e+003	   -8.202873e-001
+3.311609e+003	   -8.099205e-001
+3.319072e+003	   -8.247274e-001
+3.326551e+003	   -8.278335e-001
+3.334046e+003	   -8.250998e-001
+3.341559e+003	   -8.301544e-001
+3.349089e+003	   -8.231186e-001
+3.356636e+003	   -8.299960e-001
+3.364199e+003	   -8.291570e-001
+3.371780e+003	   -8.326950e-001
+3.379378e+003	   -8.345651e-001
+3.386993e+003	   -8.388990e-001
+3.394625e+003	   -8.430263e-001
+3.402274e+003	   -8.355385e-001
+3.409941e+003	   -8.422697e-001
+3.417625e+003	   -8.440664e-001
+3.425326e+003	   -8.444821e-001
+3.433044e+003	   -8.539255e-001
+3.440780e+003	   -8.513283e-001
+3.448533e+003	   -8.530533e-001
+3.456304e+003	   -8.493432e-001
+3.464092e+003	   -8.515148e-001
+3.471898e+003	   -8.555716e-001
+3.479721e+003	   -8.553355e-001
+3.487563e+003	   -8.625165e-001
+3.495421e+003	   -8.610684e-001
+3.503298e+003	   -8.648262e-001
+3.511192e+003	   -8.569306e-001
+3.519104e+003	   -8.697032e-001
+3.527033e+003	   -8.682325e-001
+3.534981e+003	   -8.690579e-001
+3.542947e+003	   -8.767130e-001
+3.550930e+003	   -8.699406e-001
+3.558932e+003	   -8.727840e-001
+3.566951e+003	   -8.829021e-001
+3.574989e+003	   -8.832279e-001
+3.583044e+003	   -8.802645e-001
+3.591118e+003	   -8.857232e-001
+3.599210e+003	   -8.888783e-001
+3.607321e+003	   -8.884366e-001
+3.615449e+003	   -8.907490e-001
+3.623596e+003	   -8.918145e-001
+3.631761e+003	   -8.920659e-001
+3.639945e+003	   -8.917288e-001
+3.648147e+003	   -8.968803e-001
+3.656368e+003	   -8.937399e-001
+3.664607e+003	   -8.988945e-001
+3.672864e+003	   -9.075207e-001
+3.681141e+003	   -9.059818e-001
+3.689436e+003	   -9.071466e-001
+3.697749e+003	   -8.999162e-001
+3.706081e+003	   -9.088118e-001
+3.714433e+003	   -9.093542e-001
+3.722802e+003	   -9.117501e-001
+3.731191e+003	   -9.219624e-001
+3.739599e+003	   -9.278042e-001
+3.748026e+003	   -9.228838e-001
+3.756471e+003	   -9.210514e-001
+3.764936e+003	   -9.210924e-001
+3.773419e+003	   -9.290254e-001
+3.781922e+003	   -9.283776e-001
+3.790444e+003	   -9.315665e-001
+3.798986e+003	   -9.308550e-001
+3.807546e+003	   -9.380167e-001
+3.816126e+003	   -9.330527e-001
+3.824725e+003	   -9.382118e-001
+3.833343e+003	   -9.367787e-001
+3.841981e+003	   -9.418833e-001
+3.850638e+003	   -9.481992e-001
+3.859315e+003	   -9.434783e-001
+3.868012e+003	   -9.438452e-001
+3.876728e+003	   -9.496267e-001
+3.885463e+003	   -9.550834e-001
+3.894219e+003	   -9.554675e-001
+3.902994e+003	   -9.547485e-001
+3.911789e+003	   -9.622759e-001
+3.920603e+003	   -9.523041e-001
+3.929438e+003	   -9.582652e-001
+3.938292e+003	   -9.697440e-001
+3.947167e+003	   -9.583981e-001
+3.956061e+003	   -9.650385e-001
+3.964975e+003	   -9.708409e-001
+3.973910e+003	   -9.725537e-001
+3.982864e+003	   -9.715621e-001
+3.991839e+003	   -9.793335e-001
+4.000834e+003	   -9.823809e-001
+4.009849e+003	   -9.778605e-001
+4.018885e+003	   -9.849323e-001
+4.027941e+003	   -9.838922e-001
+4.037017e+003	   -9.871266e-001
+4.046114e+003	   -9.911369e-001
+4.055231e+003	   -9.831045e-001
+4.064369e+003	   -9.949797e-001
+4.073528e+003	   -1.000002e+000
+4.082707e+003	   -9.926155e-001
+4.091906e+003	   -1.000744e+000
+4.101127e+003	   -1.004246e+000
+4.110368e+003	   -1.006773e+000
+4.119630e+003	   -1.013925e+000
+4.128914e+003	   -1.007345e+000
+4.138217e+003	   -1.016480e+000
+4.147542e+003	   -1.013218e+000
+4.156888e+003	   -1.011541e+000
+4.166255e+003	   -1.016953e+000
+4.175643e+003	   -1.016694e+000
+4.185052e+003	   -1.030159e+000
+4.194482e+003	   -1.031539e+000
+4.203934e+003	   -1.030604e+000
+4.213407e+003	   -1.031016e+000
+4.222901e+003	   -1.032902e+000
+4.232417e+003	   -1.025749e+000
+4.241954e+003	   -1.041982e+000
+4.251513e+003	   -1.043053e+000
+4.261093e+003	   -1.038870e+000
+4.270695e+003	   -1.049556e+000
+4.280318e+003	   -1.036237e+000
+4.289963e+003	   -1.045087e+000
+4.299630e+003	   -1.048657e+000
+4.309318e+003	   -1.045191e+000
+4.319029e+003	   -1.053080e+000
+4.328761e+003	   -1.047117e+000
+4.338516e+003	   -1.045170e+000
+4.348292e+003	   -1.055745e+000
+4.358090e+003	   -1.064544e+000
+4.367910e+003	   -1.065732e+000
+4.377752e+003	   -1.057356e+000
+4.387617e+003	   -1.069749e+000
+4.397504e+003	   -1.075616e+000
+4.407413e+003	   -1.081445e+000
+4.417345e+003	   -1.074706e+000
+4.427298e+003	   -1.082592e+000
+4.437275e+003	   -1.072789e+000
+4.447273e+003	   -1.083951e+000
+4.457295e+003	   -1.085836e+000
+4.467339e+003	   -1.085474e+000
+4.477405e+003	   -1.094253e+000
+4.487494e+003	   -1.092919e+000
+4.497606e+003	   -1.089924e+000
+4.507741e+003	   -1.096966e+000
+4.517898e+003	   -1.089831e+000
+4.528079e+003	   -1.101206e+000
+4.538282e+003	   -1.099832e+000
+4.548508e+003	   -1.100097e+000
+4.558758e+003	   -1.106545e+000
+4.569030e+003	   -1.111917e+000
+4.579326e+003	   -1.118592e+000
+4.589645e+003	   -1.113052e+000
+4.599987e+003	   -1.108638e+000
+4.610353e+003	   -1.123507e+000
+4.620741e+003	   -1.127222e+000
+4.631153e+003	   -1.129971e+000
+4.641589e+003	   -1.137529e+000
+4.652048e+003	   -1.127931e+000
+4.662531e+003	   -1.133869e+000
+4.673037e+003	   -1.126592e+000
+4.683567e+003	   -1.139622e+000
+4.694121e+003	   -1.139090e+000
+4.704698e+003	   -1.138306e+000
+4.715299e+003	   -1.144813e+000
+4.725925e+003	   -1.145288e+000
+4.736574e+003	   -1.147457e+000
+4.747247e+003	   -1.151098e+000
+4.757944e+003	   -1.153292e+000
+4.768666e+003	   -1.156149e+000
+4.779411e+003	   -1.159043e+000
+4.790181e+003	   -1.163483e+000
+4.800975e+003	   -1.169322e+000
+4.811793e+003	   -1.165942e+000
+4.822636e+003	   -1.158156e+000
+4.833503e+003	   -1.172139e+000
+4.844395e+003	   -1.169970e+000
+4.855311e+003	   -1.167924e+000
+4.866251e+003	   -1.177442e+000
+4.877217e+003	   -1.183182e+000
+4.888207e+003	   -1.185444e+000
+4.899222e+003	   -1.186771e+000
+4.910261e+003	   -1.195808e+000
+4.921326e+003	   -1.197584e+000
+4.932415e+003	   -1.195363e+000
+4.943530e+003	   -1.196564e+000
+4.954669e+003	   -1.202723e+000
+4.965834e+003	   -1.206402e+000
+4.977023e+003	   -1.196680e+000
+4.988239e+003	   -1.214633e+000
+4.999479e+003	   -1.215465e+000
+5.010744e+003	   -1.223836e+000
+5.022035e+003	   -1.216274e+000
+5.033352e+003	   -1.217783e+000
+5.044694e+003	   -1.223889e+000
+5.056061e+003	   -1.224310e+000
+5.067454e+003	   -1.233600e+000
+5.078873e+003	   -1.232406e+000
+5.090317e+003	   -1.227440e+000
+5.101788e+003	   -1.234965e+000
+5.113284e+003	   -1.232785e+000
+5.124806e+003	   -1.230285e+000
+5.136354e+003	   -1.242550e+000
+5.147928e+003	   -1.249043e+000
+5.159528e+003	   -1.252761e+000
+5.171154e+003	   -1.250142e+000
+5.182807e+003	   -1.254736e+000
+5.194485e+003	   -1.260386e+000
+5.206190e+003	   -1.252239e+000
+5.217922e+003	   -1.261887e+000
+5.229680e+003	   -1.269486e+000
+5.241464e+003	   -1.263935e+000
+5.253274e+003	   -1.258888e+000
+5.265112e+003	   -1.269352e+000
+5.276976e+003	   -1.275325e+000
+5.288867e+003	   -1.267383e+000
+5.300785e+003	   -1.285418e+000
+5.312729e+003	   -1.277730e+000
+5.324701e+003	   -1.279006e+000
+5.336699e+003	   -1.277378e+000
+5.348725e+003	   -1.295128e+000
+5.360777e+003	   -1.298776e+000
+5.372857e+003	   -1.288809e+000
+5.384964e+003	   -1.303503e+000
+5.397098e+003	   -1.296158e+000
+5.409260e+003	   -1.309779e+000
+5.421449e+003	   -1.310299e+000
+5.433665e+003	   -1.308725e+000
+5.445909e+003	   -1.306293e+000
+5.458181e+003	   -1.317572e+000
+5.470480e+003	   -1.313528e+000
+5.482807e+003	   -1.331559e+000
+5.495161e+003	   -1.323854e+000
+5.507544e+003	   -1.325969e+000
+5.519954e+003	   -1.339509e+000
+5.532393e+003	   -1.338169e+000
+5.544859e+003	   -1.334173e+000
+5.557354e+003	   -1.337413e+000
+5.569876e+003	   -1.338091e+000
+5.582427e+003	   -1.346380e+000
+5.595006e+003	   -1.350026e+000
+5.607614e+003	   -1.355269e+000
+5.620250e+003	   -1.355906e+000
+5.632914e+003	   -1.358547e+000
+5.645607e+003	   -1.361201e+000
+5.658329e+003	   -1.359746e+000
+5.671079e+003	   -1.361452e+000
+5.683858e+003	   -1.359767e+000
+5.696666e+003	   -1.366111e+000
+5.709502e+003	   -1.379052e+000
+5.722368e+003	   -1.375897e+000
+5.735262e+003	   -1.374303e+000
+5.748186e+003	   -1.384454e+000
+5.761138e+003	   -1.379985e+000
+5.774120e+003	   -1.388169e+000
+5.787131e+003	   -1.392567e+000
+5.800172e+003	   -1.390653e+000
+5.813242e+003	   -1.399457e+000
+5.826341e+003	   -1.397256e+000
+5.839470e+003	   -1.406332e+000
+5.852628e+003	   -1.404895e+000
+5.865816e+003	   -1.415364e+000
+5.879034e+003	   -1.401031e+000
+5.892281e+003	   -1.413014e+000
+5.905559e+003	   -1.411527e+000
+5.918866e+003	   -1.421521e+000
+5.932204e+003	   -1.427266e+000
+5.945571e+003	   -1.424388e+000
+5.958968e+003	   -1.440849e+000
+5.972396e+003	   -1.443109e+000
+5.985854e+003	   -1.436513e+000
+5.999342e+003	   -1.439946e+000
+6.012860e+003	   -1.445357e+000
+6.026410e+003	   -1.447401e+000
+6.039989e+003	   -1.445380e+000
+6.053600e+003	   -1.456780e+000
+6.067240e+003	   -1.448354e+000
+6.080912e+003	   -1.453649e+000
+6.094614e+003	   -1.464730e+000
+6.108348e+003	   -1.468971e+000
+6.122112e+003	   -1.472190e+000
+6.135907e+003	   -1.462633e+000
+6.149733e+003	   -1.475454e+000
+6.163591e+003	   -1.482171e+000
+6.177480e+003	   -1.481249e+000
+6.191400e+003	   -1.496358e+000
+6.205351e+003	   -1.492803e+000
+6.219334e+003	   -1.493245e+000
+6.233349e+003	   -1.498875e+000
+6.247395e+003	   -1.501726e+000
+6.261472e+003	   -1.509492e+000
+6.275581e+003	   -1.506947e+000
+6.289722e+003	   -1.510463e+000
+6.303896e+003	   -1.509362e+000
+6.318100e+003	   -1.523596e+000
+6.332337e+003	   -1.517254e+000
+6.346606e+003	   -1.510607e+000
+6.360907e+003	   -1.531972e+000
+6.375241e+003	   -1.532155e+000
+6.389606e+003	   -1.542816e+000
+6.404004e+003	   -1.531430e+000
+6.418435e+003	   -1.534526e+000
+6.432898e+003	   -1.541666e+000
+6.447393e+003	   -1.549848e+000
+6.461921e+003	   -1.545437e+000
+6.476482e+003	   -1.553169e+000
+6.491076e+003	   -1.556681e+000
+6.505703e+003	   -1.560228e+000
+6.520363e+003	   -1.565018e+000
+6.535055e+003	   -1.576452e+000
+6.549781e+003	   -1.580942e+000
+6.564540e+003	   -1.570000e+000
+6.579332e+003	   -1.579800e+000
+6.594158e+003	   -1.574905e+000
+6.609017e+003	   -1.578547e+000
+6.623909e+003	   -1.583614e+000
+6.638835e+003	   -1.591944e+000
+6.653795e+003	   -1.588410e+000
+6.668788e+003	   -1.598944e+000
+6.683815e+003	   -1.598935e+000
+6.698876e+003	   -1.600512e+000
+6.713971e+003	   -1.608244e+000
+6.729100e+003	   -1.608481e+000
+6.744263e+003	   -1.614140e+000
+6.759460e+003	   -1.621973e+000
+6.774692e+003	   -1.631458e+000
+6.789958e+003	   -1.629227e+000
+6.805258e+003	   -1.631452e+000
+6.820592e+003	   -1.632718e+000
+6.835961e+003	   -1.638401e+000
+6.851365e+003	   -1.629321e+000
+6.866804e+003	   -1.644661e+000
+6.882277e+003	   -1.645030e+000
+6.897785e+003	   -1.644466e+000
+6.913329e+003	   -1.668844e+000
+6.928907e+003	   -1.660821e+000
+6.944520e+003	   -1.657858e+000
+6.960168e+003	   -1.669507e+000
+6.975852e+003	   -1.668080e+000
+6.991571e+003	   -1.674487e+000
+7.007326e+003	   -1.670722e+000
+7.023116e+003	   -1.683792e+000
+7.038941e+003	   -1.671049e+000
+7.054802e+003	   -1.693646e+000
+7.070699e+003	   -1.688721e+000
+7.086632e+003	   -1.694501e+000
+7.102601e+003	   -1.690511e+000
+7.118605e+003	   -1.689141e+000
+7.134646e+003	   -1.708232e+000
+7.150723e+003	   -1.700868e+000
+7.166836e+003	   -1.712810e+000
+7.182985e+003	   -1.725910e+000
+7.199171e+003	   -1.728514e+000
+7.215394e+003	   -1.725329e+000
+7.231652e+003	   -1.726211e+000
+7.247948e+003	   -1.729998e+000
+7.264280e+003	   -1.726572e+000
+7.280649e+003	   -1.747233e+000
+7.297055e+003	   -1.741984e+000
+7.313498e+003	   -1.752995e+000
+7.329978e+003	   -1.742818e+000
+7.346495e+003	   -1.749292e+000
+7.363049e+003	   -1.770566e+000
+7.379640e+003	   -1.769662e+000
+7.396269e+003	   -1.767185e+000
+7.412936e+003	   -1.767292e+000
+7.429640e+003	   -1.779750e+000
+7.446381e+003	   -1.780128e+000
+7.463161e+003	   -1.775267e+000
+7.479978e+003	   -1.796973e+000
+7.496833e+003	   -1.795274e+000
+7.513726e+003	   -1.797293e+000
+7.530657e+003	   -1.795222e+000
+7.547626e+003	   -1.799195e+000
+7.564633e+003	   -1.799858e+000
+7.581679e+003	   -1.800851e+000
+7.598763e+003	   -1.817341e+000
+7.615886e+003	   -1.817372e+000
+7.633047e+003	   -1.825951e+000
+7.650247e+003	   -1.824899e+000
+7.667486e+003	   -1.828750e+000
+7.684763e+003	   -1.830895e+000
+7.702080e+003	   -1.835819e+000
+7.719436e+003	   -1.843696e+000
+7.736830e+003	   -1.854212e+000
+7.754264e+003	   -1.847476e+000
+7.771737e+003	   -1.866138e+000
+7.789249e+003	   -1.861358e+000
+7.806801e+003	   -1.863283e+000
+7.824393e+003	   -1.873348e+000
+7.842024e+003	   -1.873155e+000
+7.859694e+003	   -1.869014e+000
+7.877405e+003	   -1.885973e+000
+7.895156e+003	   -1.885300e+000
+7.912946e+003	   -1.882303e+000
+7.930777e+003	   -1.907058e+000
+7.948648e+003	   -1.905216e+000
+7.966559e+003	   -1.895570e+000
+7.984510e+003	   -1.904811e+000
+8.002502e+003	   -1.910029e+000
+8.020535e+003	   -1.919746e+000
+8.038608e+003	   -1.915372e+000
+8.056722e+003	   -1.919300e+000
+8.074876e+003	   -1.919649e+000
+8.093072e+003	   -1.931852e+000
+8.111308e+003	   -1.923631e+000
+8.129586e+003	   -1.944251e+000
+8.147905e+003	   -1.943470e+000
+8.166265e+003	   -1.956842e+000
+8.184667e+003	   -1.954251e+000
+8.203109e+003	   -1.953476e+000
+8.221594e+003	   -1.955446e+000
+8.240120e+003	   -1.965445e+000
+8.258688e+003	   -1.965291e+000
+8.277298e+003	   -1.968527e+000
+8.295949e+003	   -1.981783e+000
+8.314643e+003	   -1.982239e+000
+8.333379e+003	   -1.992050e+000
+8.352156e+003	   -1.992840e+000
+8.370977e+003	   -2.007861e+000
+8.389840e+003	   -1.992671e+000
+8.408745e+003	   -2.001310e+000
+8.427692e+003	   -2.005822e+000
+8.446684e+003	   -2.014933e+000
+8.465717e+003	   -2.017672e+000
+8.484793e+003	   -2.026421e+000
+8.503912e+003	   -2.031939e+000
+8.523074e+003	   -2.028548e+000
+8.542280e+003	   -2.018696e+000
+8.561528e+003	   -2.045869e+000
+8.580821e+003	   -2.053192e+000
+8.600156e+003	   -2.052587e+000
+8.619536e+003	   -2.048376e+000
+8.638959e+003	   -2.058794e+000
+8.658425e+003	   -2.052422e+000
+8.677936e+003	   -2.065636e+000
+8.697490e+003	   -2.060523e+000
+8.717089e+003	   -2.064515e+000
+8.736731e+003	   -2.078797e+000
+8.756418e+003	   -2.082677e+000
+8.776149e+003	   -2.085547e+000
+8.795925e+003	   -2.093154e+000
+8.815745e+003	   -2.087375e+000
+8.835610e+003	   -2.087833e+000
+8.855521e+003	   -2.113036e+000
+8.875475e+003	   -2.114168e+000
+8.895475e+003	   -2.124298e+000
+8.915519e+003	   -2.122367e+000
+8.935608e+003	   -2.120435e+000
+8.955744e+003	   -2.129183e+000
+8.975924e+003	   -2.127632e+000
+8.996150e+003	   -2.139444e+000
+9.016422e+003	   -2.149789e+000
+9.036739e+003	   -2.143133e+000
+9.057102e+003	   -2.165491e+000
+9.077511e+003	   -2.169284e+000
+9.097966e+003	   -2.163605e+000
+9.118467e+003	   -2.168874e+000
+9.139014e+003	   -2.181036e+000
+9.159606e+003	   -2.168899e+000
+9.180247e+003	   -2.184039e+000
+9.200933e+003	   -2.197129e+000
+9.221666e+003	   -2.189888e+000
+9.242445e+003	   -2.195852e+000
+9.263272e+003	   -2.205070e+000
+9.284146e+003	   -2.218983e+000
+9.305065e+003	   -2.206645e+000
+9.326033e+003	   -2.220541e+000
+9.347048e+003	   -2.213336e+000
+9.368110e+003	   -2.216498e+000
+9.389220e+003	   -2.229458e+000
+9.410377e+003	   -2.235878e+000
+9.431582e+003	   -2.243900e+000
+9.452835e+003	   -2.249625e+000
+9.474136e+003	   -2.251888e+000
+9.495484e+003	   -2.262299e+000
+9.516881e+003	   -2.263123e+000
+9.538325e+003	   -2.265244e+000
+9.559818e+003	   -2.265954e+000
+9.581360e+003	   -2.277532e+000
+9.602950e+003	   -2.287313e+000
+9.624590e+003	   -2.288878e+000
+9.646277e+003	   -2.283477e+000
+9.668014e+003	   -2.299936e+000
+9.689799e+003	   -2.301634e+000
+9.711634e+003	   -2.305281e+000
+9.733517e+003	   -2.310884e+000
+9.755450e+003	   -2.317040e+000
+9.777433e+003	   -2.330399e+000
+9.799465e+003	   -2.329892e+000
+9.821546e+003	   -2.342436e+000
+9.843678e+003	   -2.328204e+000
+9.865858e+003	   -2.332755e+000
+9.888090e+003	   -2.341780e+000
+9.910371e+003	   -2.347708e+000
+9.932703e+003	   -2.366196e+000
+9.955085e+003	   -2.358421e+000
+9.977518e+003	   -2.370126e+000
+1.000000e+004	   -2.374145e+000
+1.002253e+004	   -2.375340e+000
+1.004512e+004	   -2.385769e+000
+1.006775e+004	   -2.386373e+000
+1.009044e+004	   -2.395437e+000
+1.011318e+004	   -2.387229e+000
+1.013596e+004	   -2.412272e+000
+1.015880e+004	   -2.401820e+000
+1.018170e+004	   -2.417392e+000
+1.020464e+004	   -2.409785e+000
+1.022763e+004	   -2.411212e+000
+1.025068e+004	   -2.425457e+000
+1.027378e+004	   -2.443018e+000
+1.029693e+004	   -2.437285e+000
+1.032013e+004	   -2.443851e+000
+1.034339e+004	   -2.448271e+000
+1.036669e+004	   -2.457168e+000
+1.039005e+004	   -2.464578e+000
+1.041347e+004	   -2.463361e+000
+1.043693e+004	   -2.481607e+000
+1.046045e+004	   -2.484445e+000
+1.048402e+004	   -2.487922e+000
+1.050764e+004	   -2.493266e+000
+1.053132e+004	   -2.483455e+000
+1.055505e+004	   -2.491663e+000
+1.057884e+004	   -2.500871e+000
+1.060267e+004	   -2.505332e+000
+1.062657e+004	   -2.521727e+000
+1.065051e+004	   -2.536066e+000
+1.067451e+004	   -2.532284e+000
+1.069856e+004	   -2.541102e+000
+1.072267e+004	   -2.542770e+000
+1.074683e+004	   -2.547147e+000
+1.077105e+004	   -2.540326e+000
+1.079532e+004	   -2.555907e+000
+1.081965e+004	   -2.556611e+000
+1.084403e+004	   -2.570904e+000
+1.086846e+004	   -2.572327e+000
+1.089295e+004	   -2.579576e+000
+1.091750e+004	   -2.588581e+000
+1.094210e+004	   -2.591999e+000
+1.096676e+004	   -2.600469e+000
+1.099147e+004	   -2.596284e+000
+1.101624e+004	   -2.598950e+000
+1.104106e+004	   -2.618278e+000
+1.106594e+004	   -2.623620e+000
+1.109087e+004	   -2.633169e+000
+1.111587e+004	   -2.635340e+000
+1.114091e+004	   -2.641696e+000
+1.116602e+004	   -2.648358e+000
+1.119118e+004	   -2.659847e+000
+1.121640e+004	   -2.654020e+000
+1.124167e+004	   -2.664792e+000
+1.126700e+004	   -2.659447e+000
+1.129239e+004	   -2.672981e+000
+1.131784e+004	   -2.678362e+000
+1.134334e+004	   -2.699544e+000
+1.136890e+004	   -2.695736e+000
+1.139452e+004	   -2.696295e+000
+1.142019e+004	   -2.704950e+000
+1.144593e+004	   -2.715730e+000
+1.147172e+004	   -2.723748e+000
+1.149757e+004	   -2.716918e+000
+1.152348e+004	   -2.738438e+000
+1.154944e+004	   -2.722937e+000
+1.157547e+004	   -2.743162e+000
+1.160155e+004	   -2.746512e+000
+1.162770e+004	   -2.751745e+000
+1.165390e+004	   -2.759202e+000
+1.168016e+004	   -2.761812e+000
+1.170648e+004	   -2.771743e+000
+1.173286e+004	   -2.778627e+000
+1.175929e+004	   -2.792098e+000
+1.178579e+004	   -2.787478e+000
+1.181235e+004	   -2.809978e+000
+1.183897e+004	   -2.805685e+000
+1.186564e+004	   -2.806606e+000
+1.189238e+004	   -2.808953e+000
+1.191918e+004	   -2.815948e+000
+1.194604e+004	   -2.827151e+000
+1.197296e+004	   -2.835249e+000
+1.199993e+004	   -2.841974e+000
+1.202697e+004	   -2.850301e+000
+1.205408e+004	   -2.853051e+000
+1.208124e+004	   -2.855884e+000
+1.210846e+004	   -2.863083e+000
+1.213575e+004	   -2.870539e+000
+1.216309e+004	   -2.878034e+000
+1.219050e+004	   -2.873933e+000
+1.221797e+004	   -2.879280e+000
+1.224550e+004	   -2.899456e+000
+1.227309e+004	   -2.905440e+000
+1.230075e+004	   -2.903435e+000
+1.232847e+004	   -2.923990e+000
+1.235625e+004	   -2.924509e+000
+1.238409e+004	   -2.935357e+000
+1.241200e+004	   -2.937668e+000
+1.243996e+004	   -2.945895e+000
+1.246800e+004	   -2.934258e+000
+1.249609e+004	   -2.950627e+000
+1.252425e+004	   -2.955746e+000
+1.255247e+004	   -2.963160e+000
+1.258076e+004	   -2.974467e+000
+1.260911e+004	   -2.977472e+000
+1.263752e+004	   -2.985837e+000
+1.266599e+004	   -2.986893e+000
+1.269454e+004	   -3.005791e+000
+1.272314e+004	   -3.003481e+000
+1.275181e+004	   -3.010516e+000
+1.278054e+004	   -3.024037e+000
+1.280934e+004	   -3.022410e+000
+1.283821e+004	   -3.036638e+000
+1.286714e+004	   -3.035831e+000
+1.289613e+004	   -3.054640e+000
+1.292519e+004	   -3.048468e+000
+1.295432e+004	   -3.059746e+000
+1.298351e+004	   -3.060143e+000
+1.301276e+004	   -3.074752e+000
+1.304208e+004	   -3.082723e+000
+1.307147e+004	   -3.085962e+000
+1.310093e+004	   -3.096459e+000
+1.313045e+004	   -3.101734e+000
+1.316004e+004	   -3.118216e+000
+1.318969e+004	   -3.104929e+000
+1.321941e+004	   -3.132162e+000
+1.324920e+004	   -3.142969e+000
+1.327905e+004	   -3.130064e+000
+1.330898e+004	   -3.156952e+000
+1.333897e+004	   -3.155384e+000
+1.336902e+004	   -3.161366e+000
+1.339915e+004	   -3.166749e+000
+1.342934e+004	   -3.163731e+000
+1.345960e+004	   -3.187948e+000
+1.348993e+004	   -3.182659e+000
+1.352033e+004	   -3.188316e+000
+1.355080e+004	   -3.197169e+000
+1.358133e+004	   -3.207154e+000
+1.361193e+004	   -3.221789e+000
+1.364261e+004	   -3.220416e+000
+1.367335e+004	   -3.225560e+000
+1.370416e+004	   -3.228141e+000
+1.373504e+004	   -3.244542e+000
+1.376599e+004	   -3.246569e+000
+1.379701e+004	   -3.273541e+000
+1.382810e+004	   -3.273906e+000
+1.385926e+004	   -3.269077e+000
+1.389049e+004	   -3.280735e+000
+1.392179e+004	   -3.289917e+000
+1.395316e+004	   -3.293378e+000
+1.398460e+004	   -3.306143e+000
+1.401611e+004	   -3.310763e+000
+1.404770e+004	   -3.317783e+000
+1.407935e+004	   -3.315460e+000
+1.411108e+004	   -3.331485e+000
+1.414287e+004	   -3.332862e+000
+1.417474e+004	   -3.348037e+000
+1.420668e+004	   -3.362243e+000
+1.423870e+004	   -3.354651e+000
+1.427078e+004	   -3.368433e+000
+1.430294e+004	   -3.376493e+000
+1.433517e+004	   -3.381599e+000
+1.436747e+004	   -3.394084e+000
+1.439984e+004	   -3.404308e+000
+1.443229e+004	   -3.396219e+000
+1.446481e+004	   -3.415383e+000
+1.449741e+004	   -3.430979e+000
+1.453007e+004	   -3.419940e+000
+1.456282e+004	   -3.435922e+000
+1.459563e+004	   -3.439984e+000
+1.462852e+004	   -3.451617e+000
+1.466148e+004	   -3.452915e+000
+1.469452e+004	   -3.476401e+000
+1.472763e+004	   -3.467741e+000
+1.476082e+004	   -3.483044e+000
+1.479408e+004	   -3.492171e+000
+1.482742e+004	   -3.505536e+000
+1.486083e+004	   -3.504498e+000
+1.489431e+004	   -3.516619e+000
+1.492788e+004	   -3.519757e+000
+1.496151e+004	   -3.528751e+000
+1.499523e+004	   -3.538463e+000
+1.502902e+004	   -3.555244e+000
+1.506288e+004	   -3.551102e+000
+1.509683e+004	   -3.561924e+000
+1.513084e+004	   -3.570823e+000
+1.516494e+004	   -3.585878e+000
+1.519911e+004	   -3.577616e+000
+1.523336e+004	   -3.603474e+000
+1.526769e+004	   -3.594706e+000
+1.530209e+004	   -3.603026e+000
+1.533657e+004	   -3.628396e+000
+1.537113e+004	   -3.625054e+000
+1.540577e+004	   -3.641073e+000
+1.544048e+004	   -3.648220e+000
+1.547527e+004	   -3.658340e+000
+1.551014e+004	   -3.660843e+000
+1.554509e+004	   -3.665744e+000
+1.558012e+004	   -3.672949e+000
+1.561523e+004	   -3.681277e+000
+1.565042e+004	   -3.697614e+000
+1.568568e+004	   -3.697255e+000
+1.572103e+004	   -3.706679e+000
+1.575645e+004	   -3.724233e+000
+1.579196e+004	   -3.721862e+000
+1.582754e+004	   -3.729260e+000
+1.586321e+004	   -3.734838e+000
+1.589895e+004	   -3.751054e+000
+1.593478e+004	   -3.765023e+000
+1.597069e+004	   -3.766678e+000
+1.600667e+004	   -3.769771e+000
+1.604274e+004	   -3.783640e+000
+1.607889e+004	   -3.783525e+000
+1.611512e+004	   -3.799533e+000
+1.615144e+004	   -3.820311e+000
+1.618783e+004	   -3.819349e+000
+1.622431e+004	   -3.840590e+000
+1.626087e+004	   -3.835515e+000
+1.629751e+004	   -3.846255e+000
+1.633423e+004	   -3.855938e+000
+1.637104e+004	   -3.857218e+000
+1.640793e+004	   -3.872957e+000
+1.644490e+004	   -3.882359e+000
+1.648196e+004	   -3.876574e+000
+1.651910e+004	   -3.900796e+000
+1.655632e+004	   -3.901114e+000
+1.659363e+004	   -3.899970e+000
+1.663102e+004	   -3.907860e+000
+1.666849e+004	   -3.934252e+000
+1.670605e+004	   -3.936384e+000
+1.674370e+004	   -3.945550e+000
+1.678143e+004	   -3.953098e+000
+1.681924e+004	   -3.963971e+000
+1.685714e+004	   -3.981190e+000
+1.689513e+004	   -3.981330e+000
+1.693320e+004	   -3.998652e+000
+1.697136e+004	   -3.998205e+000
+1.700960e+004	   -4.008700e+000
+1.704793e+004	   -4.021752e+000
+1.708634e+004	   -4.034273e+000
+1.712484e+004	   -4.040267e+000
+1.716343e+004	   -4.036167e+000
+1.720211e+004	   -4.050222e+000
+1.724087e+004	   -4.062073e+000
+1.727972e+004	   -4.079677e+000
+1.731866e+004	   -4.075541e+000
+1.735768e+004	   -4.086504e+000
+1.739679e+004	   -4.111864e+000
+1.743599e+004	   -4.110947e+000
+1.747528e+004	   -4.118867e+000
+1.751466e+004	   -4.132424e+000
+1.755413e+004	   -4.149269e+000
+1.759368e+004	   -4.138981e+000
+1.763333e+004	   -4.150838e+000
+1.767306e+004	   -4.156942e+000
+1.771289e+004	   -4.173926e+000
+1.775280e+004	   -4.178766e+000
+1.779280e+004	   -4.188048e+000
+1.783290e+004	   -4.189415e+000
+1.787308e+004	   -4.212901e+000
+1.791336e+004	   -4.217146e+000
+1.795372e+004	   -4.216896e+000
+1.799418e+004	   -4.234566e+000
+1.803472e+004	   -4.260358e+000
+1.807536e+004	   -4.270440e+000
+1.811609e+004	   -4.267370e+000
+1.815691e+004	   -4.275270e+000
+1.819783e+004	   -4.289556e+000
+1.823883e+004	   -4.292350e+000
+1.827993e+004	   -4.307906e+000
+1.832112e+004	   -4.324534e+000
+1.836241e+004	   -4.324001e+000
+1.840379e+004	   -4.331241e+000
+1.844525e+004	   -4.349698e+000
+1.848682e+004	   -4.362395e+000
+1.852847e+004	   -4.367729e+000
+1.857023e+004	   -4.384142e+000
+1.861207e+004	   -4.386127e+000
+1.865401e+004	   -4.402014e+000
+1.869604e+004	   -4.402784e+000
+1.873817e+004	   -4.411635e+000
+1.878040e+004	   -4.427925e+000
+1.882272e+004	   -4.433971e+000
+1.886513e+004	   -4.450830e+000
+1.890764e+004	   -4.457818e+000
+1.895025e+004	   -4.472889e+000
+1.899295e+004	   -4.476241e+000
+1.903575e+004	   -4.491418e+000
+1.907864e+004	   -4.499794e+000
+1.912163e+004	   -4.502403e+000
+1.916472e+004	   -4.513112e+000
+1.920790e+004	   -4.514812e+000
+1.925119e+004	   -4.532749e+000
+1.929456e+004	   -4.549477e+000
+1.933804e+004	   -4.546703e+000
+1.938162e+004	   -4.562830e+000
+1.942529e+004	   -4.579922e+000
+1.946906e+004	   -4.580733e+000
+1.951293e+004	   -4.593854e+000
+1.955690e+004	   -4.608901e+000
+1.960097e+004	   -4.626942e+000
+1.964514e+004	   -4.639196e+000
+1.968941e+004	   -4.642437e+000
+1.973378e+004	   -4.645346e+000
+1.977824e+004	   -4.647416e+000
+1.982281e+004	   -4.667939e+000
+1.986748e+004	   -4.686909e+000
+1.991225e+004	   -4.686569e+000
+1.995712e+004	   -4.706900e+000
+2.000209e+004	   -4.710367e+000
+2.004716e+004	   -4.729396e+000
+2.009233e+004	   -4.734540e+000
+2.013761e+004	   -4.746747e+000
+2.018298e+004	   -4.762133e+000
+2.022846e+004	   -4.773097e+000
+2.027404e+004	   -4.767014e+000
+2.031973e+004	   -4.783017e+000
+2.036552e+004	   -4.799854e+000
+2.041141e+004	   -4.801941e+000
+2.045740e+004	   -4.817035e+000
+2.050350e+004	   -4.835036e+000
+2.054970e+004	   -4.825926e+000
+2.059601e+004	   -4.860628e+000
+2.064242e+004	   -4.872029e+000
+2.068893e+004	   -4.873684e+000
+2.073555e+004	   -4.882390e+000
+2.078227e+004	   -4.897198e+000
+2.082910e+004	   -4.908721e+000
+2.087604e+004	   -4.905707e+000
+2.092308e+004	   -4.926870e+000
+2.097023e+004	   -4.933838e+000
+2.101748e+004	   -4.951842e+000
+2.106484e+004	   -4.958797e+000
+2.111231e+004	   -4.969889e+000
+2.115988e+004	   -4.981043e+000
+2.120756e+004	   -4.992181e+000
+2.125535e+004	   -5.007262e+000
+2.130324e+004	   -5.021457e+000
+2.135125e+004	   -5.024565e+000
+2.139936e+004	   -5.039533e+000
+2.144758e+004	   -5.057966e+000
+2.149591e+004	   -5.052617e+000
+2.154435e+004	   -5.064838e+000
+2.159289e+004	   -5.078376e+000
+2.164155e+004	   -5.083085e+000
+2.169032e+004	   -5.107964e+000
+2.173919e+004	   -5.116740e+000
+2.178818e+004	   -5.128128e+000
+2.183728e+004	   -5.142004e+000
+2.188648e+004	   -5.147594e+000
+2.193580e+004	   -5.160769e+000
+2.198523e+004	   -5.177947e+000
+2.203477e+004	   -5.179598e+000
+2.208442e+004	   -5.202109e+000
+2.213419e+004	   -5.219534e+000
+2.218406e+004	   -5.216419e+000
+2.223405e+004	   -5.225023e+000
+2.228415e+004	   -5.255247e+000
+2.233437e+004	   -5.261547e+000
+2.238469e+004	   -5.269061e+000
+2.243513e+004	   -5.280844e+000
+2.248569e+004	   -5.283746e+000
+2.253636e+004	   -5.304218e+000
+2.258714e+004	   -5.322612e+000
+2.263803e+004	   -5.325901e+000
+2.268904e+004	   -5.347082e+000
+2.274017e+004	   -5.349756e+000
+2.279141e+004	   -5.360331e+000
+2.284277e+004	   -5.368699e+000
+2.289424e+004	   -5.390459e+000
+2.294583e+004	   -5.405323e+000
+2.299754e+004	   -5.418655e+000
+2.304936e+004	   -5.418293e+000
+2.310130e+004	   -5.428397e+000
+2.315335e+004	   -5.448729e+000
+2.320553e+004	   -5.456241e+000
+2.325781e+004	   -5.476247e+000
+2.331022e+004	   -5.483073e+000
+2.336275e+004	   -5.495647e+000
+2.341539e+004	   -5.514030e+000
+2.346816e+004	   -5.527724e+000
+2.352104e+004	   -5.543615e+000
+2.357404e+004	   -5.549517e+000
+2.362716e+004	   -5.561376e+000
+2.368040e+004	   -5.571661e+000
+2.373376e+004	   -5.572220e+000
+2.378724e+004	   -5.605305e+000
+2.384084e+004	   -5.611639e+000
+2.389456e+004	   -5.624003e+000
+2.394841e+004	   -5.632542e+000
+2.400237e+004	   -5.659231e+000
+2.405646e+004	   -5.668702e+000
+2.411066e+004	   -5.685590e+000
+2.416499e+004	   -5.691166e+000
+2.421945e+004	   -5.715656e+000
+2.427402e+004	   -5.700610e+000
+2.432872e+004	   -5.724610e+000
+2.438354e+004	   -5.734937e+000
+2.443849e+004	   -5.758100e+000
+2.449355e+004	   -5.768003e+000
+2.454875e+004	   -5.780184e+000
+2.460406e+004	   -5.781561e+000
+2.465951e+004	   -5.794547e+000
+2.471507e+004	   -5.813026e+000
+2.477076e+004	   -5.824044e+000
+2.482658e+004	   -5.833936e+000
+2.488252e+004	   -5.856489e+000
+2.493859e+004	   -5.879830e+000
+2.499479e+004	   -5.887774e+000
+2.505111e+004	   -5.897931e+000
+2.510756e+004	   -5.906035e+000
+2.516413e+004	   -5.920910e+000
+2.522084e+004	   -5.930211e+000
+2.527767e+004	   -5.947969e+000
+2.533463e+004	   -5.956063e+000
+2.539172e+004	   -5.972212e+000
+2.544893e+004	   -5.984913e+000
+2.550628e+004	   -5.999600e+000
+2.556375e+004	   -6.029347e+000
+2.562136e+004	   -6.020143e+000
+2.567909e+004	   -6.044173e+000
+2.573696e+004	   -6.065331e+000
+2.579495e+004	   -6.074661e+000
+2.585308e+004	   -6.077016e+000
+2.591133e+004	   -6.094501e+000
+2.596972e+004	   -6.117587e+000
+2.602824e+004	   -6.124885e+000
+2.608689e+004	   -6.144160e+000
+2.614567e+004	   -6.156087e+000
+2.620459e+004	   -6.168641e+000
+2.626363e+004	   -6.188807e+000
+2.632282e+004	   -6.209599e+000
+2.638213e+004	   -6.213265e+000
+2.644158e+004	   -6.215899e+000
+2.650116e+004	   -6.235047e+000
+2.656088e+004	   -6.249495e+000
+2.662073e+004	   -6.256698e+000
+2.668071e+004	   -6.283843e+000
+2.674084e+004	   -6.278215e+000
+2.680109e+004	   -6.311722e+000
+2.686148e+004	   -6.316360e+000
+2.692201e+004	   -6.337112e+000
+2.698268e+004	   -6.350503e+000
+2.704348e+004	   -6.361244e+000
+2.710442e+004	   -6.377090e+000
+2.716549e+004	   -6.391600e+000
+2.722671e+004	   -6.396360e+000
+2.728806e+004	   -6.421099e+000
+2.734955e+004	   -6.437892e+000
+2.741118e+004	   -6.451516e+000
+2.747294e+004	   -6.464618e+000
+2.753485e+004	   -6.479229e+000
+2.759689e+004	   -6.491522e+000
+2.765908e+004	   -6.499754e+000
+2.772141e+004	   -6.520226e+000
+2.778387e+004	   -6.534543e+000
+2.784648e+004	   -6.548506e+000
+2.790923e+004	   -6.571858e+000
+2.797212e+004	   -6.581652e+000
+2.803515e+004	   -6.603470e+000
+2.809832e+004	   -6.605518e+000
+2.816163e+004	   -6.613987e+000
+2.822509e+004	   -6.629429e+000
+2.828870e+004	   -6.658481e+000
+2.835244e+004	   -6.674431e+000
+2.841633e+004	   -6.689044e+000
+2.848036e+004	   -6.693286e+000
+2.854454e+004	   -6.720987e+000
+2.860886e+004	   -6.736728e+000
+2.867332e+004	   -6.752562e+000
+2.873793e+004	   -6.757445e+000
+2.880269e+004	   -6.764389e+000
+2.886759e+004	   -6.785548e+000
+2.893264e+004	   -6.803575e+000
+2.899784e+004	   -6.829846e+000
+2.906318e+004	   -6.836132e+000
+2.912867e+004	   -6.846801e+000
+2.919430e+004	   -6.877599e+000
+2.926009e+004	   -6.895096e+000
+2.932602e+004	   -6.892365e+000
+2.939211e+004	   -6.911191e+000
+2.945834e+004	   -6.935797e+000
+2.952472e+004	   -6.955279e+000
+2.959125e+004	   -6.967251e+000
+2.965793e+004	   -6.973346e+000
+2.972475e+004	   -6.998284e+000
+2.979173e+004	   -7.002498e+000
+2.985887e+004	   -7.029696e+000
+2.992615e+004	   -7.051150e+000
+2.999358e+004	   -7.064872e+000
+3.006117e+004	   -7.068491e+000
+3.012891e+004	   -7.094138e+000
+3.019680e+004	   -7.105518e+000
+3.026484e+004	   -7.112616e+000
+3.033304e+004	   -7.134873e+000
+3.040139e+004	   -7.165984e+000
+3.046990e+004	   -7.177127e+000
+3.053855e+004	   -7.183665e+000
+3.060737e+004	   -7.200624e+000
+3.067634e+004	   -7.223631e+000
+3.074546e+004	   -7.239058e+000
+3.081474e+004	   -7.257304e+000
+3.088418e+004	   -7.271382e+000
+3.095377e+004	   -7.280335e+000
+3.102352e+004	   -7.284636e+000
+3.109343e+004	   -7.316493e+000
+3.116349e+004	   -7.331634e+000
+3.123372e+004	   -7.340916e+000
+3.130410e+004	   -7.352679e+000
+3.137463e+004	   -7.382190e+000
+3.144533e+004	   -7.395555e+000
+3.151619e+004	   -7.415291e+000
+3.158721e+004	   -7.429473e+000
+3.165838e+004	   -7.442782e+000
+3.172972e+004	   -7.463506e+000
+3.180122e+004	   -7.477937e+000
+3.187288e+004	   -7.497850e+000
+3.194470e+004	   -7.525919e+000
+3.201668e+004	   -7.533683e+000
+3.208883e+004	   -7.545783e+000
+3.216114e+004	   -7.551426e+000
+3.223361e+004	   -7.589077e+000
+3.230624e+004	   -7.598214e+000
+3.237904e+004	   -7.624306e+000
+3.245200e+004	   -7.644619e+000
+3.252513e+004	   -7.645926e+000
+3.259841e+004	   -7.658228e+000
+3.267187e+004	   -7.691980e+000
+3.274549e+004	   -7.700114e+000
+3.281928e+004	   -7.709039e+000
+3.289323e+004	   -7.731731e+000
+3.296735e+004	   -7.754632e+000
+3.304164e+004	   -7.767395e+000
+3.311609e+004	   -7.798260e+000
+3.319071e+004	   -7.815328e+000
+3.326551e+004	   -7.829674e+000
+3.334046e+004	   -7.835551e+000
+3.341559e+004	   -7.848560e+000
+3.349089e+004	   -7.877567e+000
+3.356636e+004	   -7.895641e+000
+3.364199e+004	   -7.912517e+000
+3.371780e+004	   -7.920619e+000
+3.379378e+004	   -7.945799e+000
+3.386993e+004	   -7.966694e+000
+3.394625e+004	   -7.986969e+000
+3.402274e+004	   -7.997484e+000
+3.409941e+004	   -8.027084e+000
+3.417625e+004	   -8.044801e+000
+3.425325e+004	   -8.062720e+000
+3.433044e+004	   -8.085595e+000
+3.440780e+004	   -8.093713e+000
+3.448533e+004	   -8.110882e+000
+3.456304e+004	   -8.132798e+000
+3.464092e+004	   -8.148242e+000
+3.471898e+004	   -8.172560e+000
+3.479721e+004	   -8.193545e+000
+3.487563e+004	   -8.200734e+000
+3.495421e+004	   -8.221215e+000
+3.503298e+004	   -8.243254e+000
+3.511192e+004	   -8.253028e+000
+3.519104e+004	   -8.285156e+000
+3.527034e+004	   -8.298292e+000
+3.534981e+004	   -8.326990e+000
+3.542946e+004	   -8.337559e+000
+3.550930e+004	   -8.348907e+000
+3.558932e+004	   -8.379820e+000
+3.566951e+004	   -8.393115e+000
+3.574989e+004	   -8.410863e+000
+3.583045e+004	   -8.431271e+000
+3.591118e+004	   -8.460681e+000
+3.599211e+004	   -8.477776e+000
+3.607321e+004	   -8.499045e+000
+3.615449e+004	   -8.512576e+000
+3.623596e+004	   -8.523062e+000
+3.631761e+004	   -8.542620e+000
+3.639945e+004	   -8.569489e+000
+3.648147e+004	   -8.588241e+000
+3.656368e+004	   -8.612890e+000
+3.664607e+004	   -8.606773e+000
+3.672864e+004	   -8.639153e+000
+3.681141e+004	   -8.657437e+000
+3.689436e+004	   -8.668777e+000
+3.697749e+004	   -8.698478e+000
+3.706081e+004	   -8.718418e+000
+3.714432e+004	   -8.737469e+000
+3.722802e+004	   -8.762510e+000
+3.731191e+004	   -8.774665e+000
+3.739599e+004	   -8.794958e+000
+3.748025e+004	   -8.813400e+000
+3.756471e+004	   -8.834100e+000
+3.764936e+004	   -8.844446e+000
+3.773420e+004	   -8.873514e+000
+3.781922e+004	   -8.894988e+000
+3.790445e+004	   -8.928228e+000
+3.798986e+004	   -8.939143e+000
+3.807546e+004	   -8.947480e+000
+3.816126e+004	   -8.980861e+000
+3.824725e+004	   -8.995762e+000
+3.833343e+004	   -9.021388e+000
+3.841981e+004	   -9.037433e+000
+3.850639e+004	   -9.052619e+000
+3.859315e+004	   -9.082713e+000
+3.868012e+004	   -9.101281e+000
+3.876728e+004	   -9.113487e+000
+3.885463e+004	   -9.144798e+000
+3.894219e+004	   -9.166161e+000
+3.902994e+004	   -9.178854e+000
+3.911789e+004	   -9.211782e+000
+3.920603e+004	   -9.220102e+000
+3.929438e+004	   -9.235322e+000
+3.938292e+004	   -9.270630e+000
+3.947166e+004	   -9.293953e+000
+3.956061e+004	   -9.314673e+000
+3.964975e+004	   -9.336511e+000
+3.973910e+004	   -9.348850e+000
+3.982864e+004	   -9.375274e+000
+3.991839e+004	   -9.396380e+000
+4.000834e+004	   -9.420705e+000
+4.009849e+004	   -9.431351e+000
+4.018885e+004	   -9.472828e+000
+4.027941e+004	   -9.479190e+000
+4.037017e+004	   -9.514555e+000
+4.046114e+004	   -9.528256e+000
+4.055231e+004	   -9.548510e+000
+4.064369e+004	   -9.573646e+000
+4.073528e+004	   -9.577146e+000
+4.082707e+004	   -9.614487e+000
+4.091907e+004	   -9.623254e+000
+4.101127e+004	   -9.654761e+000
+4.110368e+004	   -9.675405e+000
+4.119630e+004	   -9.699363e+000
+4.128913e+004	   -9.728589e+000
+4.138217e+004	   -9.738867e+000
+4.147542e+004	   -9.759714e+000
+4.156888e+004	   -9.776128e+000
+4.166255e+004	   -9.806335e+000
+4.175643e+004	   -9.830101e+000
+4.185052e+004	   -9.849759e+000
+4.194482e+004	   -9.873635e+000
+4.203934e+004	   -9.895459e+000
+4.213407e+004	   -9.915440e+000
+4.222902e+004	   -9.939837e+000
+4.232417e+004	   -9.962775e+000
+4.241954e+004	   -9.990634e+000
+4.251513e+004	   -1.001405e+001
+4.261093e+004	   -1.003144e+001
+4.270695e+004	   -1.006156e+001
+4.280318e+004	   -1.007550e+001
+4.289963e+004	   -1.010036e+001
+4.299630e+004	   -1.013126e+001
+4.309319e+004	   -1.014764e+001
+4.319029e+004	   -1.017909e+001
+4.328761e+004	   -1.019650e+001
+4.338516e+004	   -1.020838e+001
+4.348292e+004	   -1.023942e+001
+4.358090e+004	   -1.026119e+001
+4.367910e+004	   -1.028693e+001
+4.377753e+004	   -1.030154e+001
+4.387617e+004	   -1.033636e+001
+4.397504e+004	   -1.034729e+001
+4.407413e+004	   -1.037889e+001
+4.417345e+004	   -1.040936e+001
+4.427298e+004	   -1.043010e+001
+4.437275e+004	   -1.045047e+001
+4.447273e+004	   -1.048068e+001
+4.457295e+004	   -1.050020e+001
+4.467339e+004	   -1.052910e+001
+4.477405e+004	   -1.054745e+001
+4.487494e+004	   -1.057002e+001
+4.497606e+004	   -1.060016e+001
+4.507741e+004	   -1.062382e+001
+4.517898e+004	   -1.064335e+001
+4.528079e+004	   -1.065343e+001
+4.538282e+004	   -1.068598e+001
+4.548509e+004	   -1.071585e+001
+4.558758e+004	   -1.075145e+001
+4.569030e+004	   -1.076238e+001
+4.579326e+004	   -1.079673e+001
+4.589645e+004	   -1.080431e+001
+4.599987e+004	   -1.084007e+001
+4.610352e+004	   -1.086772e+001
+4.620741e+004	   -1.087904e+001
+4.631153e+004	   -1.090970e+001
+4.641589e+004	   -1.093105e+001
+4.652048e+004	   -1.095456e+001
+4.662530e+004	   -1.100527e+001
+4.673037e+004	   -1.102387e+001
+4.683567e+004	   -1.103632e+001
+4.694121e+004	   -1.106672e+001
+4.704698e+004	   -1.108105e+001
+4.715300e+004	   -1.112081e+001
+4.725925e+004	   -1.113772e+001
+4.736574e+004	   -1.116775e+001
+4.747247e+004	   -1.118513e+001
+4.757944e+004	   -1.120829e+001
+4.768666e+004	   -1.122934e+001
+4.779411e+004	   -1.125977e+001
+4.790181e+004	   -1.128839e+001
+4.800975e+004	   -1.132619e+001
+4.811793e+004	   -1.134359e+001
+4.822636e+004	   -1.136361e+001
+4.833503e+004	   -1.139863e+001
+4.844395e+004	   -1.141898e+001
+4.855311e+004	   -1.143950e+001
+4.866251e+004	   -1.147318e+001
+4.877216e+004	   -1.150134e+001
+4.888207e+004	   -1.152051e+001
+4.899221e+004	   -1.154671e+001
+4.910261e+004	   -1.158077e+001
+4.921326e+004	   -1.159486e+001
+4.932415e+004	   -1.162772e+001
+4.943530e+004	   -1.165551e+001
+4.954669e+004	   -1.167422e+001
+4.965834e+004	   -1.170524e+001
+4.977023e+004	   -1.174164e+001
+4.988239e+004	   -1.176962e+001
+4.999479e+004	   -1.178277e+001
+5.010745e+004	   -1.181858e+001
+5.022035e+004	   -1.184387e+001
+5.033352e+004	   -1.187118e+001
+5.044694e+004	   -1.189532e+001
+5.056061e+004	   -1.192598e+001
+5.067454e+004	   -1.194865e+001
+5.078873e+004	   -1.197941e+001
+5.090318e+004	   -1.200612e+001
+5.101788e+004	   -1.203619e+001
+5.113284e+004	   -1.205506e+001
+5.124806e+004	   -1.209626e+001
+5.136354e+004	   -1.211806e+001
+5.147928e+004	   -1.215474e+001
+5.159528e+004	   -1.216338e+001
+5.171154e+004	   -1.220269e+001
+5.182807e+004	   -1.222103e+001
+5.194485e+004	   -1.225846e+001
+5.206190e+004	   -1.228052e+001
+5.217922e+004	   -1.231029e+001
+5.229679e+004	   -1.233762e+001
+5.241464e+004	   -1.237584e+001
+5.253275e+004	   -1.240381e+001
+5.265112e+004	   -1.242924e+001
+5.276976e+004	   -1.245228e+001
+5.288867e+004	   -1.248136e+001
+5.300785e+004	   -1.250989e+001
+5.312729e+004	   -1.254081e+001
+5.324701e+004	   -1.256456e+001
+5.336699e+004	   -1.259733e+001
+5.348725e+004	   -1.262925e+001
+5.360777e+004	   -1.264603e+001
+5.372857e+004	   -1.267877e+001
+5.384964e+004	   -1.271321e+001
+5.397098e+004	   -1.273519e+001
+5.409260e+004	   -1.276533e+001
+5.421448e+004	   -1.279398e+001
+5.433665e+004	   -1.283208e+001
+5.445909e+004	   -1.285582e+001
+5.458180e+004	   -1.287566e+001
+5.470480e+004	   -1.290617e+001
+5.482807e+004	   -1.294406e+001
+5.495161e+004	   -1.296277e+001
+5.507544e+004	   -1.301294e+001
+5.519954e+004	   -1.302839e+001
+5.532393e+004	   -1.305862e+001
+5.544859e+004	   -1.309350e+001
+5.557354e+004	   -1.312151e+001
+5.569876e+004	   -1.315080e+001
+5.582427e+004	   -1.318590e+001
+5.595006e+004	   -1.322253e+001
+5.607614e+004	   -1.324113e+001
+5.620250e+004	   -1.325866e+001
+5.632914e+004	   -1.330447e+001
+5.645607e+004	   -1.334199e+001
+5.658329e+004	   -1.336864e+001
+5.671079e+004	   -1.339672e+001
+5.683858e+004	   -1.341287e+001
+5.696666e+004	   -1.345558e+001
+5.709502e+004	   -1.349642e+001
+5.722368e+004	   -1.351418e+001
+5.735262e+004	   -1.354499e+001
+5.748186e+004	   -1.359274e+001
+5.761138e+004	   -1.360723e+001
+5.774120e+004	   -1.364072e+001
+5.787131e+004	   -1.367282e+001
+5.800172e+004	   -1.370171e+001
+5.813242e+004	   -1.374133e+001
+5.826341e+004	   -1.376899e+001
+5.839470e+004	   -1.380358e+001
+5.852628e+004	   -1.382170e+001
+5.865816e+004	   -1.387368e+001
+5.879034e+004	   -1.390065e+001
+5.892281e+004	   -1.392641e+001
+5.905559e+004	   -1.396744e+001
+5.918866e+004	   -1.399917e+001
+5.932204e+004	   -1.401523e+001
+5.945571e+004	   -1.404966e+001
+5.958968e+004	   -1.408469e+001
+5.972396e+004	   -1.411356e+001
+5.985854e+004	   -1.414883e+001
+5.999342e+004	   -1.417118e+001
+6.012861e+004	   -1.420818e+001
+6.026410e+004	   -1.424520e+001
+6.039989e+004	   -1.427605e+001
+6.053600e+004	   -1.430397e+001
+6.067240e+004	   -1.434522e+001
+6.080912e+004	   -1.436065e+001
+6.094614e+004	   -1.440006e+001
+6.108348e+004	   -1.444078e+001
+6.122112e+004	   -1.447462e+001
+6.135907e+004	   -1.451501e+001
+6.149734e+004	   -1.453965e+001
+6.163591e+004	   -1.456265e+001
+6.177480e+004	   -1.460429e+001
+6.191400e+004	   -1.464502e+001
+6.205351e+004	   -1.466845e+001
+6.219334e+004	   -1.470363e+001
+6.233348e+004	   -1.473864e+001
+6.247395e+004	   -1.476476e+001
+6.261472e+004	   -1.480671e+001
+6.275581e+004	   -1.484495e+001
+6.289722e+004	   -1.486825e+001
+6.303895e+004	   -1.491186e+001
+6.318100e+004	   -1.495136e+001
+6.332337e+004	   -1.497989e+001
+6.346606e+004	   -1.501480e+001
+6.360907e+004	   -1.504420e+001
+6.375241e+004	   -1.509332e+001
+6.389606e+004	   -1.510003e+001
+6.404004e+004	   -1.514937e+001
+6.418435e+004	   -1.518250e+001
+6.432898e+004	   -1.520933e+001
+6.447393e+004	   -1.524517e+001
+6.461921e+004	   -1.528942e+001
+6.476482e+004	   -1.532810e+001
+6.491076e+004	   -1.535635e+001
+6.505703e+004	   -1.539728e+001
+6.520363e+004	   -1.541496e+001
+6.535055e+004	   -1.546327e+001
+6.549781e+004	   -1.549178e+001
+6.564540e+004	   -1.553418e+001
+6.579332e+004	   -1.557575e+001
+6.594158e+004	   -1.559709e+001
+6.609016e+004	   -1.563857e+001
+6.623909e+004	   -1.567179e+001
+6.638835e+004	   -1.570587e+001
+6.653795e+004	   -1.574859e+001
+6.668788e+004	   -1.578180e+001
+6.683816e+004	   -1.581003e+001
+6.698877e+004	   -1.584525e+001
+6.713971e+004	   -1.587735e+001
+6.729100e+004	   -1.592128e+001
+6.744263e+004	   -1.597094e+001
+6.759460e+004	   -1.600802e+001
+6.774691e+004	   -1.602859e+001
+6.789958e+004	   -1.606305e+001
+6.805258e+004	   -1.610370e+001
+6.820592e+004	   -1.612685e+001
+6.835962e+004	   -1.618408e+001
+6.851366e+004	   -1.621313e+001
+6.866804e+004	   -1.625696e+001
+6.882277e+004	   -1.627763e+001
+6.897785e+004	   -1.632615e+001
+6.913328e+004	   -1.636118e+001
+6.928907e+004	   -1.640287e+001
+6.944520e+004	   -1.643792e+001
+6.960169e+004	   -1.646865e+001
+6.975852e+004	   -1.650858e+001
+6.991571e+004	   -1.654087e+001
+7.007326e+004	   -1.659163e+001
+7.023116e+004	   -1.661258e+001
+7.038941e+004	   -1.666206e+001
+7.054802e+004	   -1.669189e+001
+7.070699e+004	   -1.674152e+001
+7.086632e+004	   -1.676621e+001
+7.102601e+004	   -1.681499e+001
+7.118605e+004	   -1.684380e+001
+7.134646e+004	   -1.689007e+001
+7.150723e+004	   -1.691873e+001
+7.166836e+004	   -1.696886e+001
+7.182985e+004	   -1.698617e+001
+7.199171e+004	   -1.703670e+001
+7.215394e+004	   -1.708197e+001
+7.231652e+004	   -1.712421e+001
+7.247948e+004	   -1.715046e+001
+7.264280e+004	   -1.719132e+001
+7.280649e+004	   -1.723187e+001
+7.297055e+004	   -1.726678e+001
+7.313498e+004	   -1.730778e+001
+7.329977e+004	   -1.734538e+001
+7.346495e+004	   -1.738846e+001
+7.363048e+004	   -1.741295e+001
+7.379641e+004	   -1.746240e+001
+7.396270e+004	   -1.749326e+001
+7.412936e+004	   -1.754233e+001
+7.429640e+004	   -1.759392e+001
+7.446381e+004	   -1.762157e+001
+7.463160e+004	   -1.767075e+001
+7.479977e+004	   -1.770193e+001
+7.496833e+004	   -1.774453e+001
+7.513726e+004	   -1.777798e+001
+7.530656e+004	   -1.782150e+001
+7.547626e+004	   -1.785137e+001
+7.564634e+004	   -1.789291e+001
+7.581679e+004	   -1.793988e+001
+7.598763e+004	   -1.798320e+001
+7.615886e+004	   -1.801052e+001
+7.633047e+004	   -1.805326e+001
+7.650247e+004	   -1.811204e+001
+7.667486e+004	   -1.814001e+001
+7.684763e+004	   -1.818089e+001
+7.702080e+004	   -1.821607e+001
+7.719435e+004	   -1.825304e+001
+7.736830e+004	   -1.830575e+001
+7.754264e+004	   -1.834476e+001
+7.771737e+004	   -1.839170e+001
+7.789249e+004	   -1.842931e+001
+7.806801e+004	   -1.847488e+001
+7.824393e+004	   -1.850782e+001
+7.842023e+004	   -1.855342e+001
+7.859695e+004	   -1.859938e+001
+7.877405e+004	   -1.863824e+001
+7.895155e+004	   -1.867179e+001
+7.912946e+004	   -1.870944e+001
+7.930777e+004	   -1.876869e+001
+7.948648e+004	   -1.880042e+001
+7.966559e+004	   -1.884635e+001
+7.984510e+004	   -1.889005e+001
+8.002502e+004	   -1.892709e+001
+8.020534e+004	   -1.896524e+001
+8.038608e+004	   -1.901121e+001
+8.056722e+004	   -1.904995e+001
+8.074877e+004	   -1.910004e+001
+8.093072e+004	   -1.914781e+001
+8.111309e+004	   -1.918745e+001
+8.129586e+004	   -1.922849e+001
+8.147905e+004	   -1.926105e+001
+8.166265e+004	   -1.931116e+001
+8.184666e+004	   -1.935678e+001
+8.203109e+004	   -1.939092e+001
+8.221594e+004	   -1.943701e+001
+8.240120e+004	   -1.948072e+001
+8.258688e+004	   -1.953910e+001
+8.277298e+004	   -1.956482e+001
+8.295949e+004	   -1.960645e+001
+8.314643e+004	   -1.966841e+001
+8.333379e+004	   -1.970917e+001
+8.352157e+004	   -1.974321e+001
+8.370977e+004	   -1.978058e+001
+8.389840e+004	   -1.982242e+001
+8.408745e+004	   -1.987276e+001
+8.427693e+004	   -1.992187e+001
+8.446684e+004	   -1.995301e+001
+8.465716e+004	   -2.002324e+001
+8.484793e+004	   -2.005607e+001
+8.503913e+004	   -2.010243e+001
+8.523074e+004	   -2.015217e+001
+8.542280e+004	   -2.020624e+001
+8.561529e+004	   -2.024568e+001
+8.580821e+004	   -2.028276e+001
+8.600156e+004	   -2.034163e+001
+8.619536e+004	   -2.037753e+001
+8.638959e+004	   -2.040580e+001
+8.658425e+004	   -2.046805e+001
+8.677936e+004	   -2.052705e+001
+8.697490e+004	   -2.055588e+001
+8.717088e+004	   -2.060999e+001
+8.736731e+004	   -2.066517e+001
+8.756418e+004	   -2.070884e+001
+8.776149e+004	   -2.074253e+001
+8.795925e+004	   -2.079656e+001
+8.815745e+004	   -2.084400e+001
+8.835610e+004	   -2.088473e+001
+8.855520e+004	   -2.092778e+001
+8.875475e+004	   -2.097981e+001
+8.895474e+004	   -2.102715e+001
+8.915519e+004	   -2.108107e+001
+8.935609e+004	   -2.111277e+001
+8.955744e+004	   -2.115633e+001
+8.975924e+004	   -2.121716e+001
+8.996150e+004	   -2.126929e+001
+9.016422e+004	   -2.130832e+001
+9.036739e+004	   -2.135939e+001
+9.057102e+004	   -2.141797e+001
+9.077511e+004	   -2.146209e+001
+9.097966e+004	   -2.149772e+001
+9.118466e+004	   -2.154992e+001
+9.139013e+004	   -2.160815e+001
+9.159607e+004	   -2.164345e+001
+9.180247e+004	   -2.169360e+001
+9.200933e+004	   -2.174836e+001
+9.221666e+004	   -2.180822e+001
+9.242445e+004	   -2.185453e+001
+9.263272e+004	   -2.190620e+001
+9.284145e+004	   -2.195102e+001
+9.305066e+004	   -2.200484e+001
+9.326034e+004	   -2.206301e+001
+9.347048e+004	   -2.209211e+001
+9.368110e+004	   -2.216484e+001
+9.389220e+004	   -2.222053e+001
+9.410377e+004	   -2.226867e+001
+9.431582e+004	   -2.231826e+001
+9.452835e+004	   -2.236198e+001
+9.474135e+004	   -2.240753e+001
+9.495484e+004	   -2.246448e+001
+9.516880e+004	   -2.251263e+001
+9.538326e+004	   -2.257402e+001
+9.559819e+004	   -2.262813e+001
+9.581360e+004	   -2.268982e+001
+9.602951e+004	   -2.272854e+001
+9.624589e+004	   -2.277873e+001
+9.646277e+004	   -2.283375e+001
+9.668013e+004	   -2.289180e+001
+9.689798e+004	   -2.294467e+001
+9.711634e+004	   -2.299428e+001
+9.733517e+004	   -2.305463e+001
+9.755450e+004	   -2.310313e+001
+9.777433e+004	   -2.314376e+001
+9.799465e+004	   -2.320362e+001
+9.821546e+004	   -2.327122e+001
+9.843677e+004	   -2.332033e+001
+9.865859e+004	   -2.336505e+001
+9.888090e+004	   -2.343035e+001
+9.910371e+004	   -2.348774e+001
+9.932703e+004	   -2.353948e+001
+9.955085e+004	   -2.359283e+001
+9.977517e+004	   -2.364962e+001
+1.000000e+005	   -2.371257e+001
