+1.000000e+003	   +1.022287e-003
+1.002253e+003	   -1.426592e-003
+1.004512e+003	   +3.754290e-003
+1.006775e+003	   +1.597889e-003
+1.009044e+003	   -1.840565e-004
+1.011318e+003	   +5.305883e-003
+1.013596e+003	   +3.353142e-004
+1.015880e+003	   +2.845134e-003
+1.018170e+003	   -5.452869e-004
+1.020464e+003	   -9.152138e-004
+1.022763e+003	   +5.108760e-004
+1.025068e+003	   +1.555424e-003
+1.027378e+003	   +1.342157e-003
+1.029693e+003	   +1.101721e-003
+1.032013e+003	   +1.394911e-004
+1.034339e+003	   +8.834130e-004
+1.036669e+003	   +2.199191e-003
+1.039005e+003	   +5.484896e-003
+1.041347e+003	   +1.432339e-003
+1.043693e+003	   +4.029565e-003
+1.046045e+003	   +2.300750e-003
+1.048402e+003	   -5.332371e-005
+1.050764e+003	   +1.040303e-003
+1.053132e+003	   +2.364775e-003
+1.055505e+003	   +1.186469e-003
+1.057884e+003	   +9.489967e-004
+1.060267e+003	   +6.734712e-005
+1.062657e+003	   +1.452665e-003
+1.065051e+003	   +2.542123e-003
+1.067451e+003	   +3.218936e-004
+1.069856e+003	   +1.241128e-003
+1.072267e+003	   +1.575222e-003
+1.074683e+003	   +1.538776e-003
+1.077105e+003	   +2.274161e-003
+1.079532e+003	   -7.761656e-004
+1.081965e+003	   +3.097300e-003
+1.084403e+003	   +2.408006e-004
+1.086846e+003	   +2.578995e-005
+1.089295e+003	   +1.397527e-003
+1.091750e+003	   +5.484464e-004
+1.094210e+003	   +1.170175e-003
+1.096676e+003	   +3.220164e-003
+1.099147e+003	   +7.592518e-004
+1.101624e+003	   +4.636920e-004
+1.104106e+003	   +8.561877e-004
+1.106594e+003	   +4.459472e-003
+1.109087e+003	   -8.055329e-004
+1.111587e+003	   -9.733961e-005
+1.114091e+003	   +4.995103e-004
+1.116602e+003	   -2.426846e-004
+1.119118e+003	   +7.017311e-006
+1.121640e+003	   -8.952328e-005
+1.124167e+003	   +5.388443e-004
+1.126700e+003	   +4.798574e-004
+1.129239e+003	   +1.910065e-004
+1.131784e+003	   +2.869828e-003
+1.134334e+003	   -9.731438e-005
+1.136890e+003	   +4.326426e-004
+1.139452e+003	   -1.248347e-003
+1.142020e+003	   -4.688702e-004
+1.144593e+003	   +3.378576e-003
+1.147172e+003	   +2.764871e-004
+1.149757e+003	   +8.661011e-004
+1.152348e+003	   +5.483427e-004
+1.154944e+003	   -3.380000e-004
+1.157547e+003	   +7.494870e-004
+1.160155e+003	   +2.102362e-004
+1.162770e+003	   +6.243837e-004
+1.165390e+003	   -9.434261e-005
+1.168016e+003	   +9.108543e-004
+1.170648e+003	   +5.969256e-004
+1.173286e+003	   -4.037127e-007
+1.175929e+003	   +5.626437e-004
+1.178579e+003	   -1.138865e-003
+1.181235e+003	   +7.833848e-004
+1.183897e+003	   +4.007521e-004
+1.186564e+003	   +1.605879e-004
+1.189238e+003	   -1.742931e-003
+1.191918e+003	   -3.163764e-003
+1.194604e+003	   +5.496268e-004
+1.197296e+003	   +7.237362e-004
+1.199994e+003	   -1.814156e-003
+1.202698e+003	   +9.642705e-004
+1.205408e+003	   +1.234775e-003
+1.208124e+003	   +2.522750e-003
+1.210846e+003	   -6.174225e-004
+1.213575e+003	   -1.864396e-004
+1.216309e+003	   -1.933615e-004
+1.219050e+003	   -6.059783e-004
+1.221797e+003	   -2.232223e-004
+1.224550e+003	   +5.066958e-004
+1.227309e+003	   -8.063852e-004
+1.230075e+003	   -6.571909e-004
+1.232847e+003	   +2.194627e-005
+1.235625e+003	   -1.841084e-003
+1.238409e+003	   -5.030148e-005
+1.241200e+003	   -1.238781e-004
+1.243996e+003	   +5.077696e-004
+1.246800e+003	   +3.094233e-004
+1.249609e+003	   -3.692437e-003
+1.252425e+003	   +1.174832e-004
+1.255247e+003	   +1.303137e-003
+1.258076e+003	   +4.684188e-005
+1.260911e+003	   -7.469189e-004
+1.263752e+003	   -2.520325e-003
+1.266599e+003	   -6.923112e-004
+1.269453e+003	   -2.739860e-003
+1.272314e+003	   -8.024350e-004
+1.275181e+003	   +2.377952e-004
+1.278054e+003	   -4.364667e-004
+1.280934e+003	   -1.726713e-004
+1.283821e+003	   -8.315191e-004
+1.286714e+003	   +3.840631e-003
+1.289613e+003	   -2.258189e-003
+1.292519e+003	   -1.087722e-003
+1.295432e+003	   +6.753272e-004
+1.298351e+003	   +1.386773e-003
+1.301276e+003	   +5.906260e-005
+1.304208e+003	   -1.122534e-003
+1.307147e+003	   -1.451905e-003
+1.310093e+003	   -1.088656e-003
+1.313045e+003	   -1.484261e-004
+1.316004e+003	   -4.830366e-004
+1.318969e+003	   +1.514298e-003
+1.321941e+003	   -1.182903e-003
+1.324920e+003	   +3.321125e-004
+1.327905e+003	   -1.540744e-003
+1.330898e+003	   +1.031573e-003
+1.333897e+003	   -2.894956e-004
+1.336902e+003	   -3.071384e-004
+1.339915e+003	   -1.605599e-004
+1.342934e+003	   -1.156611e-003
+1.345960e+003	   -2.760189e-004
+1.348993e+003	   -1.553613e-003
+1.352033e+003	   +2.239066e-003
+1.355080e+003	   +5.817247e-004
+1.358133e+003	   -1.508503e-003
+1.361193e+003	   +7.585845e-004
+1.364261e+003	   -4.660414e-004
+1.367335e+003	   -4.031943e-003
+1.370416e+003	   +1.295245e-003
+1.373504e+003	   +2.234185e-003
+1.376599e+003	   -2.813047e-003
+1.379701e+003	   -5.152776e-004
+1.382810e+003	   +8.101756e-004
+1.385926e+003	   +4.061518e-004
+1.389049e+003	   -1.412459e-003
+1.392179e+003	   -2.584602e-004
+1.395316e+003	   -1.440907e-003
+1.398460e+003	   -2.352279e-003
+1.401611e+003	   -1.207535e-003
+1.404770e+003	   -2.484456e-003
+1.407935e+003	   -8.119195e-004
+1.411108e+003	   -1.179839e-003
+1.414287e+003	   -2.572967e-004
+1.417474e+003	   -1.987682e-003
+1.420668e+003	   -7.439359e-004
+1.423870e+003	   -4.977132e-004
+1.427078e+003	   -8.587557e-004
+1.430294e+003	   -7.763394e-004
+1.433517e+003	   -4.748053e-004
+1.436747e+003	   -2.788084e-004
+1.439984e+003	   +2.015900e-004
+1.443229e+003	   +1.405537e-004
+1.446481e+003	   -1.608203e-003
+1.449741e+003	   -1.484412e-003
+1.453007e+003	   -1.378595e-003
+1.456282e+003	   -1.399366e-003
+1.459563e+003	   -1.426194e-003
+1.462852e+003	   -1.985434e-003
+1.466148e+003	   -6.693668e-004
+1.469452e+003	   -1.338672e-003
+1.472763e+003	   -1.205719e-003
+1.476082e+003	   -1.252022e-003
+1.479408e+003	   -1.054083e-003
+1.482742e+003	   -8.450940e-004
+1.486083e+003	   -1.022531e-003
+1.489432e+003	   -4.023585e-004
+1.492788e+003	   -5.251068e-006
+1.496151e+003	   -3.850205e-003
+1.499523e+003	   -2.907710e-003
+1.502902e+003	   -2.250698e-004
+1.506288e+003	   -1.632855e-003
+1.509682e+003	   -1.139591e-003
+1.513084e+003	   -1.417017e-003
+1.516494e+003	   -1.458409e-003
+1.519911e+003	   -1.444731e-004
+1.523336e+003	   -2.389370e-003
+1.526769e+003	   -1.219765e-003
+1.530209e+003	   -1.398968e-003
+1.533657e+003	   -9.617473e-004
+1.537113e+003	   -1.378129e-003
+1.540577e+003	   -4.686543e-004
+1.544048e+003	   -1.302478e-003
+1.547527e+003	   -2.271069e-003
+1.551014e+003	   -2.544379e-003
+1.554509e+003	   -1.290526e-003
+1.558012e+003	   -6.553350e-004
+1.561523e+003	   -1.390229e-003
+1.565042e+003	   -2.232509e-003
+1.568568e+003	   -6.598039e-004
+1.572103e+003	   -1.632216e-003
+1.575645e+003	   -1.788097e-003
+1.579196e+003	   -1.737072e-003
+1.582754e+003	   -1.592812e-003
+1.586321e+003	   -1.759828e-003
+1.589895e+003	   -1.928098e-003
+1.593478e+003	   -1.635174e-003
+1.597069e+003	   -2.212315e-003
+1.600667e+003	   -1.499302e-003
+1.604274e+003	   -2.015701e-003
+1.607889e+003	   -2.615859e-003
+1.611512e+003	   -5.878785e-004
+1.615144e+003	   -6.917813e-004
+1.618783e+003	   -1.175247e-003
+1.622431e+003	   -2.917396e-003
+1.626087e+003	   -1.951684e-003
+1.629751e+003	   -2.388773e-003
+1.633423e+003	   -2.699764e-003
+1.637104e+003	   -2.013032e-003
+1.640793e+003	   -1.771836e-003
+1.644490e+003	   -2.557329e-003
+1.648196e+003	   -2.378075e-003
+1.651910e+003	   -1.575890e-003
+1.655632e+003	   -8.372384e-004
+1.659363e+003	   -4.744942e-004
+1.663102e+003	   -7.880359e-004
+1.666849e+003	   -2.836942e-003
+1.670605e+003	   -1.599922e-003
+1.674370e+003	   -2.024409e-003
+1.678143e+003	   -1.749077e-003
+1.681924e+003	   -3.015983e-003
+1.685714e+003	   -1.097302e-003
+1.689513e+003	   -1.127418e-003
+1.693320e+003	   -2.225236e-003
+1.697135e+003	   -2.600624e-003
+1.700960e+003	   -2.199241e-003
+1.704793e+003	   -1.360537e-003
+1.708634e+003	   -2.613829e-003
+1.712484e+003	   -1.714223e-003
+1.716343e+003	   -4.139171e-003
+1.720211e+003	   -2.182978e-003
+1.724087e+003	   -2.336439e-003
+1.727972e+003	   -2.372311e-003
+1.731866e+003	   -2.309391e-003
+1.735768e+003	   -2.004798e-003
+1.739679e+003	   -2.770789e-003
+1.743599e+003	   -2.909753e-003
+1.747528e+003	   -1.460663e-003
+1.751466e+003	   -1.410140e-003
+1.755413e+003	   -1.802417e-003
+1.759368e+003	   -2.331665e-003
+1.763333e+003	   -2.183443e-003
+1.767306e+003	   -2.725697e-003
+1.771289e+003	   -2.559460e-003
+1.775280e+003	   -2.818663e-003
+1.779280e+003	   -2.386912e-003
+1.783290e+003	   -2.639291e-003
+1.787308e+003	   -2.827584e-003
+1.791335e+003	   -2.308471e-003
+1.795372e+003	   -2.819482e-003
+1.799418e+003	   -2.372358e-003
+1.803472e+003	   -2.456793e-003
+1.807536e+003	   -2.065473e-003
+1.811609e+003	   -2.207868e-003
+1.815691e+003	   -3.516063e-003
+1.819783e+003	   -1.768034e-003
+1.823883e+003	   -1.852222e-003
+1.827993e+003	   -3.114915e-003
+1.832112e+003	   -3.550042e-003
+1.836241e+003	   +1.372903e-005
+1.840378e+003	   -2.987496e-003
+1.844526e+003	   -2.309113e-003
+1.848682e+003	   -2.886969e-003
+1.852848e+003	   -3.029177e-003
+1.857023e+003	   -3.084482e-003
+1.861207e+003	   -2.102791e-003
+1.865401e+003	   -2.510748e-003
+1.869604e+003	   -2.605242e-003
+1.873817e+003	   -2.375339e-003
+1.878040e+003	   -2.598138e-003
+1.882272e+003	   -3.439663e-003
+1.886513e+003	   -1.122461e-003
+1.890764e+003	   -2.592189e-003
+1.895025e+003	   -3.429068e-003
+1.899295e+003	   -2.812756e-003
+1.903575e+003	   -1.968980e-003
+1.907864e+003	   -2.054575e-003
+1.912163e+003	   -2.814620e-003
+1.916472e+003	   -2.348584e-003
+1.920790e+003	   -2.438570e-003
+1.925119e+003	   -3.004096e-003
+1.929457e+003	   -3.356975e-003
+1.933804e+003	   -2.506458e-003
+1.938162e+003	   -2.494616e-003
+1.942529e+003	   -2.792054e-003
+1.946906e+003	   -3.038184e-003
+1.951293e+003	   -4.004577e-003
+1.955690e+003	   -4.000616e-003
+1.960097e+003	   -2.528035e-003
+1.964514e+003	   -3.828043e-003
+1.968941e+003	   -3.455957e-003
+1.973377e+003	   -4.378171e-003
+1.977824e+003	   -2.749056e-003
+1.982281e+003	   -3.705681e-003
+1.986748e+003	   -4.126689e-003
+1.991224e+003	   -2.511990e-003
+1.995711e+003	   -2.555252e-003
+2.000208e+003	   -4.534868e-003
+2.004716e+003	   -3.649319e-003
+2.009233e+003	   -2.679416e-003
+2.013760e+003	   -3.195257e-003
+2.018298e+003	   -3.888706e-003
+2.022846e+003	   -3.576995e-003
+2.027404e+003	   -4.918431e-003
+2.031973e+003	   -1.201314e-003
+2.036552e+003	   -3.424554e-003
+2.041141e+003	   -4.086593e-003
+2.045740e+003	   -3.844447e-003
+2.050350e+003	   -2.416904e-003
+2.054970e+003	   -4.369230e-003
+2.059601e+003	   -1.543001e-003
+2.064241e+003	   -4.227640e-003
+2.068893e+003	   -2.535027e-003
+2.073555e+003	   -4.043249e-003
+2.078227e+003	   -2.492500e-003
+2.082910e+003	   -5.716350e-003
+2.087604e+003	   -1.509706e-003
+2.092308e+003	   -2.043857e-003
+2.097023e+003	   -1.796140e-003
+2.101748e+003	   -1.178894e-003
+2.106484e+003	   -4.281858e-003
+2.111231e+003	   -2.676551e-003
+2.115988e+003	   -5.073499e-003
+2.120756e+003	   -3.117635e-003
+2.125535e+003	   -4.950656e-003
+2.130324e+003	   -3.190407e-003
+2.135125e+003	   -4.013745e-003
+2.139936e+003	   -4.814302e-003
+2.144758e+003	   -2.859435e-003
+2.149591e+003	   -4.732370e-003
+2.154435e+003	   -3.985404e-003
+2.159289e+003	   -2.758922e-003
+2.164155e+003	   -4.256087e-003
+2.169032e+003	   -3.674985e-003
+2.173919e+003	   -3.630196e-003
+2.178818e+003	   -4.765671e-003
+2.183728e+003	   -3.103849e-003
+2.188648e+003	   -3.014977e-003
+2.193580e+003	   -2.742956e-003
+2.198523e+003	   -3.888286e-003
+2.203477e+003	   -4.930161e-003
+2.208442e+003	   -4.214522e-003
+2.213418e+003	   -1.427982e-003
+2.218406e+003	   -4.615254e-003
+2.223405e+003	   -3.183157e-003
+2.228415e+003	   -3.883960e-003
+2.233437e+003	   -3.816484e-003
+2.238469e+003	   -5.738178e-003
+2.243513e+003	   -4.238778e-003
+2.248569e+003	   -4.200843e-003
+2.253635e+003	   -3.662022e-003
+2.258714e+003	   -5.105308e-003
+2.263803e+003	   -3.441073e-003
+2.268905e+003	   -5.006214e-003
+2.274017e+003	   -3.364331e-003
+2.279141e+003	   -2.677686e-003
+2.284277e+003	   -3.129954e-003
+2.289424e+003	   -4.592548e-003
+2.294583e+003	   -4.303950e-003
+2.299754e+003	   -2.842390e-003
+2.304936e+003	   -4.244632e-003
+2.310130e+003	   -4.471151e-003
+2.315335e+003	   -4.669820e-003
+2.320552e+003	   -4.244071e-003
+2.325781e+003	   -4.006108e-003
+2.331022e+003	   -3.873413e-003
+2.336275e+003	   -4.867418e-003
+2.341539e+003	   -5.701923e-003
+2.346816e+003	   -4.782913e-003
+2.352104e+003	   -4.798548e-003
+2.357404e+003	   -5.310201e-003
+2.362716e+003	   -4.211912e-003
+2.368040e+003	   -4.433502e-003
+2.373376e+003	   -4.484367e-003
+2.378724e+003	   -4.003128e-003
+2.384084e+003	   -4.174823e-003
+2.389457e+003	   -1.266228e-003
+2.394841e+003	   -2.734999e-003
+2.400237e+003	   -4.874045e-003
+2.405646e+003	   -4.066407e-003
+2.411066e+003	   -4.286845e-003
+2.416500e+003	   -4.281998e-003
+2.421945e+003	   -6.245121e-003
+2.427402e+003	   -5.139262e-003
+2.432872e+003	   -5.024083e-003
+2.438354e+003	   -5.565939e-003
+2.443849e+003	   -5.504146e-003
+2.449355e+003	   -4.839819e-003
+2.454875e+003	   -4.190978e-003
+2.460406e+003	   -4.687538e-003
+2.465950e+003	   -5.195050e-003
+2.471507e+003	   -4.830234e-003
+2.477076e+003	   -3.750984e-003
+2.482658e+003	   -4.847437e-003
+2.488252e+003	   -3.545615e-003
+2.493859e+003	   -3.267291e-003
+2.499479e+003	   -4.200832e-003
+2.505111e+003	   -3.852546e-003
+2.510756e+003	   -5.226700e-003
+2.516414e+003	   -3.331608e-003
+2.522084e+003	   -3.573998e-003
+2.527767e+003	   -4.829351e-003
+2.533463e+003	   -3.868285e-003
+2.539172e+003	   -4.381743e-003
+2.544893e+003	   -5.019595e-003
+2.550628e+003	   -4.786300e-003
+2.556375e+003	   -4.422888e-003
+2.562136e+003	   -4.804472e-003
+2.567909e+003	   -5.446373e-003
+2.573696e+003	   -3.916265e-003
+2.579495e+003	   -5.346443e-003
+2.585308e+003	   -6.287614e-003
+2.591133e+003	   -5.026029e-003
+2.596972e+003	   -4.762665e-003
+2.602824e+003	   -5.036938e-003
+2.608689e+003	   -4.637442e-003
+2.614567e+003	   -4.076012e-003
+2.620459e+003	   -5.562028e-003
+2.626364e+003	   -5.503935e-003
+2.632282e+003	   -4.756332e-003
+2.638213e+003	   -4.898579e-003
+2.644158e+003	   -3.407856e-003
+2.650116e+003	   -4.731678e-003
+2.656088e+003	   -5.446715e-003
+2.662073e+003	   -5.427824e-003
+2.668072e+003	   -3.849535e-003
+2.674083e+003	   -4.894427e-003
+2.680109e+003	   -5.855449e-003
+2.686148e+003	   -5.432419e-003
+2.692201e+003	   -3.192784e-003
+2.698268e+003	   -5.945283e-003
+2.704348e+003	   -3.563684e-003
+2.710442e+003	   -4.853753e-003
+2.716549e+003	   -4.226916e-003
+2.722671e+003	   -6.558394e-003
+2.728806e+003	   -4.753105e-003
+2.734955e+003	   -6.102798e-003
+2.741118e+003	   -5.798480e-003
+2.747294e+003	   -5.164909e-003
+2.753485e+003	   -5.976178e-003
+2.759689e+003	   -3.927984e-003
+2.765908e+003	   -4.793765e-003
+2.772141e+003	   -5.489292e-003
+2.778387e+003	   -6.946516e-003
+2.784648e+003	   -5.848490e-003
+2.790923e+003	   -5.691580e-003
+2.797212e+003	   -3.335045e-003
+2.803515e+003	   -5.202090e-003
+2.809832e+003	   -3.927039e-003
+2.816164e+003	   -4.071633e-003
+2.822509e+003	   -4.388813e-003
+2.828869e+003	   -5.639252e-003
+2.835244e+003	   -6.648178e-003
+2.841633e+003	   -4.718109e-003
+2.848036e+003	   -4.377114e-003
+2.854454e+003	   -3.292938e-003
+2.860885e+003	   -3.638472e-003
+2.867332e+003	   -4.926189e-003
+2.873793e+003	   -4.438986e-003
+2.880269e+003	   -4.966154e-003
+2.886759e+003	   -4.801902e-003
+2.893264e+003	   -3.360260e-003
+2.899784e+003	   -6.012919e-003
+2.906318e+003	   -6.369778e-003
+2.912867e+003	   -4.631333e-003
+2.919430e+003	   -5.004302e-003
+2.926009e+003	   -4.929749e-003
+2.932602e+003	   -6.904560e-003
+2.939210e+003	   -5.721685e-003
+2.945833e+003	   -5.182364e-003
+2.952472e+003	   -5.291353e-003
+2.959125e+003	   -5.008653e-003
+2.965792e+003	   -6.191220e-003
+2.972476e+003	   -7.593920e-003
+2.979174e+003	   -6.722923e-003
+2.985887e+003	   -6.212392e-003
+2.992615e+003	   -6.300469e-003
+2.999358e+003	   -5.916575e-003
+3.006117e+003	   -4.548283e-003
+3.012891e+003	   -5.938299e-003
+3.019680e+003	   -5.106160e-003
+3.026484e+003	   -4.847378e-003
+3.033304e+003	   -4.673237e-003
+3.040139e+003	   -5.767521e-003
+3.046990e+003	   -6.675941e-003
+3.053855e+003	   -4.440236e-003
+3.060737e+003	   -5.863876e-003
+3.067634e+003	   -7.858979e-003
+3.074546e+003	   -5.815150e-003
+3.081474e+003	   -5.256333e-003
+3.088418e+003	   -6.330371e-003
+3.095377e+003	   -4.603129e-003
+3.102352e+003	   -4.988969e-003
+3.109343e+003	   -6.443175e-003
+3.116349e+003	   -6.148334e-003
+3.123372e+003	   -5.183614e-003
+3.130410e+003	   -4.689496e-003
+3.137464e+003	   -5.766876e-003
+3.144533e+003	   -6.949667e-003
+3.151619e+003	   -5.291540e-003
+3.158721e+003	   -5.453311e-003
+3.165839e+003	   -4.568511e-003
+3.172972e+003	   -5.668513e-003
+3.180122e+003	   -6.134257e-003
+3.187288e+003	   -5.505671e-003
+3.194470e+003	   -7.247758e-003
+3.201668e+003	   -6.023138e-003
+3.208883e+003	   -5.230521e-003
+3.216114e+003	   -4.981377e-003
+3.223361e+003	   -7.217023e-003
+3.230624e+003	   -5.502424e-003
+3.237904e+003	   -5.520042e-003
+3.245200e+003	   -7.000916e-003
+3.252512e+003	   -7.301945e-003
+3.259842e+003	   -5.215099e-003
+3.267187e+003	   -5.729154e-003
+3.274549e+003	   -4.687735e-003
+3.281928e+003	   -8.377032e-003
+3.289323e+003	   -7.171089e-003
+3.296735e+003	   -5.937458e-003
+3.304164e+003	   -6.014343e-003
+3.311609e+003	   -4.651319e-003
+3.319072e+003	   -6.895469e-003
+3.326551e+003	   -7.482074e-003
+3.334046e+003	   -7.120751e-003
+3.341559e+003	   -8.114445e-003
+3.349089e+003	   -5.253123e-003
+3.356636e+003	   -6.715090e-003
+3.364199e+003	   -6.588594e-003
+3.371780e+003	   -5.797614e-003
+3.379378e+003	   -6.494887e-003
+3.386993e+003	   -7.122910e-003
+3.394625e+003	   -7.548440e-003
+3.402274e+003	   -4.298480e-003
+3.409941e+003	   -6.442859e-003
+3.417625e+003	   -6.445138e-003
+3.425326e+003	   -5.941055e-003
+3.433044e+003	   -7.595560e-003
+3.440780e+003	   -7.664070e-003
+3.448533e+003	   -6.492956e-003
+3.456304e+003	   -4.972877e-003
+3.464092e+003	   -4.601783e-003
+3.471898e+003	   -4.927478e-003
+3.479721e+003	   -7.071336e-003
+3.487563e+003	   -7.588163e-003
+3.495421e+003	   -6.323046e-003
+3.503298e+003	   -7.664771e-003
+3.511192e+003	   -5.910751e-003
+3.519104e+003	   -5.955799e-003
+3.527033e+003	   -3.916974e-003
+3.534981e+003	   -4.345238e-003
+3.542947e+003	   -7.928594e-003
+3.550930e+003	   -4.288199e-003
+3.558932e+003	   -7.565503e-003
+3.566951e+003	   -8.096345e-003
+3.574989e+003	   -6.944270e-003
+3.583044e+003	   -1.048185e-002
+3.591118e+003	   -6.950581e-003
+3.599210e+003	   -9.132715e-003
+3.607321e+003	   -6.948750e-003
+3.615449e+003	   -7.639211e-003
+3.623596e+003	   -5.867616e-003
+3.631761e+003	   -8.082422e-003
+3.639945e+003	   -6.451929e-003
+3.648147e+003	   -8.488051e-003
+3.656368e+003	   -6.175211e-003
+3.664607e+003	   -5.284762e-003
+3.672864e+003	   -9.152206e-003
+3.681141e+003	   -5.696697e-003
+3.689436e+003	   -6.510127e-003
+3.697749e+003	   -5.656188e-003
+3.706081e+003	   -5.888637e-003
+3.714433e+003	   -5.461663e-003
+3.722802e+003	   -5.624017e-003
+3.731191e+003	   -7.974444e-003
+3.739599e+003	   -8.133389e-003
+3.748026e+003	   -7.814229e-003
+3.756471e+003	   -6.600649e-003
+3.764936e+003	   -5.058920e-003
+3.773419e+003	   -6.605560e-003
+3.781922e+003	   -6.549518e-003
+3.790444e+003	   -7.768758e-003
+3.798986e+003	   -5.162131e-003
+3.807546e+003	   -7.333031e-003
+3.816126e+003	   -6.093028e-003
+3.824725e+003	   -7.300765e-003
+3.833343e+003	   -6.680637e-003
+3.841981e+003	   -8.035452e-003
+3.850638e+003	   -5.787546e-003
+3.859315e+003	   -6.930345e-003
+3.868012e+003	   -7.963128e-003
+3.876728e+003	   -6.358040e-003
+3.885463e+003	   -4.736278e-003
+3.894219e+003	   -7.159067e-003
+3.902994e+003	   -6.674753e-003
+3.911789e+003	   -8.871331e-003
+3.920603e+003	   -4.209753e-003
+3.929438e+003	   -9.276016e-003
+3.938292e+003	   -5.928041e-003
+3.947167e+003	   -5.070213e-003
+3.956061e+003	   -6.979292e-003
+3.964975e+003	   -7.445398e-003
+3.973910e+003	   -6.861601e-003
+3.982864e+003	   -9.142696e-003
+3.991839e+003	   -7.496409e-003
+4.000834e+003	   -6.016799e-003
+4.009849e+003	   -6.834656e-003
+4.018885e+003	   -9.513957e-003
+4.027941e+003	   -7.663375e-003
+4.037017e+003	   -7.850100e-003
+4.046114e+003	   -7.346615e-003
+4.055231e+003	   -5.979175e-003
+4.064369e+003	   -6.282052e-003
+4.073528e+003	   -7.394914e-003
+4.082707e+003	   -5.030958e-003
+4.091906e+003	   -8.352907e-003
+4.101127e+003	   -7.491480e-003
+4.110368e+003	   -6.494408e-003
+4.119630e+003	   -9.118419e-003
+4.128914e+003	   -7.408977e-003
+4.138217e+003	   -8.817639e-003
+4.147542e+003	   -7.467302e-003
+4.156888e+003	   -5.627107e-003
+4.166255e+003	   -7.062429e-003
+4.175643e+003	   -8.191593e-003
+4.185052e+003	   -8.155714e-003
+4.194482e+003	   -9.900540e-003
+4.203934e+003	   -9.575360e-003
+4.213407e+003	   -9.007486e-003
+4.222901e+003	   -8.656676e-003
+4.232417e+003	   -7.453038e-003
+4.241954e+003	   -1.008208e-002
+4.251513e+003	   -9.161905e-003
+4.261093e+003	   -7.426493e-003
+4.270695e+003	   -9.913725e-003
+4.280318e+003	   -6.428690e-003
+4.289963e+003	   -6.003588e-003
+4.299630e+003	   -7.128643e-003
+4.309318e+003	   -7.532844e-003
+4.319029e+003	   -9.027977e-003
+4.328761e+003	   -5.375213e-003
+4.338516e+003	   -5.427788e-003
+4.348292e+003	   -4.997733e-003
+4.358090e+003	   -6.239707e-003
+4.367910e+003	   -6.470664e-003
+4.377752e+003	   -4.267865e-003
+4.387617e+003	   -6.770878e-003
+4.397504e+003	   -7.480064e-003
+4.407413e+003	   -1.000856e-002
+4.417345e+003	   -7.307149e-003
+4.427298e+003	   -9.284415e-003
+4.437275e+003	   -4.137057e-003
+4.447273e+003	   -6.599152e-003
+4.457295e+003	   -9.124254e-003
+4.467339e+003	   -7.295217e-003
+4.477405e+003	   -6.585742e-003
+4.487494e+003	   -4.106209e-003
+4.497606e+003	   -9.301394e-003
+4.507741e+003	   -7.280655e-003
+4.517898e+003	   -6.154661e-003
+4.528079e+003	   -6.844662e-003
+4.538282e+003	   -7.920416e-003
+4.548508e+003	   -8.796882e-003
+4.558758e+003	   -7.411296e-003
+4.569030e+003	   -7.747011e-003
+4.579326e+003	   -9.074681e-003
+4.589645e+003	   -6.105425e-003
+4.599987e+003	   -7.526087e-003
+4.610353e+003	   -8.044838e-003
+4.620741e+003	   -1.149507e-002
+4.631153e+003	   -8.218202e-003
+4.641589e+003	   -7.113793e-003
+4.652048e+003	   -9.651416e-003
+4.662531e+003	   -8.325049e-003
+4.673037e+003	   -1.017069e-002
+4.683567e+003	   -5.852678e-003
+4.694121e+003	   -9.423253e-003
+4.704698e+003	   -7.824007e-003
+4.715299e+003	   -4.707932e-003
+4.725925e+003	   -9.316267e-003
+4.736574e+003	   -7.738331e-003
+4.747247e+003	   -8.144670e-003
+4.757944e+003	   -9.744698e-003
+4.768666e+003	   -1.047466e-002
+4.779411e+003	   -5.698342e-003
+4.790181e+003	   -6.810280e-003
+4.800975e+003	   -6.329544e-003
+4.811793e+003	   -7.509330e-003
+4.822636e+003	   -7.838381e-003
+4.833503e+003	   -6.774599e-003
+4.844395e+003	   -6.144880e-003
+4.855311e+003	   -5.260037e-003
+4.866251e+003	   -8.262669e-003
+4.877217e+003	   -7.402116e-003
+4.888207e+003	   -9.794930e-003
+4.899222e+003	   -1.061866e-002
+4.910261e+003	   -1.119324e-002
+4.921326e+003	   -5.878342e-003
+4.932415e+003	   -1.098141e-002
+4.943530e+003	   -1.045784e-002
+4.954669e+003	   -7.235720e-003
+4.965834e+003	   -9.261485e-003
+4.977023e+003	   -8.276387e-003
+4.988239e+003	   -9.426421e-003
+4.999479e+003	   -8.642069e-003
+5.010744e+003	   -6.928738e-003
+5.022035e+003	   -8.340204e-003
+5.033352e+003	   -1.128870e-002
+5.044694e+003	   -8.904253e-003
+5.056061e+003	   -1.052992e-002
+5.067454e+003	   -9.705951e-003
+5.078873e+003	   -8.966747e-003
+5.090317e+003	   -8.741459e-003
+5.101788e+003	   -8.096199e-003
+5.113284e+003	   -1.021233e-002
+5.124806e+003	   -6.913588e-003
+5.136354e+003	   -1.038833e-002
+5.147928e+003	   -5.208249e-003
+5.159528e+003	   -6.607714e-003
+5.171154e+003	   -8.150201e-003
+5.182807e+003	   -6.564455e-003
+5.194485e+003	   -8.964168e-003
+5.206190e+003	   -6.893842e-003
+5.217922e+003	   -6.673555e-003
+5.229680e+003	   -5.700470e-003
+5.241464e+003	   -8.981233e-003
+5.253274e+003	   -9.162402e-003
+5.265112e+003	   -6.535160e-003
+5.276976e+003	   -1.215236e-002
+5.288867e+003	   -7.658973e-003
+5.300785e+003	   -8.890373e-003
+5.312729e+003	   -7.087008e-003
+5.324701e+003	   -5.041379e-003
+5.336699e+003	   -6.534533e-003
+5.348725e+003	   -5.886683e-003
+5.360777e+003	   -6.020342e-003
+5.372857e+003	   -9.310113e-003
+5.384964e+003	   -4.885122e-003
+5.397098e+003	   -1.029396e-002
+5.409260e+003	   -1.111564e-002
+5.421449e+003	   -6.561478e-003
+5.433665e+003	   -9.428678e-003
+5.445909e+003	   -1.255043e-002
+5.458181e+003	   -8.939816e-003
+5.470480e+003	   -1.059594e-002
+5.482807e+003	   -6.701078e-003
+5.495161e+003	   -1.025971e-002
+5.507544e+003	   -1.087448e-002
+5.519954e+003	   -9.662711e-003
+5.532393e+003	   -7.400561e-003
+5.544859e+003	   -1.131930e-002
+5.557354e+003	   -1.258890e-002
+5.569876e+003	   -9.469425e-003
+5.582427e+003	   -8.375975e-003
+5.595006e+003	   -7.186969e-003
+5.607614e+003	   -8.013461e-003
+5.620250e+003	   -8.227442e-003
+5.632914e+003	   -8.338105e-003
+5.645607e+003	   -7.933270e-003
+5.658329e+003	   -1.148437e-002
+5.671079e+003	   -5.146330e-003
+5.683858e+003	   -1.073998e-002
+5.696666e+003	   -9.152570e-003
+5.709502e+003	   -9.955610e-003
+5.722368e+003	   -8.522966e-003
+5.735262e+003	   -6.906498e-003
+5.748186e+003	   -9.192840e-003
+5.761138e+003	   -8.499862e-003
+5.774120e+003	   -1.131344e-002
+5.787131e+003	   -8.195353e-003
+5.800172e+003	   -1.146991e-002
+5.813242e+003	   -1.012849e-002
+5.826341e+003	   -9.903041e-003
+5.839470e+003	   -8.802828e-003
+5.852628e+003	   -9.721709e-003
+5.865816e+003	   -1.139271e-002
+5.879034e+003	   -1.167471e-002
+5.892281e+003	   -9.541325e-003
+5.905559e+003	   -1.053016e-002
+5.918866e+003	   -8.933250e-003
+5.932204e+003	   -9.244694e-003
+5.945571e+003	   -7.925605e-003
+5.958968e+003	   -9.364221e-003
+5.972396e+003	   -7.003745e-003
+5.985854e+003	   -9.980646e-003
+5.999342e+003	   -8.669197e-003
+6.012860e+003	   -8.135735e-003
+6.026410e+003	   -1.033953e-002
+6.039989e+003	   -9.980806e-003
+6.053600e+003	   -8.565515e-003
+6.067240e+003	   -1.204629e-002
+6.080912e+003	   -1.046265e-002
+6.094614e+003	   -9.128286e-003
+6.108348e+003	   -8.272395e-003
+6.122112e+003	   -1.142777e-002
+6.135907e+003	   -1.047505e-002
+6.149733e+003	   -7.324646e-003
+6.163591e+003	   -1.015631e-002
+6.177480e+003	   -1.061778e-002
+6.191400e+003	   -6.639938e-003
+6.205351e+003	   -8.619538e-003
+6.219334e+003	   -9.941244e-003
+6.233349e+003	   -7.134612e-003
+6.247395e+003	   -7.916856e-003
+6.261472e+003	   -6.765044e-003
+6.275581e+003	   -9.069158e-003
+6.289722e+003	   -6.726563e-003
+6.303896e+003	   -9.282839e-003
+6.318100e+003	   -7.691284e-003
+6.332337e+003	   -9.119841e-003
+6.346606e+003	   -1.268254e-002
+6.360907e+003	   -7.746528e-003
+6.375241e+003	   -9.540636e-003
+6.389606e+003	   -6.954164e-003
+6.404004e+003	   -1.281395e-002
+6.418435e+003	   -1.182785e-002
+6.432898e+003	   -8.113385e-003
+6.447393e+003	   -8.594219e-003
+6.461921e+003	   -8.999008e-003
+6.476482e+003	   -1.006992e-002
+6.491076e+003	   -1.211377e-002
+6.505703e+003	   -1.160621e-002
+6.520363e+003	   -7.749534e-003
+6.535055e+003	   -1.212822e-002
+6.549781e+003	   -1.028637e-002
+6.564540e+003	   -9.509000e-003
+6.579332e+003	   -8.778409e-003
+6.594158e+003	   -8.922955e-003
+6.609017e+003	   -9.730229e-003
+6.623909e+003	   -6.352542e-003
+6.638835e+003	   -7.730200e-003
+6.653795e+003	   -1.212207e-002
+6.668788e+003	   -9.520186e-003
+6.683815e+003	   -1.089949e-002
+6.698876e+003	   -1.228863e-002
+6.713971e+003	   -8.610642e-003
+6.729100e+003	   -9.626626e-003
+6.744263e+003	   -9.150055e-003
+6.759460e+003	   -6.189226e-003
+6.774692e+003	   -9.386387e-003
+6.789958e+003	   -6.566902e-003
+6.805258e+003	   -6.930502e-003
+6.820592e+003	   -7.431363e-003
+6.835961e+003	   -9.470743e-003
+6.851365e+003	   -6.571444e-003
+6.866804e+003	   -1.231766e-002
+6.882277e+003	   -9.334790e-003
+6.897785e+003	   -7.002124e-003
+6.913329e+003	   -1.328389e-002
+6.928907e+003	   -1.070097e-002
+6.944520e+003	   -7.376770e-003
+6.960168e+003	   -1.078002e-002
+6.975852e+003	   -1.005950e-002
+6.991571e+003	   -1.145541e-002
+7.007326e+003	   -7.728768e-003
+7.023116e+003	   -1.202986e-002
+7.038941e+003	   -6.237453e-003
+7.054802e+003	   -1.041359e-002
+7.070699e+003	   -1.007632e-002
+7.086632e+003	   -8.596994e-003
+7.102601e+003	   -9.750961e-003
+7.118605e+003	   -7.076303e-003
+7.134646e+003	   -1.219016e-002
+7.150723e+003	   -7.529903e-003
+7.166836e+003	   -9.130023e-003
+7.182985e+003	   -1.257950e-002
+7.199171e+003	   -1.118514e-002
+7.215394e+003	   -1.182679e-002
+7.231652e+003	   -9.977543e-003
+7.247948e+003	   -1.089431e-002
+7.264280e+003	   -9.094343e-003
+7.280649e+003	   -1.154326e-002
+7.297055e+003	   -9.590472e-003
+7.313498e+003	   -7.459001e-003
+7.329978e+003	   -8.011268e-003
+7.346495e+003	   -9.466490e-003
+7.363049e+003	   -1.263173e-002
+7.379640e+003	   -1.155868e-002
+7.396269e+003	   -1.037707e-002
+7.412936e+003	   -1.017028e-002
+7.429640e+003	   -1.334527e-002
+7.446381e+003	   -1.110717e-002
+7.463161e+003	   -7.850554e-003
+7.479978e+003	   -1.071203e-002
+7.496833e+003	   -1.108048e-002
+7.513726e+003	   -9.408670e-003
+7.530657e+003	   -1.001186e-002
+7.547626e+003	   -1.234463e-002
+7.564633e+003	   -8.365664e-003
+7.581679e+003	   -1.072443e-002
+7.598763e+003	   -1.088568e-002
+7.615886e+003	   -1.147231e-002
+7.633047e+003	   -9.031501e-003
+7.650247e+003	   -9.890803e-003
+7.667486e+003	   -1.300923e-002
+7.684763e+003	   -8.238435e-003
+7.702080e+003	   -9.604092e-003
+7.719436e+003	   -1.074491e-002
+7.736830e+003	   -1.123462e-002
+7.754264e+003	   -1.249421e-002
+7.771737e+003	   -1.350728e-002
+7.789249e+003	   -1.260230e-002
+7.806801e+003	   -1.003898e-002
+7.824393e+003	   -1.217654e-002
+7.842024e+003	   -1.057987e-002
+7.859694e+003	   -8.833794e-003
+7.877405e+003	   -1.175511e-002
+7.895156e+003	   -1.057942e-002
+7.912946e+003	   -9.458800e-003
+7.930777e+003	   -1.366276e-002
+7.948648e+003	   -1.203152e-002
+7.966559e+003	   -9.198520e-003
+7.984510e+003	   -9.799631e-003
+8.002502e+003	   -1.010281e-002
+8.020535e+003	   -1.184368e-002
+8.038608e+003	   -1.005398e-002
+8.056722e+003	   -1.019492e-002
+8.074876e+003	   -7.963830e-003
+8.093072e+003	   -1.051691e-002
+8.111308e+003	   -6.907644e-003
+8.129586e+003	   -1.220070e-002
+8.147905e+003	   -1.237167e-002
+8.166265e+003	   -1.354017e-002
+8.184667e+003	   -1.211961e-002
+8.203109e+003	   -9.761727e-003
+8.221594e+003	   -9.357832e-003
+8.240120e+003	   -9.733409e-003
+8.258688e+003	   -9.235020e-003
+8.277298e+003	   -1.103004e-002
+8.295949e+003	   -1.215200e-002
+8.314643e+003	   -1.034005e-002
+8.333379e+003	   -1.288707e-002
+8.352156e+003	   -1.092107e-002
+8.370977e+003	   -9.663852e-003
+8.389840e+003	   -1.223468e-002
+8.408745e+003	   -1.249922e-002
+8.427692e+003	   -1.317836e-002
+8.446684e+003	   -9.847289e-003
+8.465717e+003	   -1.057531e-002
+8.484793e+003	   -1.245671e-002
+8.503912e+003	   -1.468863e-002
+8.523074e+003	   -7.492997e-003
+8.542280e+003	   -7.115150e-003
+8.561528e+003	   -1.143873e-002
+8.580821e+003	   -1.397669e-002
+8.600156e+003	   -1.222426e-002
+8.619536e+003	   -1.019270e-002
+8.638959e+003	   -1.098417e-002
+8.658425e+003	   -8.911219e-003
+8.677936e+003	   -1.083259e-002
+8.697490e+003	   -8.568865e-003
+8.717089e+003	   -9.137010e-003
+8.736731e+003	   -1.152839e-002
+8.756418e+003	   -1.041013e-002
+8.776149e+003	   -1.062760e-002
+8.795925e+003	   -9.141305e-003
+8.815745e+003	   -1.349450e-002
+8.835610e+003	   -1.256555e-002
+8.855521e+003	   -1.014539e-002
+8.875475e+003	   -9.751483e-003
+8.895475e+003	   -7.681371e-003
+8.915519e+003	   -1.061382e-002
+8.935608e+003	   -7.268726e-003
+8.955744e+003	   -1.140523e-002
+8.975924e+003	   -1.204498e-002
+8.996150e+003	   -8.940620e-003
+9.016422e+003	   -1.096030e-002
+9.036739e+003	   -1.109528e-002
+9.057102e+003	   -8.917318e-003
+9.077511e+003	   -9.686275e-003
+9.097966e+003	   -8.017899e-003
+9.118467e+003	   -9.082150e-003
+9.139014e+003	   -1.012165e-002
+9.159606e+003	   -1.350374e-002
+9.180247e+003	   -1.110119e-002
+9.200933e+003	   -6.440268e-003
+9.221666e+003	   -1.338430e-002
+9.242445e+003	   -7.220606e-003
+9.263272e+003	   -1.048465e-002
+9.284146e+003	   -7.804960e-003
+9.305065e+003	   -1.234977e-002
+9.326033e+003	   -9.480384e-003
+9.347048e+003	   -1.241283e-002
+9.368110e+003	   -8.977134e-003
+9.389220e+003	   -1.172100e-002
+9.410377e+003	   -1.190380e-002
+9.431582e+003	   -9.850138e-003
+9.452835e+003	   -1.049057e-002
+9.474136e+003	   -1.078571e-002
+9.495484e+003	   -9.464945e-003
+9.516881e+003	   -1.181279e-002
+9.538325e+003	   -1.304687e-002
+9.559818e+003	   -7.980547e-003
+9.581360e+003	   -1.354719e-002
+9.602950e+003	   -1.216400e-002
+9.624590e+003	   -1.288027e-002
+9.646277e+003	   -9.987184e-003
+9.668014e+003	   -8.239008e-003
+9.689799e+003	   -8.987300e-003
+9.711634e+003	   -1.082922e-002
+9.733517e+003	   -1.191820e-002
+9.755450e+003	   -1.380003e-002
+9.777433e+003	   -1.019028e-002
+9.799465e+003	   -8.022065e-003
+9.821546e+003	   -1.142287e-002
+9.843678e+003	   -1.192697e-002
+9.865858e+003	   -7.315184e-003
+9.888090e+003	   -1.416162e-002
+9.910371e+003	   -1.161509e-002
+9.932703e+003	   -9.373622e-003
+9.955085e+003	   -1.346673e-002
+9.977518e+003	   -7.408997e-003
+1.000000e+004	   -1.025163e-002
+1.002253e+004	   -1.279974e-002
+1.004512e+004	   -9.576564e-003
+1.006775e+004	   -1.113104e-002
+1.009044e+004	   -1.248603e-002
+1.011318e+004	   -1.393097e-002
+1.013596e+004	   -9.597991e-003
+1.015880e+004	   -1.556121e-002
+1.018170e+004	   -1.064523e-002
+1.020464e+004	   -1.363602e-002
+1.022763e+004	   -1.440695e-002
+1.025068e+004	   -1.325324e-002
+1.027378e+004	   -9.760553e-003
+1.029693e+004	   -1.162904e-002
+1.032013e+004	   -1.092489e-002
+1.034339e+004	   -1.310933e-002
+1.036669e+004	   -1.005225e-002
+1.039005e+004	   -8.374860e-003
+1.041347e+004	   -1.238723e-002
+1.043693e+004	   -1.243131e-002
+1.046045e+004	   -1.210969e-002
+1.048402e+004	   -1.120985e-002
+1.050764e+004	   -1.292891e-002
+1.053132e+004	   -1.249737e-002
+1.055505e+004	   -1.453511e-002
+1.057884e+004	   -1.424882e-002
+1.060267e+004	   -1.328875e-002
+1.062657e+004	   -1.425809e-002
+1.065051e+004	   -9.398697e-003
+1.067451e+004	   -9.056960e-003
+1.069856e+004	   -1.145592e-002
+1.072267e+004	   -1.327569e-002
+1.074683e+004	   -1.165802e-002
+1.077105e+004	   -7.799415e-003
+1.079532e+004	   -1.179256e-002
+1.081965e+004	   -9.057218e-003
+1.084403e+004	   -1.070100e-002
+1.086846e+004	   -9.161558e-003
+1.089295e+004	   -1.358875e-002
+1.091750e+004	   -1.228170e-002
+1.094210e+004	   -1.026709e-002
+1.096676e+004	   -1.247577e-002
+1.099147e+004	   -7.946128e-003
+1.101624e+004	   -9.523738e-003
+1.104106e+004	   -1.143477e-002
+1.106594e+004	   -1.092544e-002
+1.109087e+004	   -1.051223e-002
+1.111587e+004	   -1.108601e-002
+1.114091e+004	   -1.238563e-002
+1.116602e+004	   -1.103234e-002
+1.119118e+004	   -1.508730e-002
+1.121640e+004	   -9.247175e-003
+1.124167e+004	   -1.307940e-002
+1.126700e+004	   -9.739012e-003
+1.129239e+004	   -1.004590e-002
+1.131784e+004	   -1.319847e-002
+1.134334e+004	   -1.495542e-002
+1.136890e+004	   -1.224150e-002
+1.139452e+004	   -1.058562e-002
+1.142019e+004	   -1.273629e-002
+1.144593e+004	   -1.264232e-002
+1.147172e+004	   -1.463064e-002
+1.149757e+004	   -8.001873e-003
+1.152348e+004	   -1.089852e-002
+1.154944e+004	   -7.726623e-003
+1.157547e+004	   -1.416431e-002
+1.160155e+004	   -1.456728e-002
+1.162770e+004	   -1.300681e-002
+1.165390e+004	   -1.013200e-002
+1.168016e+004	   -1.299511e-002
+1.170648e+004	   -1.495132e-002
+1.173286e+004	   -1.190142e-002
+1.175929e+004	   -1.197026e-002
+1.178579e+004	   -1.242461e-002
+1.181235e+004	   -8.324154e-003
+1.183897e+004	   -1.167238e-002
+1.186564e+004	   -1.359899e-002
+1.189238e+004	   -1.526555e-002
+1.191918e+004	   -1.373579e-002
+1.194604e+004	   -1.192021e-002
+1.197296e+004	   -1.137355e-002
+1.199993e+004	   -1.390208e-002
+1.202697e+004	   -8.933160e-003
+1.205408e+004	   -9.510500e-003
+1.208124e+004	   -1.346127e-002
+1.210846e+004	   -1.308178e-002
+1.213575e+004	   -1.118477e-002
+1.216309e+004	   -1.176243e-002
+1.219050e+004	   -9.910484e-003
+1.221797e+004	   -9.692468e-003
+1.224550e+004	   -1.141419e-002
+1.227309e+004	   -1.040105e-002
+1.230075e+004	   -9.788695e-003
+1.232847e+004	   -1.357595e-002
+1.235625e+004	   -1.312546e-002
+1.238409e+004	   -1.389480e-002
+1.241200e+004	   -1.237305e-002
+1.243996e+004	   -1.441413e-002
+1.246800e+004	   -9.090967e-003
+1.249609e+004	   -1.147382e-002
+1.252425e+004	   -1.209253e-002
+1.255247e+004	   -1.186609e-002
+1.258076e+004	   -1.257354e-002
+1.260911e+004	   -9.484800e-003
+1.263752e+004	   -1.119850e-002
+1.266599e+004	   -1.099257e-002
+1.269454e+004	   -1.205535e-002
+1.272314e+004	   -1.267595e-002
+1.275181e+004	   -1.352591e-002
+1.278054e+004	   -7.985201e-003
+1.280934e+004	   -1.158683e-002
+1.283821e+004	   -1.211907e-002
+1.286714e+004	   -1.445531e-002
+1.289613e+004	   -1.236292e-002
+1.292519e+004	   -9.861660e-003
+1.295432e+004	   -1.174651e-002
+1.298351e+004	   -8.909010e-003
+1.301276e+004	   -1.263767e-002
+1.304208e+004	   -1.500098e-002
+1.307147e+004	   -1.536087e-002
+1.310093e+004	   -1.205258e-002
+1.313045e+004	   -1.225561e-002
+1.316004e+004	   -1.001548e-002
+1.318969e+004	   -1.268718e-002
+1.321941e+004	   -9.496003e-003
+1.324920e+004	   -1.175450e-002
+1.327905e+004	   -1.539363e-002
+1.330898e+004	   -9.446127e-003
+1.333897e+004	   -8.099715e-003
+1.336902e+004	   -1.281736e-002
+1.339915e+004	   -1.390852e-002
+1.342934e+004	   -9.670186e-003
+1.345960e+004	   -1.086019e-002
+1.348993e+004	   -1.208737e-002
+1.352033e+004	   -8.801904e-003
+1.355080e+004	   -1.177261e-002
+1.358133e+004	   -1.125875e-002
+1.361193e+004	   -1.219124e-002
+1.364261e+004	   -9.880341e-003
+1.367335e+004	   -1.420076e-002
+1.370416e+004	   -1.503355e-002
+1.373504e+004	   -1.363720e-002
+1.376599e+004	   -1.498827e-002
+1.379701e+004	   -8.409683e-003
+1.382810e+004	   -1.147694e-002
+1.385926e+004	   -1.283433e-002
+1.389049e+004	   -1.184611e-002
+1.392179e+004	   -1.379045e-002
+1.395316e+004	   -1.253192e-002
+1.398460e+004	   -1.298602e-002
+1.401611e+004	   -1.442421e-002
+1.404770e+004	   -1.210738e-002
+1.407935e+004	   -1.002596e-002
+1.411108e+004	   -8.968261e-003
+1.414287e+004	   -1.256111e-002
+1.417474e+004	   -1.161717e-002
+1.420668e+004	   -1.015670e-002
+1.423870e+004	   -1.132987e-002
+1.427078e+004	   -1.270658e-002
+1.430294e+004	   -8.797917e-003
+1.433517e+004	   -1.183005e-002
+1.436747e+004	   -1.100246e-002
+1.439984e+004	   -1.334171e-002
+1.443229e+004	   -1.362819e-002
+1.446481e+004	   -1.190862e-002
+1.449741e+004	   -8.606108e-003
+1.453007e+004	   -1.276044e-002
+1.456282e+004	   -1.255160e-002
+1.459563e+004	   -1.250348e-002
+1.462852e+004	   -9.423169e-003
+1.466148e+004	   -9.289610e-003
+1.469452e+004	   -1.339225e-002
+1.472763e+004	   -1.110061e-002
+1.476082e+004	   -1.350746e-002
+1.479408e+004	   -1.542698e-002
+1.482742e+004	   -8.900541e-003
+1.486083e+004	   -1.326652e-002
+1.489431e+004	   -1.339774e-002
+1.492788e+004	   -1.114017e-002
+1.496151e+004	   -1.086612e-002
+1.499523e+004	   -1.276503e-002
+1.502902e+004	   -1.460983e-002
+1.506288e+004	   -1.302301e-002
+1.509683e+004	   -1.241641e-002
+1.513084e+004	   -8.436868e-003
+1.516494e+004	   -1.322471e-002
+1.519911e+004	   -1.128659e-002
+1.523336e+004	   -1.076331e-002
+1.526769e+004	   -1.454562e-002
+1.530209e+004	   -1.080213e-002
+1.533657e+004	   -1.094145e-002
+1.537113e+004	   -1.144520e-002
+1.540577e+004	   -1.205693e-002
+1.544048e+004	   -8.830572e-003
+1.547527e+004	   -1.452948e-002
+1.551014e+004	   -1.034749e-002
+1.554509e+004	   -1.236515e-002
+1.558012e+004	   -1.035908e-002
+1.561523e+004	   -1.101760e-002
+1.565042e+004	   -1.135692e-002
+1.568568e+004	   -1.257263e-002
+1.572103e+004	   -9.140085e-003
+1.575645e+004	   -1.004185e-002
+1.579196e+004	   -1.198429e-002
+1.582754e+004	   -1.233059e-002
+1.586321e+004	   -1.426082e-002
+1.589895e+004	   -8.275983e-003
+1.593478e+004	   -1.243226e-002
+1.597069e+004	   -1.413161e-002
+1.600667e+004	   -1.139872e-002
+1.604274e+004	   -1.016190e-002
+1.607889e+004	   -7.302481e-003
+1.611512e+004	   -1.218788e-002
+1.615144e+004	   -1.504214e-002
+1.618783e+004	   -1.191223e-002
+1.622431e+004	   -1.419304e-002
+1.626087e+004	   -1.197246e-002
+1.629751e+004	   -1.225709e-002
+1.633423e+004	   -1.440962e-002
+1.637104e+004	   -1.115822e-002
+1.640793e+004	   -1.213200e-002
+1.644490e+004	   -1.126208e-002
+1.648196e+004	   -9.571139e-003
+1.651910e+004	   -7.549376e-003
+1.655632e+004	   -8.014865e-003
+1.659363e+004	   -1.305262e-002
+1.663102e+004	   -1.104627e-002
+1.666849e+004	   -1.095182e-002
+1.670605e+004	   -1.278148e-002
+1.674370e+004	   -1.140274e-002
+1.678143e+004	   -1.114712e-002
+1.681924e+004	   -1.145561e-002
+1.685714e+004	   -1.063326e-002
+1.689513e+004	   -1.172265e-002
+1.693320e+004	   -1.007977e-002
+1.697136e+004	   -1.262353e-002
+1.700960e+004	   -1.177778e-002
+1.704793e+004	   -1.157857e-002
+1.708634e+004	   -1.022548e-002
+1.712484e+004	   -1.249745e-002
+1.716343e+004	   -1.295292e-002
+1.720211e+004	   -1.104691e-002
+1.724087e+004	   -1.249033e-002
+1.727972e+004	   -1.005448e-002
+1.731866e+004	   -1.340258e-002
+1.735768e+004	   -1.167955e-002
+1.739679e+004	   -9.852481e-003
+1.743599e+004	   -1.195081e-002
+1.747528e+004	   -1.198602e-002
+1.751466e+004	   -1.107772e-002
+1.755413e+004	   -1.028259e-002
+1.759368e+004	   -1.427042e-002
+1.763333e+004	   -1.265091e-002
+1.767306e+004	   -1.274407e-002
+1.771289e+004	   -1.293625e-002
+1.775280e+004	   -1.352115e-002
+1.779280e+004	   -1.274454e-002
+1.783290e+004	   -1.608623e-002
+1.787308e+004	   -1.225023e-002
+1.791336e+004	   -1.226257e-002
+1.795372e+004	   -1.049694e-002
+1.799418e+004	   -9.508804e-003
+1.803472e+004	   -1.429095e-002
+1.807536e+004	   -1.498567e-002
+1.811609e+004	   -1.273410e-002
+1.815691e+004	   -1.135311e-002
+1.819783e+004	   -1.186175e-002
+1.823883e+004	   -1.228948e-002
+1.827993e+004	   -1.538978e-002
+1.832112e+004	   -8.721318e-003
+1.836241e+004	   -1.240279e-002
+1.840379e+004	   -1.414108e-002
+1.844525e+004	   -1.171694e-002
+1.848682e+004	   -1.578161e-002
+1.852847e+004	   -1.069928e-002
+1.857023e+004	   -8.640740e-003
+1.861207e+004	   -1.185229e-002
+1.865401e+004	   -9.345348e-003
+1.869604e+004	   -1.296764e-002
+1.873817e+004	   -1.086452e-002
+1.878040e+004	   -1.082085e-002
+1.882272e+004	   -1.329025e-002
+1.886513e+004	   -9.754973e-003
+1.890764e+004	   -1.565997e-002
+1.895025e+004	   -1.311026e-002
+1.899295e+004	   -1.636566e-002
+1.903575e+004	   -1.274773e-002
+1.907864e+004	   -1.468181e-002
+1.912163e+004	   -1.237908e-002
+1.916472e+004	   -1.110766e-002
+1.920790e+004	   -1.609389e-002
+1.925119e+004	   -1.125739e-002
+1.929456e+004	   -1.246365e-002
+1.933804e+004	   -1.383607e-002
+1.938162e+004	   -1.235233e-002
+1.942529e+004	   -1.256600e-002
+1.946906e+004	   -1.281099e-002
+1.951293e+004	   -1.279506e-002
+1.955690e+004	   -1.432217e-002
+1.960097e+004	   -1.164356e-002
+1.964514e+004	   -1.170272e-002
+1.968941e+004	   -1.342756e-002
+1.973378e+004	   -1.438903e-002
+1.977824e+004	   -1.264984e-002
+1.982281e+004	   -1.205629e-002
+1.986748e+004	   -9.952919e-003
+1.991225e+004	   -1.313521e-002
+1.995712e+004	   -1.027943e-002
+2.000209e+004	   -1.280935e-002
+2.004716e+004	   -1.304417e-002
+2.009233e+004	   -1.114670e-002
+2.013761e+004	   -1.212476e-002
+2.018298e+004	   -1.454150e-002
+2.022846e+004	   -1.597076e-002
+2.027404e+004	   -1.014436e-002
+2.031973e+004	   -1.090531e-002
+2.036552e+004	   -1.279162e-002
+2.041141e+004	   -1.143626e-002
+2.045740e+004	   -1.028494e-002
+2.050350e+004	   -1.172119e-002
+2.054970e+004	   -8.719116e-003
+2.059601e+004	   -1.184744e-002
+2.064242e+004	   -1.472960e-002
+2.068893e+004	   -1.224523e-002
+2.073555e+004	   -1.567885e-002
+2.078227e+004	   -1.489525e-002
+2.082910e+004	   -1.177868e-002
+2.087604e+004	   -1.228318e-002
+2.092308e+004	   -1.332172e-002
+2.097023e+004	   -1.181598e-002
+2.101748e+004	   -1.280175e-002
+2.106484e+004	   -1.287723e-002
+2.111231e+004	   -1.159806e-002
+2.115988e+004	   -1.303076e-002
+2.120756e+004	   -1.332329e-002
+2.125535e+004	   -1.136733e-002
+2.130324e+004	   -1.363472e-002
+2.135125e+004	   -1.037624e-002
+2.139936e+004	   -1.238593e-002
+2.144758e+004	   -1.466300e-002
+2.149591e+004	   -1.115863e-002
+2.154435e+004	   -1.223541e-002
+2.159289e+004	   -1.207113e-002
+2.164155e+004	   -9.034063e-003
+2.169032e+004	   -1.271639e-002
+2.173919e+004	   -9.790433e-003
+2.178818e+004	   -1.215162e-002
+2.183728e+004	   -1.232872e-002
+2.188648e+004	   -1.359757e-002
+2.193580e+004	   -1.292610e-002
+2.198523e+004	   -1.523003e-002
+2.203477e+004	   -1.128280e-002
+2.208442e+004	   -9.946208e-003
+2.213419e+004	   -1.150522e-002
+2.218406e+004	   -1.413256e-002
+2.223405e+004	   -1.519217e-002
+2.228415e+004	   -9.689773e-003
+2.233437e+004	   -1.177545e-002
+2.238469e+004	   -1.283452e-002
+2.243513e+004	   -1.002213e-002
+2.248569e+004	   -1.368777e-002
+2.253636e+004	   -1.303946e-002
+2.258714e+004	   -1.157127e-002
+2.263803e+004	   -1.400520e-002
+2.268904e+004	   -1.345550e-002
+2.274017e+004	   -1.249511e-002
+2.279141e+004	   -1.349420e-002
+2.284277e+004	   -1.362954e-002
+2.289424e+004	   -1.130248e-002
+2.294583e+004	   -1.167925e-002
+2.299754e+004	   -1.433318e-002
+2.304936e+004	   -1.258634e-002
+2.310130e+004	   -1.115399e-002
+2.315335e+004	   -1.150344e-002
+2.320553e+004	   -1.393097e-002
+2.325781e+004	   -1.510919e-002
+2.331022e+004	   -1.110816e-002
+2.336275e+004	   -1.220755e-002
+2.341539e+004	   -1.081887e-002
+2.346816e+004	   -1.399351e-002
+2.352104e+004	   -1.587454e-002
+2.357404e+004	   -1.345286e-002
+2.362716e+004	   -1.388853e-002
+2.368040e+004	   -1.167021e-002
+2.373376e+004	   -1.175893e-002
+2.378724e+004	   -1.313259e-002
+2.384084e+004	   -1.203035e-002
+2.389456e+004	   -1.272476e-002
+2.394841e+004	   -1.378622e-002
+2.400237e+004	   -1.642002e-002
+2.405646e+004	   -1.172721e-002
+2.411066e+004	   -9.868274e-003
+2.416499e+004	   -8.374080e-003
+2.421945e+004	   -1.010542e-002
+2.427402e+004	   -1.534803e-002
+2.432872e+004	   -1.389882e-002
+2.438354e+004	   -1.323638e-002
+2.443849e+004	   -1.276736e-002
+2.449355e+004	   -1.206987e-002
+2.454875e+004	   -1.227159e-002
+2.460406e+004	   -1.505798e-002
+2.465951e+004	   -1.505374e-002
+2.471507e+004	   -1.238554e-002
+2.477076e+004	   -1.396848e-002
+2.482658e+004	   -1.367191e-002
+2.488252e+004	   -1.311809e-002
+2.493859e+004	   -1.060236e-002
+2.499479e+004	   -1.150047e-002
+2.505111e+004	   -1.107989e-002
+2.510756e+004	   -1.282088e-002
+2.516413e+004	   -1.229996e-002
+2.522084e+004	   -1.149143e-002
+2.527767e+004	   -1.135159e-002
+2.533463e+004	   -1.047394e-002
+2.539172e+004	   -1.171588e-002
+2.544893e+004	   -1.090413e-002
+2.550628e+004	   -1.398492e-002
+2.556375e+004	   -1.178442e-002
+2.562136e+004	   -1.381454e-002
+2.567909e+004	   -1.185006e-002
+2.573696e+004	   -1.199772e-002
+2.579495e+004	   -1.305672e-002
+2.585308e+004	   -1.127271e-002
+2.591133e+004	   -1.218423e-002
+2.596972e+004	   -9.983912e-003
+2.602824e+004	   -1.159539e-002
+2.608689e+004	   -9.354213e-003
+2.614567e+004	   -1.010765e-002
+2.620459e+004	   -9.805406e-003
+2.626363e+004	   -9.112353e-003
+2.632282e+004	   -8.431079e-003
+2.638213e+004	   -9.054061e-003
+2.644158e+004	   -1.315065e-002
+2.650116e+004	   -1.273718e-002
+2.656088e+004	   -1.060031e-002
+2.662073e+004	   -1.136928e-002
+2.668071e+004	   -9.432280e-003
+2.674084e+004	   -1.464611e-002
+2.680109e+004	   -9.929520e-003
+2.686148e+004	   -1.116304e-002
+2.692201e+004	   -1.142445e-002
+2.698268e+004	   -8.037773e-003
+2.704348e+004	   -1.249848e-002
+2.710442e+004	   -1.169799e-002
+2.716549e+004	   -1.160595e-002
+2.722671e+004	   -1.630173e-002
+2.728806e+004	   -1.147946e-002
+2.734955e+004	   -1.364090e-002
+2.741118e+004	   -1.305690e-002
+2.747294e+004	   -1.052019e-002
+2.753485e+004	   -1.194386e-002
+2.759689e+004	   -1.371396e-002
+2.765908e+004	   -1.116995e-002
+2.772141e+004	   -1.013849e-002
+2.778387e+004	   -1.051612e-002
+2.784648e+004	   -1.422105e-002
+2.790923e+004	   -8.547295e-003
+2.797212e+004	   -8.687855e-003
+2.803515e+004	   -1.066987e-002
+2.809832e+004	   -1.050558e-002
+2.816163e+004	   -1.475903e-002
+2.822509e+004	   -1.098863e-002
+2.828870e+004	   -1.073355e-002
+2.835244e+004	   -1.220393e-002
+2.841633e+004	   -1.090467e-002
+2.848036e+004	   -8.815669e-003
+2.854454e+004	   -1.188187e-002
+2.860886e+004	   -1.379304e-002
+2.867332e+004	   -1.480827e-002
+2.873793e+004	   -1.064200e-002
+2.880269e+004	   -1.325438e-002
+2.886759e+004	   -1.121369e-002
+2.893264e+004	   -1.000837e-002
+2.899784e+004	   -1.232901e-002
+2.906318e+004	   -1.091980e-002
+2.912867e+004	   -1.009961e-002
+2.919430e+004	   -1.417971e-002
+2.926009e+004	   -1.436373e-002
+2.932602e+004	   -9.439789e-003
+2.939211e+004	   -1.221958e-002
+2.945834e+004	   -1.226092e-002
+2.952472e+004	   -1.296836e-002
+2.959125e+004	   -1.244526e-002
+2.965793e+004	   -1.014333e-002
+2.972475e+004	   -1.395646e-002
+2.979173e+004	   -9.010633e-003
+2.985887e+004	   -1.296072e-002
+2.992615e+004	   -1.381134e-002
+2.999358e+004	   -1.471383e-002
+3.006117e+004	   -1.073173e-002
+3.012891e+004	   -1.282651e-002
+3.019680e+004	   -1.222984e-002
+3.026484e+004	   -8.355083e-003
+3.033304e+004	   -1.122217e-002
+3.040139e+004	   -1.506891e-002
+3.046990e+004	   -1.325070e-002
+3.053855e+004	   -1.064107e-002
+3.060737e+004	   -1.187032e-002
+3.067634e+004	   -1.128084e-002
+3.074546e+004	   -1.120136e-002
+3.081474e+004	   -1.186973e-002
+3.088418e+004	   -1.255954e-002
+3.095377e+004	   -1.318794e-002
+3.102352e+004	   -1.126365e-002
+3.109343e+004	   -9.746591e-003
+3.116349e+004	   -9.572588e-003
+3.123372e+004	   -1.450743e-002
+3.130410e+004	   -1.041159e-002
+3.137463e+004	   -1.086008e-002
+3.144533e+004	   -1.137913e-002
+3.151619e+004	   -1.065285e-002
+3.158721e+004	   -1.175844e-002
+3.165838e+004	   -1.178893e-002
+3.172972e+004	   -1.113952e-002
+3.180122e+004	   -1.268392e-002
+3.187288e+004	   -1.164986e-002
+3.194470e+004	   -1.402651e-002
+3.201668e+004	   -1.245417e-002
+3.208883e+004	   -1.034962e-002
+3.216114e+004	   -7.158333e-003
+3.223361e+004	   -1.241007e-002
+3.230624e+004	   -9.051033e-003
+3.237904e+004	   -1.268511e-002
+3.245200e+004	   -1.467637e-002
+3.252513e+004	   -1.095298e-002
+3.259841e+004	   -1.436865e-002
+3.267187e+004	   -1.204471e-002
+3.274549e+004	   -1.144850e-002
+3.281928e+004	   -1.221448e-002
+3.289323e+004	   -6.839285e-003
+3.296735e+004	   -7.789459e-003
+3.304164e+004	   -9.727882e-003
+3.311609e+004	   -9.620453e-003
+3.319071e+004	   -1.000295e-002
+3.326551e+004	   -9.539242e-003
+3.334046e+004	   -1.292185e-002
+3.341559e+004	   -1.298490e-002
+3.349089e+004	   -1.064346e-002
+3.356636e+004	   -1.065287e-002
+3.364199e+004	   -1.090166e-002
+3.371780e+004	   -1.018223e-002
+3.379378e+004	   -9.889239e-003
+3.386993e+004	   -8.944932e-003
+3.394625e+004	   -1.234387e-002
+3.402274e+004	   -1.401838e-002
+3.409941e+004	   -9.852863e-003
+3.417625e+004	   -6.653101e-003
+3.425325e+004	   -7.948721e-003
+3.433044e+004	   -9.605252e-003
+3.440780e+004	   -9.688165e-003
+3.448533e+004	   -1.139619e-002
+3.456304e+004	   -1.007767e-002
+3.464092e+004	   -1.096406e-002
+3.471898e+004	   -9.339839e-003
+3.479721e+004	   -1.328849e-002
+3.487563e+004	   -6.671130e-003
+3.495421e+004	   -9.132488e-003
+3.503298e+004	   -1.152356e-002
+3.511192e+004	   -8.830998e-003
+3.519104e+004	   -1.195758e-002
+3.527034e+004	   -1.235062e-002
+3.534981e+004	   -1.132920e-002
+3.542946e+004	   -1.020085e-002
+3.550930e+004	   -7.715944e-003
+3.558932e+004	   -1.278758e-002
+3.566951e+004	   -1.007017e-002
+3.574989e+004	   -1.021660e-002
+3.583045e+004	   -1.168989e-002
+3.591118e+004	   -1.458768e-002
+3.599211e+004	   -1.183022e-002
+3.607321e+004	   -7.682024e-003
+3.615449e+004	   -1.298615e-002
+3.623596e+004	   -7.957081e-003
+3.631761e+004	   -1.095466e-002
+3.639945e+004	   -1.015214e-002
+3.648147e+004	   -1.018990e-002
+3.656368e+004	   -9.022630e-003
+3.664607e+004	   -8.892447e-003
+3.672864e+004	   -1.098787e-002
+3.681141e+004	   -9.935722e-003
+3.689436e+004	   -9.355343e-003
+3.697749e+004	   -1.059430e-002
+3.706081e+004	   -8.785062e-003
+3.714432e+004	   -1.225089e-002
+3.722802e+004	   -8.269888e-003
+3.731191e+004	   -1.450053e-002
+3.739599e+004	   -1.132048e-002
+3.748025e+004	   -9.650291e-003
+3.756471e+004	   -1.138583e-002
+3.764936e+004	   -1.349090e-002
+3.773420e+004	   -1.216499e-002
+3.781922e+004	   -1.020430e-002
+3.790445e+004	   -7.668844e-003
+3.798986e+004	   -1.131941e-002
+3.807546e+004	   -1.159778e-002
+3.816126e+004	   -1.139355e-002
+3.824725e+004	   -1.139436e-002
+3.833343e+004	   -9.605922e-003
+3.841981e+004	   -1.093295e-002
+3.850639e+004	   -1.322156e-002
+3.859315e+004	   -7.548286e-003
+3.868012e+004	   -7.582111e-003
+3.876728e+004	   -9.455110e-003
+3.885463e+004	   -1.349755e-002
+3.894219e+004	   -1.043537e-002
+3.902994e+004	   -5.751010e-003
+3.911789e+004	   -1.029069e-002
+3.920603e+004	   -7.701682e-003
+3.929438e+004	   -7.779835e-003
+3.938292e+004	   -7.955960e-003
+3.947166e+004	   -8.912834e-003
+3.956061e+004	   -8.768221e-003
+3.964975e+004	   -9.043819e-003
+3.973910e+004	   -1.062683e-002
+3.982864e+004	   -9.313544e-003
+3.991839e+004	   -1.047810e-002
+4.000834e+004	   -9.983640e-003
+4.009849e+004	   -1.158823e-002
+4.018885e+004	   -5.316122e-003
+4.027941e+004	   -8.941616e-003
+4.037017e+004	   -8.982422e-003
+4.046114e+004	   -9.360675e-003
+4.055231e+004	   -8.543945e-003
+4.064369e+004	   -1.130109e-002
+4.073528e+004	   -8.351217e-003
+4.082707e+004	   -8.715004e-003
+4.091907e+004	   -1.168454e-002
+4.101127e+004	   -8.976930e-003
+4.110368e+004	   -9.835464e-003
+4.119630e+004	   -8.220697e-003
+4.128913e+004	   -1.276247e-002
+4.138217e+004	   -7.725505e-003
+4.147542e+004	   -1.013345e-002
+4.156888e+004	   -4.877323e-003
+4.166255e+004	   -8.427163e-003
+4.175643e+004	   -9.527736e-003
+4.185052e+004	   -9.106594e-003
+4.194482e+004	   -9.881159e-003
+4.203934e+004	   -8.915484e-003
+4.213407e+004	   -6.431953e-003
+4.222902e+004	   -8.178276e-003
+4.232417e+004	   -9.173512e-003
+4.241954e+004	   -8.861843e-003
+4.251513e+004	   -1.096015e-002
+4.261093e+004	   -7.527466e-003
+4.270695e+004	   -1.016882e-002
+4.280318e+004	   -8.329106e-003
+4.289963e+004	   -7.575839e-003
+4.299630e+004	   -1.009848e-002
+4.309319e+004	   -9.084897e-003
+4.319029e+004	   -4.904052e-003
+4.328761e+004	   -8.016136e-003
+4.338516e+004	   -5.729392e-003
+4.348292e+004	   -7.654605e-003
+4.358090e+004	   -8.036702e-003
+4.367910e+004	   -8.745204e-003
+4.377753e+004	   -4.554734e-003
+4.387617e+004	   -9.030351e-003
+4.397504e+004	   -6.502504e-003
+4.407413e+004	   -6.491102e-003
+4.417345e+004	   -7.878200e-003
+4.427298e+004	   -8.231039e-003
+4.437275e+004	   -6.547712e-003
+4.447273e+004	   -9.635494e-003
+4.457295e+004	   -4.348869e-003
+4.467339e+004	   -9.946411e-003
+4.477405e+004	   -8.370032e-003
+4.487494e+004	   -7.553994e-003
+4.497606e+004	   -7.958724e-003
+4.507741e+004	   -5.792088e-003
+4.517898e+004	   -6.510091e-003
+4.528079e+004	   -9.498773e-003
+4.538282e+004	   -8.593403e-003
+4.548509e+004	   -7.868393e-003
+4.558758e+004	   -1.011359e-002
+4.569030e+004	   -8.006216e-003
+4.579326e+004	   -9.137971e-003
+4.589645e+004	   -4.147360e-003
+4.599987e+004	   -5.239997e-003
+4.610352e+004	   -9.658649e-003
+4.620741e+004	   -9.854438e-003
+4.631153e+004	   -9.889590e-003
+4.641589e+004	   -9.197735e-003
+4.652048e+004	   -8.200601e-003
+4.662530e+004	   -9.491136e-003
+4.673037e+004	   -9.644737e-003
+4.683567e+004	   -5.120750e-003
+4.694121e+004	   -6.933692e-003
+4.704698e+004	   -4.891671e-003
+4.715300e+004	   -4.554885e-003
+4.725925e+004	   -6.034293e-003
+4.736574e+004	   -8.515870e-003
+4.747247e+004	   -8.081077e-003
+4.757944e+004	   -1.125482e-002
+4.768666e+004	   -1.103871e-002
+4.779411e+004	   -7.583302e-003
+4.790181e+004	   -7.508489e-003
+4.800975e+004	   -8.326568e-003
+4.811793e+004	   -8.984028e-003
+4.822636e+004	   -8.281240e-003
+4.833503e+004	   -5.996580e-003
+4.844395e+004	   -4.504634e-003
+4.855311e+004	   -6.917042e-003
+4.866251e+004	   -7.118046e-003
+4.877216e+004	   -4.855340e-003
+4.888207e+004	   -3.390800e-003
+4.899221e+004	   -4.934787e-003
+4.910261e+004	   -5.187419e-003
+4.921326e+004	   -8.565737e-003
+4.932415e+004	   -6.744020e-003
+4.943530e+004	   -6.585316e-003
+4.954669e+004	   -5.113153e-003
+4.965834e+004	   -7.398528e-003
+4.977023e+004	   -7.656245e-003
+4.988239e+004	   -5.351259e-003
+4.999479e+004	   -7.491864e-003
+5.010745e+004	   -6.566092e-003
+5.022035e+004	   -4.738583e-003
+5.033352e+004	   -8.933427e-003
+5.044694e+004	   -5.655684e-003
+5.056061e+004	   -4.774828e-003
+5.067454e+004	   -9.246175e-003
+5.078873e+004	   -6.940541e-003
+5.090318e+004	   -7.004519e-003
+5.101788e+004	   -6.633420e-003
+5.113284e+004	   -3.682608e-003
+5.124806e+004	   -2.095754e-003
+5.136354e+004	   -6.223517e-003
+5.147928e+004	   -6.744782e-003
+5.159528e+004	   -6.845719e-003
+5.171154e+004	   -5.925893e-003
+5.182807e+004	   -9.887680e-003
+5.194485e+004	   -6.417089e-003
+5.206190e+004	   -3.745032e-003
+5.217922e+004	   -5.633353e-003
+5.229679e+004	   -6.816394e-003
+5.241464e+004	   -8.776727e-003
+5.253275e+004	   -8.613218e-003
+5.265112e+004	   -4.628459e-003
+5.276976e+004	   -6.120270e-003
+5.288867e+004	   -5.588760e-003
+5.300785e+004	   -6.138286e-003
+5.312729e+004	   -6.285672e-003
+5.324701e+004	   -6.377233e-003
+5.336699e+004	   -5.399220e-003
+5.348725e+004	   -4.763375e-003
+5.360777e+004	   -7.448257e-003
+5.372857e+004	   -7.236939e-003
+5.384964e+004	   -7.054640e-003
+5.397098e+004	   -3.065130e-003
+5.409260e+004	   -6.111683e-003
+5.421448e+004	   -7.622740e-003
+5.433665e+004	   -8.951543e-003
+5.445909e+004	   -5.384075e-003
+5.458180e+004	   -4.248058e-003
+5.470480e+004	   -6.188528e-003
+5.482807e+004	   -6.495894e-003
+5.495161e+004	   -1.025450e-002
+5.507544e+004	   -8.938527e-003
+5.519954e+004	   -8.953368e-003
+5.532393e+004	   -8.475518e-003
+5.544859e+004	   -7.849834e-003
+5.557354e+004	   -6.609174e-003
+5.569876e+004	   -8.980754e-003
+5.582427e+004	   -7.700337e-003
+5.595006e+004	   -9.523926e-003
+5.607614e+004	   -4.289761e-003
+5.620250e+004	   -3.617655e-003
+5.632914e+004	   -6.936325e-003
+5.645607e+004	   -5.436417e-003
+5.658329e+004	   -3.943075e-003
+5.671079e+004	   -6.184194e-003
+5.683858e+004	   -3.136550e-003
+5.696666e+004	   -5.437354e-003
+5.709502e+004	   -8.892573e-003
+5.722368e+004	   -6.546770e-003
+5.735262e+004	   -6.624813e-003
+5.748186e+004	   -1.049385e-002
+5.761138e+004	   -5.149658e-003
+5.774120e+004	   -5.796479e-003
+5.787131e+004	   -6.856249e-003
+5.800172e+004	   -8.245133e-003
+5.813242e+004	   -5.860063e-003
+5.826341e+004	   -8.179899e-003
+5.839470e+004	   -8.566095e-003
+5.852628e+004	   -7.269693e-003
+5.865816e+004	   -3.780514e-003
+5.879034e+004	   -3.347944e-003
+5.892281e+004	   -7.382452e-003
+5.905559e+004	   -5.741447e-003
+5.918866e+004	   -4.362023e-003
+5.932204e+004	   -6.301279e-003
+5.945571e+004	   -4.891795e-003
+5.958968e+004	   -8.954803e-003
+5.972396e+004	   -5.157356e-003
+5.985854e+004	   -8.397711e-003
+5.999342e+004	   -1.057060e-002
+6.012861e+004	   -9.049023e-003
+6.026410e+004	   -5.551077e-003
+6.039989e+004	   -4.979112e-003
+6.053600e+004	   -9.153602e-003
+6.067240e+004	   -8.926090e-003
+6.080912e+004	   -9.437910e-003
+6.094614e+004	   -1.089182e-002
+6.108348e+004	   -6.855433e-003
+6.122112e+004	   -8.588933e-003
+6.135907e+004	   -1.012098e-002
+6.149734e+004	   -6.990543e-003
+6.163591e+004	   -4.457187e-003
+6.177480e+004	   -9.373204e-003
+6.191400e+004	   -8.504210e-003
+6.205351e+004	   -5.425724e-003
+6.219334e+004	   -9.025720e-003
+6.233348e+004	   -6.153621e-003
+6.247395e+004	   -8.840685e-003
+6.261472e+004	   -9.588378e-003
+6.275581e+004	   -7.420870e-003
+6.289722e+004	   -7.082376e-003
+6.303895e+004	   -1.023334e-002
+6.318100e+004	   -1.016193e-002
+6.332337e+004	   -1.007774e-002
+6.346606e+004	   -8.287127e-003
+6.360907e+004	   -8.869166e-003
+6.375241e+004	   -2.226170e-003
+6.389606e+004	   -1.214700e-002
+6.404004e+004	   -7.376417e-003
+6.418435e+004	   -8.385597e-003
+6.432898e+004	   -6.044007e-003
+6.447393e+004	   -6.378624e-003
+6.461921e+004	   -9.958369e-003
+6.476482e+004	   -9.244774e-003
+6.491076e+004	   -8.976153e-003
+6.505703e+004	   -1.126312e-002
+6.520363e+004	   -8.684151e-003
+6.535055e+004	   -8.940096e-003
+6.549781e+004	   -8.484585e-003
+6.564540e+004	   -8.872079e-003
+6.579332e+004	   -1.090742e-002
+6.594158e+004	   -8.628108e-003
+6.609016e+004	   -9.843048e-003
+6.623909e+004	   -9.674971e-003
+6.638835e+004	   -1.025899e-002
+6.653795e+004	   -9.570359e-003
+6.668788e+004	   -1.054778e-002
+6.683816e+004	   -1.199378e-002
+6.698877e+004	   -9.487004e-003
+6.713971e+004	   -1.261402e-002
+6.729100e+004	   -9.785459e-003
+6.744263e+004	   -8.723650e-003
+6.759460e+004	   -1.126555e-002
+6.774691e+004	   -1.020230e-002
+6.789958e+004	   -7.348678e-003
+6.805258e+004	   -1.144643e-002
+6.820592e+004	   -7.674297e-003
+6.835962e+004	   -8.076417e-003
+6.851366e+004	   -1.094778e-002
+6.866804e+004	   -9.634000e-003
+6.882277e+004	   -1.332441e-002
+6.897785e+004	   -1.001746e-002
+6.913328e+004	   -1.128724e-002
+6.928907e+004	   -1.131783e-002
+6.944520e+004	   -1.008117e-002
+6.960169e+004	   -1.141283e-002
+6.975852e+004	   -1.058436e-002
+6.991571e+004	   -1.158973e-002
+7.007326e+004	   -1.264658e-002
+7.023116e+004	   -1.284017e-002
+7.038941e+004	   -1.379110e-002
+7.054802e+004	   -1.215996e-002
+7.070699e+004	   -1.495777e-002
+7.086632e+004	   -1.339665e-002
+7.102601e+004	   -1.255036e-002
+7.118605e+004	   -1.364834e-002
+7.134646e+004	   -9.007564e-003
+7.150723e+004	   -1.029723e-002
+7.166836e+004	   -1.018578e-002
+7.182985e+004	   -1.104796e-002
+7.199171e+004	   -1.273442e-002
+7.215394e+004	   -1.189986e-002
+7.231652e+004	   -1.327735e-002
+7.247948e+004	   -1.095145e-002
+7.264280e+004	   -9.140141e-003
+7.280649e+004	   -1.516246e-002
+7.297055e+004	   -1.429547e-002
+7.313498e+004	   -1.353546e-002
+7.329977e+004	   -1.345172e-002
+7.346495e+004	   -1.379787e-002
+7.363048e+004	   -8.235850e-003
+7.379641e+004	   -1.164509e-002
+7.396270e+004	   -1.455243e-002
+7.412936e+004	   -1.265915e-002
+7.429640e+004	   -8.445417e-003
+7.446381e+004	   -1.197707e-002
+7.463160e+004	   -1.186927e-002
+7.479977e+004	   -1.329653e-002
+7.496833e+004	   -1.165874e-002
+7.513726e+004	   -1.174776e-002
+7.530656e+004	   -1.152474e-002
+7.547626e+004	   -1.203384e-002
+7.564634e+004	   -1.337674e-002
+7.581679e+004	   -1.480966e-002
+7.598763e+004	   -1.461913e-002
+7.615886e+004	   -1.454970e-002
+7.633047e+004	   -1.706673e-002
+7.650247e+004	   -1.919995e-002
+7.667486e+004	   -1.205949e-002
+7.684763e+004	   -1.487205e-002
+7.702080e+004	   -1.339992e-002
+7.719435e+004	   -1.129045e-002
+7.736830e+004	   -1.437373e-002
+7.754264e+004	   -1.366418e-002
+7.771737e+004	   -1.211679e-002
+7.789249e+004	   -1.394808e-002
+7.806801e+004	   -1.122549e-002
+7.824393e+004	   -1.665153e-002
+7.842023e+004	   -1.405380e-002
+7.859695e+004	   -1.261766e-002
+7.877405e+004	   -1.457479e-002
+7.895155e+004	   -1.587550e-002
+7.912946e+004	   -1.660359e-002
+7.930777e+004	   -1.109741e-002
+7.948648e+004	   -1.531714e-002
+7.966559e+004	   -1.396863e-002
+7.984510e+004	   -1.358218e-002
+8.002502e+004	   -1.471233e-002
+8.020534e+004	   -1.553778e-002
+8.038608e+004	   -1.492819e-002
+8.056722e+004	   -1.634357e-002
+8.074877e+004	   -1.020499e-002
+8.093072e+004	   -1.442004e-002
+8.111309e+004	   -1.553581e-002
+8.129586e+004	   -1.503732e-002
+8.147905e+004	   -9.671355e-003
+8.166265e+004	   -1.570857e-002
+8.184666e+004	   -1.322871e-002
+8.203109e+004	   -1.358268e-002
+8.221594e+004	   -1.394011e-002
+8.240120e+004	   -1.292871e-002
+8.258688e+004	   -1.672327e-002
+8.277298e+004	   -1.566973e-002
+8.295949e+004	   -1.686713e-002
+8.314643e+004	   -1.576490e-002
+8.333379e+004	   -1.523588e-002
+8.352157e+004	   -1.260670e-002
+8.370977e+004	   -1.280127e-002
+8.389840e+004	   -1.168777e-002
+8.408745e+004	   -9.920238e-003
+8.427693e+004	   -1.157734e-002
+8.446684e+004	   -1.773414e-002
+8.465716e+004	   -1.141092e-002
+8.484793e+004	   -1.520143e-002
+8.503913e+004	   -1.362795e-002
+8.523074e+004	   -1.573134e-002
+8.542280e+004	   -1.408046e-002
+8.561529e+004	   -1.246420e-002
+8.580821e+004	   -1.317304e-002
+8.600156e+004	   -1.227394e-002
+8.619536e+004	   -1.295182e-002
+8.638959e+004	   -1.205503e-002
+8.658425e+004	   -1.316875e-002
+8.677936e+004	   -1.147350e-002
+8.697490e+004	   -1.357315e-002
+8.717088e+004	   -1.373680e-002
+8.736731e+004	   -1.647172e-002
+8.756418e+004	   -1.637365e-002
+8.776149e+004	   -1.178490e-002
+8.795925e+004	   -1.227397e-002
+8.815745e+004	   -1.342873e-002
+8.835610e+004	   -1.291699e-002
+8.855520e+004	   -1.156836e-002
+8.875475e+004	   -1.263232e-002
+8.895474e+004	   -1.150524e-002
+8.915519e+004	   -1.146824e-002
+8.935609e+004	   -9.623845e-003
+8.955744e+004	   -8.442021e-003
+8.975924e+004	   -1.066873e-002
+8.996150e+004	   -9.616352e-003
+9.016422e+004	   -1.306458e-002
+9.036739e+004	   -1.036253e-002
+9.057102e+004	   -7.194735e-003
+9.077511e+004	   -9.176526e-003
+9.097966e+004	   -9.856662e-003
+9.118466e+004	   -1.151107e-002
+9.139013e+004	   -1.145690e-002
+9.159607e+004	   -1.253133e-002
+9.180247e+004	   -1.369913e-002
+9.200933e+004	   -1.122208e-002
+9.221666e+004	   -1.008006e-002
+9.242445e+004	   -1.003416e-002
+9.263272e+004	   -9.805297e-003
+9.284145e+004	   -9.269209e-003
+9.305066e+004	   -8.643772e-003
+9.326034e+004	   -8.780052e-003
+9.347048e+004	   -8.806947e-003
+9.368110e+004	   -9.579947e-003
+9.389220e+004	   -1.016997e-002
+9.410377e+004	   -8.968126e-003
+9.431582e+004	   -8.377744e-003
+9.452835e+004	   -7.500482e-003
+9.474135e+004	   -7.937669e-003
+9.495484e+004	   -7.313830e-003
+9.516880e+004	   -4.503597e-003
+9.538326e+004	   -7.360450e-003
+9.559819e+004	   -9.180872e-003
+9.581360e+004	   -1.150474e-002
+9.602951e+004	   -4.274428e-003
+9.624589e+004	   -6.510119e-003
+9.646277e+004	   -7.621274e-003
+9.668013e+004	   -6.575195e-003
+9.689798e+004	   -4.739189e-003
+9.711634e+004	   -5.678872e-003
+9.733517e+004	   -5.403534e-003
+9.755450e+004	   -5.996739e-003
+9.777433e+004	   -7.137289e-003
+9.799465e+004	   -9.492961e-003
+9.821546e+004	   -8.274517e-003
+9.843677e+004	   -7.354220e-003
+9.865859e+004	   -7.838011e-003
+9.888090e+004	   -6.236455e-003
+9.910371e+004	   -3.077109e-003
+9.932703e+004	   -7.998016e-003
+9.955085e+004	   -2.970467e-003
+9.977517e+004	   -6.298355e-003
+1.000000e+005	   -7.559744e-003
