+1.000000e+003	   +2.561475e+001
+1.002253e+003	   +2.747311e+001
+1.004512e+003	   +3.006693e+001
+1.006775e+003	   +2.477498e+001
+1.009044e+003	   +3.016072e+001
+1.011318e+003	   +2.616816e+001
+1.013596e+003	   +2.522031e+001
+1.015880e+003	   +3.104300e+001
+1.018170e+003	   +3.054154e+001
+1.020464e+003	   +2.955659e+001
+1.022763e+003	   +2.963106e+001
+1.025068e+003	   +3.222267e+001
+1.027378e+003	   +2.766151e+001
+1.029693e+003	   +2.717918e+001
+1.032013e+003	   +2.935908e+001
+1.034339e+003	   +2.806404e+001
+1.036669e+003	   +2.775036e+001
+1.039005e+003	   +2.869249e+001
+1.041347e+003	   +2.685493e+001
+1.043693e+003	   +2.874283e+001
+1.046045e+003	   +2.885811e+001
+1.048402e+003	   +2.968927e+001
+1.050764e+003	   +2.759143e+001
+1.053132e+003	   +2.812519e+001
+1.055505e+003	   +2.893176e+001
+1.057884e+003	   +2.733038e+001
+1.060267e+003	   +2.808152e+001
+1.062657e+003	   +2.712380e+001
+1.065051e+003	   +2.714726e+001
+1.067451e+003	   +2.654860e+001
+1.069856e+003	   +2.768564e+001
+1.072267e+003	   +2.848276e+001
+1.074683e+003	   +2.710261e+001
+1.077105e+003	   +2.694096e+001
+1.079532e+003	   +2.952486e+001
+1.081965e+003	   +2.990147e+001
+1.084403e+003	   +2.969717e+001
+1.086846e+003	   +2.746159e+001
+1.089295e+003	   +2.630392e+001
+1.091750e+003	   +2.713766e+001
+1.094210e+003	   +2.915788e+001
+1.096676e+003	   +2.866153e+001
+1.099147e+003	   +2.779891e+001
+1.101624e+003	   +3.060209e+001
+1.104106e+003	   +2.896519e+001
+1.106594e+003	   +2.656182e+001
+1.109087e+003	   +2.843787e+001
+1.111587e+003	   +2.424315e+001
+1.114091e+003	   +2.765037e+001
+1.116602e+003	   +2.695537e+001
+1.119118e+003	   +2.470366e+001
+1.121640e+003	   +2.797301e+001
+1.124167e+003	   +2.792619e+001
+1.126700e+003	   +2.768708e+001
+1.129239e+003	   +2.657822e+001
+1.131784e+003	   +2.645947e+001
+1.134334e+003	   +2.480258e+001
+1.136890e+003	   +2.957121e+001
+1.139452e+003	   +2.852188e+001
+1.142020e+003	   +2.753021e+001
+1.144593e+003	   +2.796482e+001
+1.147172e+003	   +2.934688e+001
+1.149757e+003	   +2.922998e+001
+1.152348e+003	   +2.811391e+001
+1.154944e+003	   +3.106097e+001
+1.157547e+003	   +2.895411e+001
+1.160155e+003	   +2.776070e+001
+1.162770e+003	   +2.747072e+001
+1.165390e+003	   +2.839766e+001
+1.168016e+003	   +2.930636e+001
+1.170648e+003	   +3.100692e+001
+1.173286e+003	   +2.863930e+001
+1.175929e+003	   +2.862554e+001
+1.178579e+003	   +2.679166e+001
+1.181235e+003	   +2.979165e+001
+1.183897e+003	   +2.870155e+001
+1.186564e+003	   +2.671007e+001
+1.189238e+003	   +2.863860e+001
+1.191918e+003	   +2.891609e+001
+1.194604e+003	   +2.643068e+001
+1.197296e+003	   +2.723929e+001
+1.199994e+003	   +2.737587e+001
+1.202698e+003	   +2.917917e+001
+1.205408e+003	   +3.124309e+001
+1.208124e+003	   +2.875706e+001
+1.210846e+003	   +3.025578e+001
+1.213575e+003	   +2.808956e+001
+1.216309e+003	   +2.821396e+001
+1.219050e+003	   +3.067317e+001
+1.221797e+003	   +2.812697e+001
+1.224550e+003	   +2.933469e+001
+1.227309e+003	   +2.803516e+001
+1.230075e+003	   +2.544915e+001
+1.232847e+003	   +3.017324e+001
+1.235625e+003	   +3.179535e+001
+1.238409e+003	   +2.758241e+001
+1.241200e+003	   +3.038123e+001
+1.243996e+003	   +2.955684e+001
+1.246800e+003	   +3.000903e+001
+1.249609e+003	   +3.092411e+001
+1.252425e+003	   +3.487131e+001
+1.255247e+003	   +2.551415e+001
+1.258076e+003	   +2.847539e+001
+1.260911e+003	   +2.748972e+001
+1.263752e+003	   +2.573732e+001
+1.266599e+003	   +2.702595e+001
+1.269453e+003	   +2.892959e+001
+1.272314e+003	   +3.011254e+001
+1.275181e+003	   +2.778261e+001
+1.278054e+003	   +3.167510e+001
+1.280934e+003	   +2.862126e+001
+1.283821e+003	   +2.966290e+001
+1.286714e+003	   +2.671168e+001
+1.289613e+003	   +2.701950e+001
+1.292519e+003	   +2.986893e+001
+1.295432e+003	   +3.087099e+001
+1.298351e+003	   +2.974192e+001
+1.301276e+003	   +3.091620e+001
+1.304208e+003	   +2.824713e+001
+1.307147e+003	   +2.903682e+001
+1.310093e+003	   +2.867207e+001
+1.313045e+003	   +3.069143e+001
+1.316004e+003	   +2.849990e+001
+1.318969e+003	   +2.881498e+001
+1.321941e+003	   +2.944043e+001
+1.324920e+003	   +3.007479e+001
+1.327905e+003	   +2.884106e+001
+1.330898e+003	   +3.165923e+001
+1.333897e+003	   +2.914694e+001
+1.336902e+003	   +2.780170e+001
+1.339915e+003	   +3.018722e+001
+1.342934e+003	   +2.986612e+001
+1.345960e+003	   +3.035175e+001
+1.348993e+003	   +2.550369e+001
+1.352033e+003	   +2.972194e+001
+1.355080e+003	   +2.675417e+001
+1.358133e+003	   +2.949969e+001
+1.361193e+003	   +2.880577e+001
+1.364261e+003	   +2.944883e+001
+1.367335e+003	   +3.017687e+001
+1.370416e+003	   +3.085790e+001
+1.373504e+003	   +2.927076e+001
+1.376599e+003	   +2.845513e+001
+1.379701e+003	   +3.057683e+001
+1.382810e+003	   +2.895251e+001
+1.385926e+003	   +2.963544e+001
+1.389049e+003	   +2.948679e+001
+1.392179e+003	   +3.214413e+001
+1.395316e+003	   +3.164206e+001
+1.398460e+003	   +2.985906e+001
+1.401611e+003	   +3.009113e+001
+1.404770e+003	   +3.035433e+001
+1.407935e+003	   +2.876350e+001
+1.411108e+003	   +2.977091e+001
+1.414287e+003	   +2.989134e+001
+1.417474e+003	   +2.965904e+001
+1.420668e+003	   +2.931726e+001
+1.423870e+003	   +3.141059e+001
+1.427078e+003	   +3.034814e+001
+1.430294e+003	   +3.089628e+001
+1.433517e+003	   +3.070123e+001
+1.436747e+003	   +3.139233e+001
+1.439984e+003	   +2.952601e+001
+1.443229e+003	   +3.015637e+001
+1.446481e+003	   +3.024400e+001
+1.449741e+003	   +2.969727e+001
+1.453007e+003	   +3.068756e+001
+1.456282e+003	   +3.022947e+001
+1.459563e+003	   +3.108728e+001
+1.462852e+003	   +2.907471e+001
+1.466148e+003	   +3.069630e+001
+1.469452e+003	   +3.101483e+001
+1.472763e+003	   +3.022731e+001
+1.476082e+003	   +2.743348e+001
+1.479408e+003	   +3.018713e+001
+1.482742e+003	   +3.081154e+001
+1.486083e+003	   +2.940951e+001
+1.489432e+003	   +3.118505e+001
+1.492788e+003	   +3.059314e+001
+1.496151e+003	   +3.078823e+001
+1.499523e+003	   +3.086834e+001
+1.502902e+003	   +3.018151e+001
+1.506288e+003	   +3.017797e+001
+1.509682e+003	   +2.824693e+001
+1.513084e+003	   +3.140643e+001
+1.516494e+003	   +3.015247e+001
+1.519911e+003	   +3.412691e+001
+1.523336e+003	   +3.173118e+001
+1.526769e+003	   +2.914909e+001
+1.530209e+003	   +2.978496e+001
+1.533657e+003	   +3.109873e+001
+1.537113e+003	   +3.116902e+001
+1.540577e+003	   +3.139634e+001
+1.544048e+003	   +3.161476e+001
+1.547527e+003	   +3.051813e+001
+1.551014e+003	   +3.108390e+001
+1.554509e+003	   +3.115331e+001
+1.558012e+003	   +3.108054e+001
+1.561523e+003	   +3.264088e+001
+1.565042e+003	   +3.102373e+001
+1.568568e+003	   +3.119197e+001
+1.572103e+003	   +3.208506e+001
+1.575645e+003	   +3.124611e+001
+1.579196e+003	   +3.151737e+001
+1.582754e+003	   +3.033405e+001
+1.586321e+003	   +3.087737e+001
+1.589895e+003	   +3.183408e+001
+1.593478e+003	   +3.169416e+001
+1.597069e+003	   +3.194882e+001
+1.600667e+003	   +3.175080e+001
+1.604274e+003	   +3.223470e+001
+1.607889e+003	   +3.104165e+001
+1.611512e+003	   +3.196077e+001
+1.615144e+003	   +3.125272e+001
+1.618783e+003	   +3.220546e+001
+1.622431e+003	   +3.246066e+001
+1.626087e+003	   +3.089199e+001
+1.629751e+003	   +3.136856e+001
+1.633423e+003	   +3.067482e+001
+1.637104e+003	   +3.216091e+001
+1.640793e+003	   +3.204495e+001
+1.644490e+003	   +3.193287e+001
+1.648196e+003	   +3.194370e+001
+1.651910e+003	   +3.216095e+001
+1.655632e+003	   +3.186818e+001
+1.659363e+003	   +3.181133e+001
+1.663102e+003	   +3.194553e+001
+1.666849e+003	   +3.211888e+001
+1.670605e+003	   +3.279627e+001
+1.674370e+003	   +3.272153e+001
+1.678143e+003	   +3.246988e+001
+1.681924e+003	   +3.330709e+001
+1.685714e+003	   +3.217432e+001
+1.689513e+003	   +3.244377e+001
+1.693320e+003	   +3.289033e+001
+1.697135e+003	   +3.276814e+001
+1.700960e+003	   +3.271770e+001
+1.704793e+003	   +3.195333e+001
+1.708634e+003	   +3.195356e+001
+1.712484e+003	   +3.289917e+001
+1.716343e+003	   +3.254342e+001
+1.720211e+003	   +3.188635e+001
+1.724087e+003	   +3.297531e+001
+1.727972e+003	   +3.291784e+001
+1.731866e+003	   +3.317712e+001
+1.735768e+003	   +3.277085e+001
+1.739679e+003	   +3.330519e+001
+1.743599e+003	   +3.345264e+001
+1.747528e+003	   +3.283239e+001
+1.751466e+003	   +3.298374e+001
+1.755413e+003	   +3.320192e+001
+1.759368e+003	   +3.312094e+001
+1.763333e+003	   +3.303860e+001
+1.767306e+003	   +3.360715e+001
+1.771289e+003	   +3.364542e+001
+1.775280e+003	   +3.306732e+001
+1.779280e+003	   +3.345678e+001
+1.783290e+003	   +3.357944e+001
+1.787308e+003	   +3.320422e+001
+1.791335e+003	   +3.271930e+001
+1.795372e+003	   +3.288044e+001
+1.799418e+003	   +3.347641e+001
+1.803472e+003	   +3.365976e+001
+1.807536e+003	   +3.349635e+001
+1.811609e+003	   +3.387572e+001
+1.815691e+003	   +3.372156e+001
+1.819783e+003	   +3.460000e+001
+1.823883e+003	   +3.333110e+001
+1.827993e+003	   +3.249821e+001
+1.832112e+003	   +3.463263e+001
+1.836241e+003	   +3.409698e+001
+1.840378e+003	   +3.297675e+001
+1.844526e+003	   +3.578750e+001
+1.848682e+003	   +3.451994e+001
+1.852848e+003	   +3.326913e+001
+1.857023e+003	   +3.481897e+001
+1.861207e+003	   +3.373814e+001
+1.865401e+003	   +3.487385e+001
+1.869604e+003	   +3.406725e+001
+1.873817e+003	   +3.403226e+001
+1.878040e+003	   +3.459327e+001
+1.882272e+003	   +3.428097e+001
+1.886513e+003	   +3.424258e+001
+1.890764e+003	   +3.435271e+001
+1.895025e+003	   +3.416451e+001
+1.899295e+003	   +3.484684e+001
+1.903575e+003	   +3.488639e+001
+1.907864e+003	   +3.502543e+001
+1.912163e+003	   +3.447952e+001
+1.916472e+003	   +3.485323e+001
+1.920790e+003	   +3.482411e+001
+1.925119e+003	   +3.488418e+001
+1.929457e+003	   +3.513623e+001
+1.933804e+003	   +3.498959e+001
+1.938162e+003	   +3.527322e+001
+1.942529e+003	   +3.513856e+001
+1.946906e+003	   +3.438602e+001
+1.951293e+003	   +3.506117e+001
+1.955690e+003	   +3.554473e+001
+1.960097e+003	   +3.533772e+001
+1.964514e+003	   +3.503539e+001
+1.968941e+003	   +3.534903e+001
+1.973377e+003	   +3.537207e+001
+1.977824e+003	   +3.558117e+001
+1.982281e+003	   +3.554787e+001
+1.986748e+003	   +3.556291e+001
+1.991224e+003	   +3.559769e+001
+1.995711e+003	   +3.539883e+001
+2.000208e+003	   +3.533256e+001
+2.004716e+003	   +3.544582e+001
+2.009233e+003	   +3.629990e+001
+2.013760e+003	   +3.556464e+001
+2.018298e+003	   +3.597613e+001
+2.022846e+003	   +3.610667e+001
+2.027404e+003	   +3.633189e+001
+2.031973e+003	   +3.555171e+001
+2.036552e+003	   +3.617815e+001
+2.041141e+003	   +3.592262e+001
+2.045740e+003	   +3.621642e+001
+2.050350e+003	   +3.664647e+001
+2.054970e+003	   +3.627287e+001
+2.059601e+003	   +3.638147e+001
+2.064241e+003	   +3.641501e+001
+2.068893e+003	   +3.661795e+001
+2.073555e+003	   +3.663510e+001
+2.078227e+003	   +3.694061e+001
+2.082910e+003	   +3.613279e+001
+2.087604e+003	   +3.594168e+001
+2.092308e+003	   +3.595829e+001
+2.097023e+003	   +3.686604e+001
+2.101748e+003	   +3.671925e+001
+2.106484e+003	   +3.673250e+001
+2.111231e+003	   +3.682015e+001
+2.115988e+003	   +3.672942e+001
+2.120756e+003	   +3.681149e+001
+2.125535e+003	   +3.718559e+001
+2.130324e+003	   +3.638476e+001
+2.135125e+003	   +3.709908e+001
+2.139936e+003	   +3.764777e+001
+2.144758e+003	   +3.776717e+001
+2.149591e+003	   +3.726187e+001
+2.154435e+003	   +3.764525e+001
+2.159289e+003	   +3.745200e+001
+2.164155e+003	   +3.760376e+001
+2.169032e+003	   +3.791941e+001
+2.173919e+003	   +3.769722e+001
+2.178818e+003	   +3.727962e+001
+2.183728e+003	   +3.758317e+001
+2.188648e+003	   +3.758455e+001
+2.193580e+003	   +3.726296e+001
+2.198523e+003	   +3.752148e+001
+2.203477e+003	   +3.711239e+001
+2.208442e+003	   +3.746253e+001
+2.213418e+003	   +3.818650e+001
+2.218406e+003	   +3.769420e+001
+2.223405e+003	   +3.805991e+001
+2.228415e+003	   +3.788704e+001
+2.233437e+003	   +3.815393e+001
+2.238469e+003	   +3.794178e+001
+2.243513e+003	   +3.820159e+001
+2.248569e+003	   +3.842616e+001
+2.253635e+003	   +3.795665e+001
+2.258714e+003	   +3.843104e+001
+2.263803e+003	   +3.814017e+001
+2.268905e+003	   +3.864021e+001
+2.274017e+003	   +3.843869e+001
+2.279141e+003	   +3.825085e+001
+2.284277e+003	   +3.884049e+001
+2.289424e+003	   +3.853909e+001
+2.294583e+003	   +3.868166e+001
+2.299754e+003	   +3.852591e+001
+2.304936e+003	   +3.873003e+001
+2.310130e+003	   +3.914251e+001
+2.315335e+003	   +3.897044e+001
+2.320552e+003	   +3.875236e+001
+2.325781e+003	   +3.887948e+001
+2.331022e+003	   +3.929057e+001
+2.336275e+003	   +3.901474e+001
+2.341539e+003	   +3.926877e+001
+2.346816e+003	   +3.894055e+001
+2.352104e+003	   +3.925941e+001
+2.357404e+003	   +3.958805e+001
+2.362716e+003	   +3.939754e+001
+2.368040e+003	   +3.956016e+001
+2.373376e+003	   +3.949316e+001
+2.378724e+003	   +3.846367e+001
+2.384084e+003	   +3.947157e+001
+2.389457e+003	   +3.965038e+001
+2.394841e+003	   +3.983945e+001
+2.400237e+003	   +3.989740e+001
+2.405646e+003	   +3.961899e+001
+2.411066e+003	   +4.006675e+001
+2.416500e+003	   +4.043524e+001
+2.421945e+003	   +4.032766e+001
+2.427402e+003	   +4.045399e+001
+2.432872e+003	   +3.996602e+001
+2.438354e+003	   +4.077531e+001
+2.443849e+003	   +4.021823e+001
+2.449355e+003	   +4.036844e+001
+2.454875e+003	   +3.972020e+001
+2.460406e+003	   +4.073291e+001
+2.465950e+003	   +4.106744e+001
+2.471507e+003	   +4.024771e+001
+2.477076e+003	   +4.021783e+001
+2.482658e+003	   +4.062428e+001
+2.488252e+003	   +4.032525e+001
+2.493859e+003	   +4.079454e+001
+2.499479e+003	   +4.078362e+001
+2.505111e+003	   +4.097306e+001
+2.510756e+003	   +4.067858e+001
+2.516414e+003	   +4.127836e+001
+2.522084e+003	   +4.077198e+001
+2.527767e+003	   +4.110919e+001
+2.533463e+003	   +4.125105e+001
+2.539172e+003	   +4.074423e+001
+2.544893e+003	   +4.113850e+001
+2.550628e+003	   +4.122661e+001
+2.556375e+003	   +4.155813e+001
+2.562136e+003	   +4.176186e+001
+2.567909e+003	   +4.143213e+001
+2.573696e+003	   +4.164686e+001
+2.579495e+003	   +4.175802e+001
+2.585308e+003	   +4.106077e+001
+2.591133e+003	   +4.239436e+001
+2.596972e+003	   +4.199041e+001
+2.602824e+003	   +4.160107e+001
+2.608689e+003	   +4.257184e+001
+2.614567e+003	   +4.202665e+001
+2.620459e+003	   +4.208472e+001
+2.626364e+003	   +4.229019e+001
+2.632282e+003	   +4.209630e+001
+2.638213e+003	   +4.212063e+001
+2.644158e+003	   +4.218782e+001
+2.650116e+003	   +4.248425e+001
+2.656088e+003	   +4.245026e+001
+2.662073e+003	   +4.275622e+001
+2.668072e+003	   +4.260406e+001
+2.674083e+003	   +4.246885e+001
+2.680109e+003	   +4.268729e+001
+2.686148e+003	   +4.284528e+001
+2.692201e+003	   +4.280988e+001
+2.698268e+003	   +4.307293e+001
+2.704348e+003	   +4.285828e+001
+2.710442e+003	   +4.313216e+001
+2.716549e+003	   +4.352213e+001
+2.722671e+003	   +4.293129e+001
+2.728806e+003	   +4.330214e+001
+2.734955e+003	   +4.306930e+001
+2.741118e+003	   +4.321056e+001
+2.747294e+003	   +4.344544e+001
+2.753485e+003	   +4.307977e+001
+2.759689e+003	   +4.382818e+001
+2.765908e+003	   +4.372725e+001
+2.772141e+003	   +4.367753e+001
+2.778387e+003	   +4.490068e+001
+2.784648e+003	   +4.378644e+001
+2.790923e+003	   +4.389639e+001
+2.797212e+003	   +4.378967e+001
+2.803515e+003	   +4.391238e+001
+2.809832e+003	   +4.452173e+001
+2.816164e+003	   +4.394922e+001
+2.822509e+003	   +4.401827e+001
+2.828869e+003	   +4.415578e+001
+2.835244e+003	   +4.459014e+001
+2.841633e+003	   +4.404640e+001
+2.848036e+003	   +4.447807e+001
+2.854454e+003	   +4.446556e+001
+2.860885e+003	   +4.392797e+001
+2.867332e+003	   +4.453185e+001
+2.873793e+003	   +4.477176e+001
+2.880269e+003	   +4.467616e+001
+2.886759e+003	   +4.456083e+001
+2.893264e+003	   +4.486719e+001
+2.899784e+003	   +4.488525e+001
+2.906318e+003	   +4.497836e+001
+2.912867e+003	   +4.482533e+001
+2.919430e+003	   +4.510957e+001
+2.926009e+003	   +4.521471e+001
+2.932602e+003	   +4.506557e+001
+2.939210e+003	   +4.522982e+001
+2.945833e+003	   +4.532145e+001
+2.952472e+003	   +4.530783e+001
+2.959125e+003	   +4.562033e+001
+2.965792e+003	   +4.566172e+001
+2.972476e+003	   +4.549154e+001
+2.979174e+003	   +4.502973e+001
+2.985887e+003	   +4.573612e+001
+2.992615e+003	   +4.560386e+001
+2.999358e+003	   +4.579044e+001
+3.006117e+003	   +4.635748e+001
+3.012891e+003	   +4.618575e+001
+3.019680e+003	   +4.585306e+001
+3.026484e+003	   +4.618214e+001
+3.033304e+003	   +4.600861e+001
+3.040139e+003	   +4.641580e+001
+3.046990e+003	   +4.620585e+001
+3.053855e+003	   +4.682841e+001
+3.060737e+003	   +4.601823e+001
+3.067634e+003	   +4.650608e+001
+3.074546e+003	   +4.654667e+001
+3.081474e+003	   +4.675473e+001
+3.088418e+003	   +4.680245e+001
+3.095377e+003	   +4.657014e+001
+3.102352e+003	   +4.615460e+001
+3.109343e+003	   +4.677414e+001
+3.116349e+003	   +4.674621e+001
+3.123372e+003	   +4.698187e+001
+3.130410e+003	   +4.687844e+001
+3.137464e+003	   +4.725661e+001
+3.144533e+003	   +4.707628e+001
+3.151619e+003	   +4.712438e+001
+3.158721e+003	   +4.729049e+001
+3.165839e+003	   +4.674593e+001
+3.172972e+003	   +4.708950e+001
+3.180122e+003	   +4.727041e+001
+3.187288e+003	   +4.775945e+001
+3.194470e+003	   +4.774315e+001
+3.201668e+003	   +4.764001e+001
+3.208883e+003	   +4.780599e+001
+3.216114e+003	   +4.794511e+001
+3.223361e+003	   +4.812384e+001
+3.230624e+003	   +4.825990e+001
+3.237904e+003	   +4.837716e+001
+3.245200e+003	   +4.825681e+001
+3.252512e+003	   +4.842589e+001
+3.259842e+003	   +4.810471e+001
+3.267187e+003	   +4.835027e+001
+3.274549e+003	   +4.823588e+001
+3.281928e+003	   +4.835795e+001
+3.289323e+003	   +4.891730e+001
+3.296735e+003	   +4.826545e+001
+3.304164e+003	   +4.836068e+001
+3.311609e+003	   +4.830416e+001
+3.319072e+003	   +4.936913e+001
+3.326551e+003	   +4.855505e+001
+3.334046e+003	   +4.902576e+001
+3.341559e+003	   +4.933364e+001
+3.349089e+003	   +4.932653e+001
+3.356636e+003	   +4.917914e+001
+3.364199e+003	   +4.923785e+001
+3.371780e+003	   +4.946700e+001
+3.379378e+003	   +4.963691e+001
+3.386993e+003	   +4.956335e+001
+3.394625e+003	   +4.956516e+001
+3.402274e+003	   +4.832206e+001
+3.409941e+003	   +5.029392e+001
+3.417625e+003	   +4.968568e+001
+3.425326e+003	   +4.955565e+001
+3.433044e+003	   +4.963820e+001
+3.440780e+003	   +4.975910e+001
+3.448533e+003	   +5.009972e+001
+3.456304e+003	   +5.093800e+001
+3.464092e+003	   +5.069987e+001
+3.471898e+003	   +5.028353e+001
+3.479721e+003	   +4.948092e+001
+3.487563e+003	   +5.107704e+001
+3.495421e+003	   +4.998692e+001
+3.503298e+003	   +5.159146e+001
+3.511192e+003	   +5.040179e+001
+3.519104e+003	   +5.080667e+001
+3.527033e+003	   +5.056353e+001
+3.534981e+003	   +5.016339e+001
+3.542947e+003	   +5.077149e+001
+3.550930e+003	   +5.157535e+001
+3.558932e+003	   +5.076864e+001
+3.566951e+003	   +5.081046e+001
+3.574989e+003	   +5.101118e+001
+3.583044e+003	   +5.123468e+001
+3.591118e+003	   +5.152339e+001
+3.599210e+003	   +5.140357e+001
+3.607321e+003	   +5.119646e+001
+3.615449e+003	   +5.100592e+001
+3.623596e+003	   +5.166613e+001
+3.631761e+003	   +5.079155e+001
+3.639945e+003	   +5.175484e+001
+3.648147e+003	   +5.144804e+001
+3.656368e+003	   +5.166599e+001
+3.664607e+003	   +5.171222e+001
+3.672864e+003	   +5.192032e+001
+3.681141e+003	   +5.184101e+001
+3.689436e+003	   +5.151426e+001
+3.697749e+003	   +5.203367e+001
+3.706081e+003	   +5.180167e+001
+3.714433e+003	   +5.207114e+001
+3.722802e+003	   +5.235845e+001
+3.731191e+003	   +5.195879e+001
+3.739599e+003	   +5.205593e+001
+3.748026e+003	   +5.271987e+001
+3.756471e+003	   +5.224867e+001
+3.764936e+003	   +5.236333e+001
+3.773419e+003	   +5.254470e+001
+3.781922e+003	   +5.293005e+001
+3.790444e+003	   +5.264141e+001
+3.798986e+003	   +5.292555e+001
+3.807546e+003	   +5.275734e+001
+3.816126e+003	   +5.280331e+001
+3.824725e+003	   +5.264899e+001
+3.833343e+003	   +5.282489e+001
+3.841981e+003	   +5.300962e+001
+3.850638e+003	   +5.354823e+001
+3.859315e+003	   +5.308590e+001
+3.868012e+003	   +5.333270e+001
+3.876728e+003	   +5.343121e+001
+3.885463e+003	   +5.373852e+001
+3.894219e+003	   +5.386427e+001
+3.902994e+003	   +5.357012e+001
+3.911789e+003	   +5.342839e+001
+3.920603e+003	   +5.393711e+001
+3.929438e+003	   +5.385556e+001
+3.938292e+003	   +5.377950e+001
+3.947167e+003	   +5.359941e+001
+3.956061e+003	   +5.346363e+001
+3.964975e+003	   +5.407955e+001
+3.973910e+003	   +5.500296e+001
+3.982864e+003	   +5.373709e+001
+3.991839e+003	   +5.442517e+001
+4.000834e+003	   +5.414210e+001
+4.009849e+003	   +5.431984e+001
+4.018885e+003	   +5.464380e+001
+4.027941e+003	   +5.417638e+001
+4.037017e+003	   +5.474422e+001
+4.046114e+003	   +5.481810e+001
+4.055231e+003	   +5.483954e+001
+4.064369e+003	   +5.519282e+001
+4.073528e+003	   +5.420723e+001
+4.082707e+003	   +5.500076e+001
+4.091906e+003	   +5.518185e+001
+4.101127e+003	   +5.456188e+001
+4.110368e+003	   +5.520095e+001
+4.119630e+003	   +5.454626e+001
+4.128914e+003	   +5.556804e+001
+4.138217e+003	   +5.580263e+001
+4.147542e+003	   +5.546613e+001
+4.156888e+003	   +5.537444e+001
+4.166255e+003	   +5.547995e+001
+4.175643e+003	   +5.533087e+001
+4.185052e+003	   +5.609286e+001
+4.194482e+003	   +5.574542e+001
+4.203934e+003	   +5.584494e+001
+4.213407e+003	   +5.608686e+001
+4.222901e+003	   +5.605496e+001
+4.232417e+003	   +5.621653e+001
+4.241954e+003	   +5.599435e+001
+4.251513e+003	   +5.614558e+001
+4.261093e+003	   +5.630178e+001
+4.270695e+003	   +5.624661e+001
+4.280318e+003	   +5.632419e+001
+4.289963e+003	   +5.626302e+001
+4.299630e+003	   +5.636627e+001
+4.309318e+003	   +5.672419e+001
+4.319029e+003	   +5.695071e+001
+4.328761e+003	   +5.658590e+001
+4.338516e+003	   +5.693949e+001
+4.348292e+003	   +5.685159e+001
+4.358090e+003	   +5.722597e+001
+4.367910e+003	   +5.707311e+001
+4.377752e+003	   +5.696110e+001
+4.387617e+003	   +5.699015e+001
+4.397504e+003	   +5.706055e+001
+4.407413e+003	   +5.709494e+001
+4.417345e+003	   +5.732256e+001
+4.427298e+003	   +5.726254e+001
+4.437275e+003	   +5.771951e+001
+4.447273e+003	   +5.736816e+001
+4.457295e+003	   +5.759776e+001
+4.467339e+003	   +5.766850e+001
+4.477405e+003	   +5.761604e+001
+4.487494e+003	   +5.783015e+001
+4.497606e+003	   +5.788960e+001
+4.507741e+003	   +5.805578e+001
+4.517898e+003	   +5.794413e+001
+4.528079e+003	   +5.820761e+001
+4.538282e+003	   +5.813989e+001
+4.548508e+003	   +5.830623e+001
+4.558758e+003	   +5.841850e+001
+4.569030e+003	   +5.827712e+001
+4.579326e+003	   +5.831656e+001
+4.589645e+003	   +5.853222e+001
+4.599987e+003	   +5.867672e+001
+4.610353e+003	   +5.846122e+001
+4.620741e+003	   +5.918231e+001
+4.631153e+003	   +5.877022e+001
+4.641589e+003	   +5.888248e+001
+4.652048e+003	   +5.890829e+001
+4.662531e+003	   +5.875763e+001
+4.673037e+003	   +5.876470e+001
+4.683567e+003	   +5.894109e+001
+4.694121e+003	   +5.906305e+001
+4.704698e+003	   +5.942338e+001
+4.715299e+003	   +5.946323e+001
+4.725925e+003	   +5.928232e+001
+4.736574e+003	   +5.926031e+001
+4.747247e+003	   +5.930871e+001
+4.757944e+003	   +5.954915e+001
+4.768666e+003	   +5.959995e+001
+4.779411e+003	   +5.959972e+001
+4.790181e+003	   +5.968472e+001
+4.800975e+003	   +5.977520e+001
+4.811793e+003	   +6.001785e+001
+4.822636e+003	   +6.012514e+001
+4.833503e+003	   +6.005608e+001
+4.844395e+003	   +6.026635e+001
+4.855311e+003	   +6.022427e+001
+4.866251e+003	   +6.042405e+001
+4.877217e+003	   +6.022979e+001
+4.888207e+003	   +6.024510e+001
+4.899222e+003	   +6.041769e+001
+4.910261e+003	   +6.042941e+001
+4.921326e+003	   +6.073003e+001
+4.932415e+003	   +6.073603e+001
+4.943530e+003	   +6.068632e+001
+4.954669e+003	   +6.078372e+001
+4.965834e+003	   +6.090294e+001
+4.977023e+003	   +6.069505e+001
+4.988239e+003	   +6.115744e+001
+4.999479e+003	   +6.109257e+001
+5.010744e+003	   +6.108368e+001
+5.022035e+003	   +6.108321e+001
+5.033352e+003	   +6.128579e+001
+5.044694e+003	   +6.128214e+001
+5.056061e+003	   +6.131901e+001
+5.067454e+003	   +6.129747e+001
+5.078873e+003	   +6.144740e+001
+5.090317e+003	   +6.143145e+001
+5.101788e+003	   +6.172645e+001
+5.113284e+003	   +6.161777e+001
+5.124806e+003	   +6.165749e+001
+5.136354e+003	   +6.171137e+001
+5.147928e+003	   +6.179071e+001
+5.159528e+003	   +6.195452e+001
+5.171154e+003	   +6.208456e+001
+5.182807e+003	   +6.210558e+001
+5.194485e+003	   +6.209814e+001
+5.206190e+003	   +6.204892e+001
+5.217922e+003	   +6.220688e+001
+5.229680e+003	   +6.237102e+001
+5.241464e+003	   +6.236257e+001
+5.253274e+003	   +6.252703e+001
+5.265112e+003	   +6.254668e+001
+5.276976e+003	   +6.248350e+001
+5.288867e+003	   +6.260566e+001
+5.300785e+003	   +6.277776e+001
+5.312729e+003	   +6.283022e+001
+5.324701e+003	   +6.294021e+001
+5.336699e+003	   +6.265761e+001
+5.348725e+003	   +6.285863e+001
+5.360777e+003	   +6.314703e+001
+5.372857e+003	   +6.332184e+001
+5.384964e+003	   +6.325130e+001
+5.397098e+003	   +6.310737e+001
+5.409260e+003	   +6.325116e+001
+5.421449e+003	   +6.358389e+001
+5.433665e+003	   +6.330815e+001
+5.445909e+003	   +6.342920e+001
+5.458181e+003	   +6.324988e+001
+5.470480e+003	   +6.364524e+001
+5.482807e+003	   +6.364412e+001
+5.495161e+003	   +6.373132e+001
+5.507544e+003	   +6.374537e+001
+5.519954e+003	   +6.409766e+001
+5.532393e+003	   +6.372790e+001
+5.544859e+003	   +6.395225e+001
+5.557354e+003	   +6.400863e+001
+5.569876e+003	   +6.407691e+001
+5.582427e+003	   +6.408685e+001
+5.595006e+003	   +6.436240e+001
+5.607614e+003	   +6.420760e+001
+5.620250e+003	   +6.434701e+001
+5.632914e+003	   +6.419937e+001
+5.645607e+003	   +6.471045e+001
+5.658329e+003	   +6.471687e+001
+5.671079e+003	   +6.433099e+001
+5.683858e+003	   +6.466755e+001
+5.696666e+003	   +6.452388e+001
+5.709502e+003	   +6.485538e+001
+5.722368e+003	   +6.484615e+001
+5.735262e+003	   +6.526813e+001
+5.748186e+003	   +6.479521e+001
+5.761138e+003	   +6.515189e+001
+5.774120e+003	   +6.503769e+001
+5.787131e+003	   +6.518769e+001
+5.800172e+003	   +6.531426e+001
+5.813242e+003	   +6.514812e+001
+5.826341e+003	   +6.535853e+001
+5.839470e+003	   +6.523852e+001
+5.852628e+003	   +6.546992e+001
+5.865816e+003	   +6.543214e+001
+5.879034e+003	   +6.562294e+001
+5.892281e+003	   +6.549225e+001
+5.905559e+003	   +6.554121e+001
+5.918866e+003	   +6.581531e+001
+5.932204e+003	   +6.561317e+001
+5.945571e+003	   +6.574847e+001
+5.958968e+003	   +6.587963e+001
+5.972396e+003	   +6.598817e+001
+5.985854e+003	   +6.576434e+001
+5.999342e+003	   +6.610078e+001
+6.012860e+003	   +6.635384e+001
+6.026410e+003	   +6.631720e+001
+6.039989e+003	   +6.611005e+001
+6.053600e+003	   +6.639399e+001
+6.067240e+003	   +6.617607e+001
+6.080912e+003	   +6.630529e+001
+6.094614e+003	   +6.651931e+001
+6.108348e+003	   +6.654160e+001
+6.122112e+003	   +6.661247e+001
+6.135907e+003	   +6.657463e+001
+6.149733e+003	   +6.688468e+001
+6.163591e+003	   +6.670829e+001
+6.177480e+003	   +6.653041e+001
+6.191400e+003	   +6.730277e+001
+6.205351e+003	   +6.686761e+001
+6.219334e+003	   +6.700706e+001
+6.233349e+003	   +6.709046e+001
+6.247395e+003	   +6.715118e+001
+6.261472e+003	   +6.704043e+001
+6.275581e+003	   +6.694744e+001
+6.289722e+003	   +6.714964e+001
+6.303896e+003	   +6.773605e+001
+6.318100e+003	   +6.780146e+001
+6.332337e+003	   +6.758105e+001
+6.346606e+003	   +6.714631e+001
+6.360907e+003	   +6.775079e+001
+6.375241e+003	   +6.754049e+001
+6.389606e+003	   +6.752315e+001
+6.404004e+003	   +6.769940e+001
+6.418435e+003	   +6.783682e+001
+6.432898e+003	   +6.789357e+001
+6.447393e+003	   +6.779365e+001
+6.461921e+003	   +6.808998e+001
+6.476482e+003	   +6.789883e+001
+6.491076e+003	   +6.800762e+001
+6.505703e+003	   +6.798688e+001
+6.520363e+003	   +6.810749e+001
+6.535055e+003	   +6.848853e+001
+6.549781e+003	   +6.808611e+001
+6.564540e+003	   +6.835177e+001
+6.579332e+003	   +6.844645e+001
+6.594158e+003	   +6.829720e+001
+6.609017e+003	   +6.847421e+001
+6.623909e+003	   +6.861181e+001
+6.638835e+003	   +6.857137e+001
+6.653795e+003	   +6.848257e+001
+6.668788e+003	   +6.890715e+001
+6.683815e+003	   +6.874087e+001
+6.698876e+003	   +6.865541e+001
+6.713971e+003	   +6.895425e+001
+6.729100e+003	   +6.910110e+001
+6.744263e+003	   +6.897322e+001
+6.759460e+003	   +6.903706e+001
+6.774692e+003	   +6.895889e+001
+6.789958e+003	   +6.898906e+001
+6.805258e+003	   +6.910267e+001
+6.820592e+003	   +6.919019e+001
+6.835961e+003	   +6.942473e+001
+6.851365e+003	   +6.912376e+001
+6.866804e+003	   +6.974232e+001
+6.882277e+003	   +6.929404e+001
+6.897785e+003	   +6.944114e+001
+6.913329e+003	   +6.938091e+001
+6.928907e+003	   +6.975663e+001
+6.944520e+003	   +6.965377e+001
+6.960168e+003	   +6.949422e+001
+6.975852e+003	   +6.993044e+001
+6.991571e+003	   +6.967538e+001
+7.007326e+003	   +6.970866e+001
+7.023116e+003	   +6.991563e+001
+7.038941e+003	   +7.002213e+001
+7.054802e+003	   +7.015668e+001
+7.070699e+003	   +7.025387e+001
+7.086632e+003	   +7.055560e+001
+7.102601e+003	   +7.019302e+001
+7.118605e+003	   +7.017121e+001
+7.134646e+003	   +7.026189e+001
+7.150723e+003	   +7.022675e+001
+7.166836e+003	   +7.030067e+001
+7.182985e+003	   +7.017487e+001
+7.199171e+003	   +7.077939e+001
+7.215394e+003	   +7.030175e+001
+7.231652e+003	   +7.097024e+001
+7.247948e+003	   +7.055392e+001
+7.264280e+003	   +7.069147e+001
+7.280649e+003	   +7.063384e+001
+7.297055e+003	   +7.062024e+001
+7.313498e+003	   +7.063467e+001
+7.329978e+003	   +7.084375e+001
+7.346495e+003	   +7.129871e+001
+7.363049e+003	   +7.095430e+001
+7.379640e+003	   +7.096636e+001
+7.396269e+003	   +7.072863e+001
+7.412936e+003	   +7.093448e+001
+7.429640e+003	   +7.112099e+001
+7.446381e+003	   +7.130686e+001
+7.463161e+003	   +7.164569e+001
+7.479978e+003	   +7.152791e+001
+7.496833e+003	   +7.144631e+001
+7.513726e+003	   +7.138258e+001
+7.530657e+003	   +7.128728e+001
+7.547626e+003	   +7.126356e+001
+7.564633e+003	   +7.150374e+001
+7.581679e+003	   +7.146570e+001
+7.598763e+003	   +7.150995e+001
+7.615886e+003	   +7.159193e+001
+7.633047e+003	   +7.167250e+001
+7.650247e+003	   +7.163668e+001
+7.667486e+003	   +7.184186e+001
+7.684763e+003	   +7.186224e+001
+7.702080e+003	   +7.180715e+001
+7.719436e+003	   +7.187774e+001
+7.736830e+003	   +7.176940e+001
+7.754264e+003	   +7.169754e+001
+7.771737e+003	   +7.217249e+001
+7.789249e+003	   +7.212661e+001
+7.806801e+003	   +7.236606e+001
+7.824393e+003	   +7.233482e+001
+7.842024e+003	   +7.219360e+001
+7.859694e+003	   +7.244361e+001
+7.877405e+003	   +7.241841e+001
+7.895156e+003	   +7.218073e+001
+7.912946e+003	   +7.254550e+001
+7.930777e+003	   +7.231745e+001
+7.948648e+003	   +7.253124e+001
+7.966559e+003	   +7.264835e+001
+7.984510e+003	   +7.260322e+001
+8.002502e+003	   +7.231938e+001
+8.020535e+003	   +7.290445e+001
+8.038608e+003	   +7.288204e+001
+8.056722e+003	   +7.273681e+001
+8.074876e+003	   +7.287688e+001
+8.093072e+003	   +7.265311e+001
+8.111308e+003	   +7.274551e+001
+8.129586e+003	   +7.295940e+001
+8.147905e+003	   +7.283946e+001
+8.166265e+003	   +7.286993e+001
+8.184667e+003	   +7.302885e+001
+8.203109e+003	   +7.298225e+001
+8.221594e+003	   +7.328326e+001
+8.240120e+003	   +7.297775e+001
+8.258688e+003	   +7.347476e+001
+8.277298e+003	   +7.323891e+001
+8.295949e+003	   +7.296089e+001
+8.314643e+003	   +7.340221e+001
+8.333379e+003	   +7.339320e+001
+8.352156e+003	   +7.337201e+001
+8.370977e+003	   +7.315569e+001
+8.389840e+003	   +7.361465e+001
+8.408745e+003	   +7.351258e+001
+8.427692e+003	   +7.360559e+001
+8.446684e+003	   +7.327010e+001
+8.465717e+003	   +7.344269e+001
+8.484793e+003	   +7.367204e+001
+8.503912e+003	   +7.370433e+001
+8.523074e+003	   +7.364004e+001
+8.542280e+003	   +7.384647e+001
+8.561528e+003	   +7.386006e+001
+8.580821e+003	   +7.386568e+001
+8.600156e+003	   +7.404796e+001
+8.619536e+003	   +7.390759e+001
+8.638959e+003	   +7.379393e+001
+8.658425e+003	   +7.384135e+001
+8.677936e+003	   +7.412229e+001
+8.697490e+003	   +7.422882e+001
+8.717089e+003	   +7.389024e+001
+8.736731e+003	   +7.416780e+001
+8.756418e+003	   +7.433999e+001
+8.776149e+003	   +7.407134e+001
+8.795925e+003	   +7.421038e+001
+8.815745e+003	   +7.449933e+001
+8.835610e+003	   +7.442502e+001
+8.855521e+003	   +7.439911e+001
+8.875475e+003	   +7.446209e+001
+8.895475e+003	   +7.433658e+001
+8.915519e+003	   +7.455298e+001
+8.935608e+003	   +7.446772e+001
+8.955744e+003	   +7.446635e+001
+8.975924e+003	   +7.459618e+001
+8.996150e+003	   +7.472977e+001
+9.016422e+003	   +7.468604e+001
+9.036739e+003	   +7.468686e+001
+9.057102e+003	   +7.478487e+001
+9.077511e+003	   +7.501596e+001
+9.097966e+003	   +7.488099e+001
+9.118467e+003	   +7.484907e+001
+9.139014e+003	   +7.526981e+001
+9.159606e+003	   +7.487903e+001
+9.180247e+003	   +7.517185e+001
+9.200933e+003	   +7.504913e+001
+9.221666e+003	   +7.505630e+001
+9.242445e+003	   +7.500957e+001
+9.263272e+003	   +7.513836e+001
+9.284146e+003	   +7.519835e+001
+9.305065e+003	   +7.525108e+001
+9.326033e+003	   +7.515182e+001
+9.347048e+003	   +7.524379e+001
+9.368110e+003	   +7.522358e+001
+9.389220e+003	   +7.533338e+001
+9.410377e+003	   +7.531045e+001
+9.431582e+003	   +7.538001e+001
+9.452835e+003	   +7.565013e+001
+9.474136e+003	   +7.552026e+001
+9.495484e+003	   +7.537560e+001
+9.516881e+003	   +7.534186e+001
+9.538325e+003	   +7.532080e+001
+9.559818e+003	   +7.543468e+001
+9.581360e+003	   +7.542078e+001
+9.602950e+003	   +7.546191e+001
+9.624590e+003	   +7.545547e+001
+9.646277e+003	   +7.539019e+001
+9.668014e+003	   +7.545344e+001
+9.689799e+003	   +7.590472e+001
+9.711634e+003	   +7.572556e+001
+9.733517e+003	   +7.571063e+001
+9.755450e+003	   +7.570882e+001
+9.777433e+003	   +7.601733e+001
+9.799465e+003	   +7.610079e+001
+9.821546e+003	   +7.586697e+001
+9.843678e+003	   +7.568673e+001
+9.865858e+003	   +7.552813e+001
+9.888090e+003	   +7.600565e+001
+9.910371e+003	   +7.644050e+001
+9.932703e+003	   +7.591679e+001
+9.955085e+003	   +7.585587e+001
+9.977518e+003	   +7.636273e+001
+1.000000e+004	   +7.604975e+001
+1.002253e+004	   +7.604815e+001
+1.004512e+004	   +7.580262e+001
+1.006775e+004	   +7.629399e+001
+1.009044e+004	   +7.622305e+001
+1.011318e+004	   +7.600507e+001
+1.013596e+004	   +7.627906e+001
+1.015880e+004	   +7.623697e+001
+1.018170e+004	   +7.651548e+001
+1.020464e+004	   +7.630925e+001
+1.022763e+004	   +7.622416e+001
+1.025068e+004	   +7.607859e+001
+1.027378e+004	   +7.637091e+001
+1.029693e+004	   +7.650199e+001
+1.032013e+004	   +7.618270e+001
+1.034339e+004	   +7.635691e+001
+1.036669e+004	   +7.650095e+001
+1.039005e+004	   +7.643567e+001
+1.041347e+004	   +7.636962e+001
+1.043693e+004	   +7.657425e+001
+1.046045e+004	   +7.667583e+001
+1.048402e+004	   +7.678444e+001
+1.050764e+004	   +7.645693e+001
+1.053132e+004	   +7.662506e+001
+1.055505e+004	   +7.665991e+001
+1.057884e+004	   +7.656619e+001
+1.060267e+004	   +7.664410e+001
+1.062657e+004	   +7.685867e+001
+1.065051e+004	   +7.655385e+001
+1.067451e+004	   +7.676160e+001
+1.069856e+004	   +7.664778e+001
+1.072267e+004	   +7.678890e+001
+1.074683e+004	   +7.669994e+001
+1.077105e+004	   +7.707513e+001
+1.079532e+004	   +7.689871e+001
+1.081965e+004	   +7.684475e+001
+1.084403e+004	   +7.685551e+001
+1.086846e+004	   +7.680638e+001
+1.089295e+004	   +7.693941e+001
+1.091750e+004	   +7.687227e+001
+1.094210e+004	   +7.680549e+001
+1.096676e+004	   +7.698885e+001
+1.099147e+004	   +7.692214e+001
+1.101624e+004	   +7.685315e+001
+1.104106e+004	   +7.687712e+001
+1.106594e+004	   +7.719963e+001
+1.109087e+004	   +7.710141e+001
+1.111587e+004	   +7.709599e+001
+1.114091e+004	   +7.725048e+001
+1.116602e+004	   +7.682578e+001
+1.119118e+004	   +7.710545e+001
+1.121640e+004	   +7.702476e+001
+1.124167e+004	   +7.752004e+001
+1.126700e+004	   +7.723060e+001
+1.129239e+004	   +7.729179e+001
+1.131784e+004	   +7.754717e+001
+1.134334e+004	   +7.729623e+001
+1.136890e+004	   +7.721635e+001
+1.139452e+004	   +7.697601e+001
+1.142019e+004	   +7.701505e+001
+1.144593e+004	   +7.740678e+001
+1.147172e+004	   +7.731049e+001
+1.149757e+004	   +7.738317e+001
+1.152348e+004	   +7.757975e+001
+1.154944e+004	   +7.702087e+001
+1.157547e+004	   +7.738309e+001
+1.160155e+004	   +7.728267e+001
+1.162770e+004	   +7.729980e+001
+1.165390e+004	   +7.739362e+001
+1.168016e+004	   +7.740153e+001
+1.170648e+004	   +7.733784e+001
+1.173286e+004	   +7.758154e+001
+1.175929e+004	   +7.749069e+001
+1.178579e+004	   +7.731036e+001
+1.181235e+004	   +7.782460e+001
+1.183897e+004	   +7.725263e+001
+1.186564e+004	   +7.751308e+001
+1.189238e+004	   +7.744025e+001
+1.191918e+004	   +7.749206e+001
+1.194604e+004	   +7.763232e+001
+1.197296e+004	   +7.783595e+001
+1.199993e+004	   +7.738225e+001
+1.202697e+004	   +7.753397e+001
+1.205408e+004	   +7.785928e+001
+1.208124e+004	   +7.746613e+001
+1.210846e+004	   +7.756149e+001
+1.213575e+004	   +7.750774e+001
+1.216309e+004	   +7.732393e+001
+1.219050e+004	   +7.765021e+001
+1.221797e+004	   +7.766460e+001
+1.224550e+004	   +7.751731e+001
+1.227309e+004	   +7.754391e+001
+1.230075e+004	   +7.757215e+001
+1.232847e+004	   +7.727173e+001
+1.235625e+004	   +7.770015e+001
+1.238409e+004	   +7.765762e+001
+1.241200e+004	   +7.749240e+001
+1.243996e+004	   +7.770644e+001
+1.246800e+004	   +7.754903e+001
+1.249609e+004	   +7.768599e+001
+1.252425e+004	   +7.786589e+001
+1.255247e+004	   +7.771790e+001
+1.258076e+004	   +7.758458e+001
+1.260911e+004	   +7.767025e+001
+1.263752e+004	   +7.764278e+001
+1.266599e+004	   +7.772942e+001
+1.269454e+004	   +7.767770e+001
+1.272314e+004	   +7.765491e+001
+1.275181e+004	   +7.776728e+001
+1.278054e+004	   +7.780301e+001
+1.280934e+004	   +7.789503e+001
+1.283821e+004	   +7.783335e+001
+1.286714e+004	   +7.766692e+001
+1.289613e+004	   +7.779958e+001
+1.292519e+004	   +7.796864e+001
+1.295432e+004	   +7.779291e+001
+1.298351e+004	   +7.795387e+001
+1.301276e+004	   +7.782788e+001
+1.304208e+004	   +7.792278e+001
+1.307147e+004	   +7.762223e+001
+1.310093e+004	   +7.768943e+001
+1.313045e+004	   +7.745522e+001
+1.316004e+004	   +7.806479e+001
+1.318969e+004	   +7.775279e+001
+1.321941e+004	   +7.774231e+001
+1.324920e+004	   +7.773941e+001
+1.327905e+004	   +7.784932e+001
+1.330898e+004	   +7.798777e+001
+1.333897e+004	   +7.776737e+001
+1.336902e+004	   +7.781647e+001
+1.339915e+004	   +7.804845e+001
+1.342934e+004	   +7.778059e+001
+1.345960e+004	   +7.745098e+001
+1.348993e+004	   +7.772701e+001
+1.352033e+004	   +7.787717e+001
+1.355080e+004	   +7.782480e+001
+1.358133e+004	   +7.784747e+001
+1.361193e+004	   +7.775595e+001
+1.364261e+004	   +7.794511e+001
+1.367335e+004	   +7.791875e+001
+1.370416e+004	   +7.813360e+001
+1.373504e+004	   +7.778051e+001
+1.376599e+004	   +7.775172e+001
+1.379701e+004	   +7.770824e+001
+1.382810e+004	   +7.778796e+001
+1.385926e+004	   +7.783671e+001
+1.389049e+004	   +7.795190e+001
+1.392179e+004	   +7.789011e+001
+1.395316e+004	   +7.782225e+001
+1.398460e+004	   +7.760645e+001
+1.401611e+004	   +7.794199e+001
+1.404770e+004	   +7.783523e+001
+1.407935e+004	   +7.783842e+001
+1.411108e+004	   +7.766797e+001
+1.414287e+004	   +7.798203e+001
+1.417474e+004	   +7.789384e+001
+1.420668e+004	   +7.782361e+001
+1.423870e+004	   +7.801669e+001
+1.427078e+004	   +7.763468e+001
+1.430294e+004	   +7.775861e+001
+1.433517e+004	   +7.783058e+001
+1.436747e+004	   +7.768119e+001
+1.439984e+004	   +7.765247e+001
+1.443229e+004	   +7.771575e+001
+1.446481e+004	   +7.791447e+001
+1.449741e+004	   +7.777129e+001
+1.453007e+004	   +7.824913e+001
+1.456282e+004	   +7.778687e+001
+1.459563e+004	   +7.759705e+001
+1.462852e+004	   +7.781474e+001
+1.466148e+004	   +7.790987e+001
+1.469452e+004	   +7.769076e+001
+1.472763e+004	   +7.773705e+001
+1.476082e+004	   +7.763593e+001
+1.479408e+004	   +7.771909e+001
+1.482742e+004	   +7.764294e+001
+1.486083e+004	   +7.805355e+001
+1.489431e+004	   +7.775072e+001
+1.492788e+004	   +7.772960e+001
+1.496151e+004	   +7.753005e+001
+1.499523e+004	   +7.770364e+001
+1.502902e+004	   +7.785650e+001
+1.506288e+004	   +7.802676e+001
+1.509683e+004	   +7.782573e+001
+1.513084e+004	   +7.788202e+001
+1.516494e+004	   +7.785797e+001
+1.519911e+004	   +7.794187e+001
+1.523336e+004	   +7.785909e+001
+1.526769e+004	   +7.771613e+001
+1.530209e+004	   +7.743497e+001
+1.533657e+004	   +7.762334e+001
+1.537113e+004	   +7.778185e+001
+1.540577e+004	   +7.779521e+001
+1.544048e+004	   +7.759395e+001
+1.547527e+004	   +7.758384e+001
+1.551014e+004	   +7.764500e+001
+1.554509e+004	   +7.768019e+001
+1.558012e+004	   +7.771240e+001
+1.561523e+004	   +7.766451e+001
+1.565042e+004	   +7.760067e+001
+1.568568e+004	   +7.813849e+001
+1.572103e+004	   +7.726429e+001
+1.575645e+004	   +7.736588e+001
+1.579196e+004	   +7.753895e+001
+1.582754e+004	   +7.760645e+001
+1.586321e+004	   +7.748670e+001
+1.589895e+004	   +7.715433e+001
+1.593478e+004	   +7.728392e+001
+1.597069e+004	   +7.723925e+001
+1.600667e+004	   +7.720447e+001
+1.604274e+004	   +7.712168e+001
+1.607889e+004	   +7.704890e+001
+1.611512e+004	   +7.688345e+001
+1.615144e+004	   +7.720300e+001
+1.618783e+004	   +7.708670e+001
+1.622431e+004	   +7.695380e+001
+1.626087e+004	   +7.717844e+001
+1.629751e+004	   +7.726635e+001
+1.633423e+004	   +7.711051e+001
+1.637104e+004	   +7.707185e+001
+1.640793e+004	   +7.723775e+001
+1.644490e+004	   +7.720435e+001
+1.648196e+004	   +7.748241e+001
+1.651910e+004	   +7.706611e+001
+1.655632e+004	   +7.738186e+001
+1.659363e+004	   +7.702450e+001
+1.663102e+004	   +7.678484e+001
+1.666849e+004	   +7.701128e+001
+1.670605e+004	   +7.702726e+001
+1.674370e+004	   +7.701083e+001
+1.678143e+004	   +7.678370e+001
+1.681924e+004	   +7.677634e+001
+1.685714e+004	   +7.693194e+001
+1.689513e+004	   +7.701914e+001
+1.693320e+004	   +7.691985e+001
+1.697136e+004	   +7.692035e+001
+1.700960e+004	   +7.679008e+001
+1.704793e+004	   +7.651128e+001
+1.708634e+004	   +7.681548e+001
+1.712484e+004	   +7.680480e+001
+1.716343e+004	   +7.672359e+001
+1.720211e+004	   +7.662924e+001
+1.724087e+004	   +7.674661e+001
+1.727972e+004	   +7.680328e+001
+1.731866e+004	   +7.674957e+001
+1.735768e+004	   +7.666341e+001
+1.739679e+004	   +7.671484e+001
+1.743599e+004	   +7.676750e+001
+1.747528e+004	   +7.662283e+001
+1.751466e+004	   +7.668302e+001
+1.755413e+004	   +7.671485e+001
+1.759368e+004	   +7.646782e+001
+1.763333e+004	   +7.692258e+001
+1.767306e+004	   +7.707738e+001
+1.771289e+004	   +7.667252e+001
+1.775280e+004	   +7.681229e+001
+1.779280e+004	   +7.690771e+001
+1.783290e+004	   +7.677403e+001
+1.787308e+004	   +7.673669e+001
+1.791336e+004	   +7.665091e+001
+1.795372e+004	   +7.655496e+001
+1.799418e+004	   +7.642738e+001
+1.803472e+004	   +7.655099e+001
+1.807536e+004	   +7.663332e+001
+1.811609e+004	   +7.643155e+001
+1.815691e+004	   +7.642358e+001
+1.819783e+004	   +7.656702e+001
+1.823883e+004	   +7.661718e+001
+1.827993e+004	   +7.634978e+001
+1.832112e+004	   +7.625565e+001
+1.836241e+004	   +7.607409e+001
+1.840379e+004	   +7.642581e+001
+1.844525e+004	   +7.638013e+001
+1.848682e+004	   +7.646468e+001
+1.852847e+004	   +7.619086e+001
+1.857023e+004	   +7.611840e+001
+1.861207e+004	   +7.615169e+001
+1.865401e+004	   +7.640803e+001
+1.869604e+004	   +7.605890e+001
+1.873817e+004	   +7.609606e+001
+1.878040e+004	   +7.609702e+001
+1.882272e+004	   +7.592786e+001
+1.886513e+004	   +7.584001e+001
+1.890764e+004	   +7.606438e+001
+1.895025e+004	   +7.599550e+001
+1.899295e+004	   +7.593626e+001
+1.903575e+004	   +7.583477e+001
+1.907864e+004	   +7.589814e+001
+1.912163e+004	   +7.589777e+001
+1.916472e+004	   +7.607697e+001
+1.920790e+004	   +7.604445e+001
+1.925119e+004	   +7.576624e+001
+1.929456e+004	   +7.597305e+001
+1.933804e+004	   +7.575919e+001
+1.938162e+004	   +7.571238e+001
+1.942529e+004	   +7.539839e+001
+1.946906e+004	   +7.541972e+001
+1.951293e+004	   +7.556418e+001
+1.955690e+004	   +7.553291e+001
+1.960097e+004	   +7.516249e+001
+1.964514e+004	   +7.516451e+001
+1.968941e+004	   +7.506689e+001
+1.973378e+004	   +7.522359e+001
+1.977824e+004	   +7.508563e+001
+1.982281e+004	   +7.486330e+001
+1.986748e+004	   +7.467879e+001
+1.991225e+004	   +7.481290e+001
+1.995712e+004	   +7.484102e+001
+2.000209e+004	   +7.458607e+001
+2.004716e+004	   +7.464069e+001
+2.009233e+004	   +7.460546e+001
+2.013761e+004	   +7.444828e+001
+2.018298e+004	   +7.438971e+001
+2.022846e+004	   +7.410594e+001
+2.027404e+004	   +7.404986e+001
+2.031973e+004	   +7.412064e+001
+2.036552e+004	   +7.399361e+001
+2.041141e+004	   +7.384167e+001
+2.045740e+004	   +7.425423e+001
+2.050350e+004	   +7.407233e+001
+2.054970e+004	   +7.436765e+001
+2.059601e+004	   +7.419954e+001
+2.064242e+004	   +7.410068e+001
+2.068893e+004	   +7.446079e+001
+2.073555e+004	   +7.410065e+001
+2.078227e+004	   +7.397343e+001
+2.082910e+004	   +7.439363e+001
+2.087604e+004	   +7.443049e+001
+2.092308e+004	   +7.477832e+001
+2.097023e+004	   +7.438160e+001
+2.101748e+004	   +7.454241e+001
+2.106484e+004	   +7.449364e+001
+2.111231e+004	   +7.450579e+001
+2.115988e+004	   +7.426829e+001
+2.120756e+004	   +7.445866e+001
+2.125535e+004	   +7.453619e+001
+2.130324e+004	   +7.470892e+001
+2.135125e+004	   +7.426507e+001
+2.139936e+004	   +7.467174e+001
+2.144758e+004	   +7.463407e+001
+2.149591e+004	   +7.440978e+001
+2.154435e+004	   +7.451031e+001
+2.159289e+004	   +7.451517e+001
+2.164155e+004	   +7.428415e+001
+2.169032e+004	   +7.457040e+001
+2.173919e+004	   +7.462421e+001
+2.178818e+004	   +7.446480e+001
+2.183728e+004	   +7.447176e+001
+2.188648e+004	   +7.438405e+001
+2.193580e+004	   +7.407672e+001
+2.198523e+004	   +7.449809e+001
+2.203477e+004	   +7.394489e+001
+2.208442e+004	   +7.406856e+001
+2.213419e+004	   +7.418747e+001
+2.218406e+004	   +7.429941e+001
+2.223405e+004	   +7.414355e+001
+2.228415e+004	   +7.397858e+001
+2.233437e+004	   +7.398009e+001
+2.238469e+004	   +7.403619e+001
+2.243513e+004	   +7.372987e+001
+2.248569e+004	   +7.383835e+001
+2.253636e+004	   +7.391171e+001
+2.258714e+004	   +7.383366e+001
+2.263803e+004	   +7.418097e+001
+2.268904e+004	   +7.350502e+001
+2.274017e+004	   +7.379549e+001
+2.279141e+004	   +7.384405e+001
+2.284277e+004	   +7.382136e+001
+2.289424e+004	   +7.366743e+001
+2.294583e+004	   +7.359029e+001
+2.299754e+004	   +7.328957e+001
+2.304936e+004	   +7.347211e+001
+2.310130e+004	   +7.336447e+001
+2.315335e+004	   +7.366333e+001
+2.320553e+004	   +7.343031e+001
+2.325781e+004	   +7.365987e+001
+2.331022e+004	   +7.323619e+001
+2.336275e+004	   +7.309259e+001
+2.341539e+004	   +7.303244e+001
+2.346816e+004	   +7.300909e+001
+2.352104e+004	   +7.325665e+001
+2.357404e+004	   +7.305131e+001
+2.362716e+004	   +7.316034e+001
+2.368040e+004	   +7.320220e+001
+2.373376e+004	   +7.323710e+001
+2.378724e+004	   +7.312497e+001
+2.384084e+004	   +7.279131e+001
+2.389456e+004	   +7.306322e+001
+2.394841e+004	   +7.299438e+001
+2.400237e+004	   +7.283764e+001
+2.405646e+004	   +7.282847e+001
+2.411066e+004	   +7.283916e+001
+2.416499e+004	   +7.287936e+001
+2.421945e+004	   +7.294232e+001
+2.427402e+004	   +7.253131e+001
+2.432872e+004	   +7.275817e+001
+2.438354e+004	   +7.307733e+001
+2.443849e+004	   +7.272187e+001
+2.449355e+004	   +7.264059e+001
+2.454875e+004	   +7.231533e+001
+2.460406e+004	   +7.216895e+001
+2.465951e+004	   +7.256159e+001
+2.471507e+004	   +7.248667e+001
+2.477076e+004	   +7.240799e+001
+2.482658e+004	   +7.244395e+001
+2.488252e+004	   +7.251865e+001
+2.493859e+004	   +7.221337e+001
+2.499479e+004	   +7.212103e+001
+2.505111e+004	   +7.203204e+001
+2.510756e+004	   +7.246655e+001
+2.516413e+004	   +7.243034e+001
+2.522084e+004	   +7.218506e+001
+2.527767e+004	   +7.217698e+001
+2.533463e+004	   +7.225209e+001
+2.539172e+004	   +7.240196e+001
+2.544893e+004	   +7.220712e+001
+2.550628e+004	   +7.230391e+001
+2.556375e+004	   +7.210616e+001
+2.562136e+004	   +7.242316e+001
+2.567909e+004	   +7.259036e+001
+2.573696e+004	   +7.223641e+001
+2.579495e+004	   +7.244089e+001
+2.585308e+004	   +7.224511e+001
+2.591133e+004	   +7.224277e+001
+2.596972e+004	   +7.204407e+001
+2.602824e+004	   +7.205219e+001
+2.608689e+004	   +7.152286e+001
+2.614567e+004	   +7.163612e+001
+2.620459e+004	   +7.197561e+001
+2.626363e+004	   +7.199809e+001
+2.632282e+004	   +7.200142e+001
+2.638213e+004	   +7.200721e+001
+2.644158e+004	   +7.166113e+001
+2.650116e+004	   +7.178387e+001
+2.656088e+004	   +7.176829e+001
+2.662073e+004	   +7.170412e+001
+2.668071e+004	   +7.175628e+001
+2.674084e+004	   +7.193065e+001
+2.680109e+004	   +7.169139e+001
+2.686148e+004	   +7.178826e+001
+2.692201e+004	   +7.214967e+001
+2.698268e+004	   +7.223012e+001
+2.704348e+004	   +7.199373e+001
+2.710442e+004	   +7.204242e+001
+2.716549e+004	   +7.179450e+001
+2.722671e+004	   +7.177795e+001
+2.728806e+004	   +7.172884e+001
+2.734955e+004	   +7.185090e+001
+2.741118e+004	   +7.160625e+001
+2.747294e+004	   +7.186581e+001
+2.753485e+004	   +7.193060e+001
+2.759689e+004	   +7.188312e+001
+2.765908e+004	   +7.165062e+001
+2.772141e+004	   +7.170605e+001
+2.778387e+004	   +7.162091e+001
+2.784648e+004	   +7.127201e+001
+2.790923e+004	   +7.175367e+001
+2.797212e+004	   +7.192424e+001
+2.803515e+004	   +7.160495e+001
+2.809832e+004	   +7.159483e+001
+2.816163e+004	   +7.164180e+001
+2.822509e+004	   +7.150658e+001
+2.828870e+004	   +7.169085e+001
+2.835244e+004	   +7.146791e+001
+2.841633e+004	   +7.138452e+001
+2.848036e+004	   +7.150473e+001
+2.854454e+004	   +7.149551e+001
+2.860886e+004	   +7.153551e+001
+2.867332e+004	   +7.117529e+001
+2.873793e+004	   +7.143572e+001
+2.880269e+004	   +7.159167e+001
+2.886759e+004	   +7.164466e+001
+2.893264e+004	   +7.144703e+001
+2.899784e+004	   +7.132964e+001
+2.906318e+004	   +7.136435e+001
+2.912867e+004	   +7.141098e+001
+2.919430e+004	   +7.152056e+001
+2.926009e+004	   +7.126810e+001
+2.932602e+004	   +7.146933e+001
+2.939211e+004	   +7.142393e+001
+2.945834e+004	   +7.160046e+001
+2.952472e+004	   +7.151276e+001
+2.959125e+004	   +7.117352e+001
+2.965793e+004	   +7.147859e+001
+2.972475e+004	   +7.175100e+001
+2.979173e+004	   +7.112499e+001
+2.985887e+004	   +7.176881e+001
+2.992615e+004	   +7.103006e+001
+2.999358e+004	   +7.131374e+001
+3.006117e+004	   +7.129583e+001
+3.012891e+004	   +7.126741e+001
+3.019680e+004	   +7.167406e+001
+3.026484e+004	   +7.141694e+001
+3.033304e+004	   +7.128844e+001
+3.040139e+004	   +7.153945e+001
+3.046990e+004	   +7.155141e+001
+3.053855e+004	   +7.144540e+001
+3.060737e+004	   +7.151452e+001
+3.067634e+004	   +7.137160e+001
+3.074546e+004	   +7.146941e+001
+3.081474e+004	   +7.138200e+001
+3.088418e+004	   +7.163491e+001
+3.095377e+004	   +7.157032e+001
+3.102352e+004	   +7.147993e+001
+3.109343e+004	   +7.146389e+001
+3.116349e+004	   +7.114191e+001
+3.123372e+004	   +7.124487e+001
+3.130410e+004	   +7.159641e+001
+3.137463e+004	   +7.153289e+001
+3.144533e+004	   +7.122147e+001
+3.151619e+004	   +7.130977e+001
+3.158721e+004	   +7.151960e+001
+3.165838e+004	   +7.143555e+001
+3.172972e+004	   +7.147198e+001
+3.180122e+004	   +7.132716e+001
+3.187288e+004	   +7.089130e+001
+3.194470e+004	   +7.087968e+001
+3.201668e+004	   +7.127529e+001
+3.208883e+004	   +7.116300e+001
+3.216114e+004	   +7.156283e+001
+3.223361e+004	   +7.119692e+001
+3.230624e+004	   +7.152761e+001
+3.237904e+004	   +7.130183e+001
+3.245200e+004	   +7.140826e+001
+3.252513e+004	   +7.162457e+001
+3.259841e+004	   +7.157175e+001
+3.267187e+004	   +7.148009e+001
+3.274549e+004	   +7.143270e+001
+3.281928e+004	   +7.187787e+001
+3.289323e+004	   +7.167250e+001
+3.296735e+004	   +7.157466e+001
+3.304164e+004	   +7.194744e+001
+3.311609e+004	   +7.151334e+001
+3.319071e+004	   +7.155719e+001
+3.326551e+004	   +7.140015e+001
+3.334046e+004	   +7.173340e+001
+3.341559e+004	   +7.188080e+001
+3.349089e+004	   +7.143213e+001
+3.356636e+004	   +7.165264e+001
+3.364199e+004	   +7.175816e+001
+3.371780e+004	   +7.156013e+001
+3.379378e+004	   +7.200287e+001
+3.386993e+004	   +7.165209e+001
+3.394625e+004	   +7.153671e+001
+3.402274e+004	   +7.177496e+001
+3.409941e+004	   +7.163027e+001
+3.417625e+004	   +7.205107e+001
+3.425325e+004	   +7.188889e+001
+3.433044e+004	   +7.173980e+001
+3.440780e+004	   +7.164483e+001
+3.448533e+004	   +7.216489e+001
+3.456304e+004	   +7.192774e+001
+3.464092e+004	   +7.187138e+001
+3.471898e+004	   +7.175890e+001
+3.479721e+004	   +7.164915e+001
+3.487563e+004	   +7.165306e+001
+3.495421e+004	   +7.168456e+001
+3.503298e+004	   +7.173634e+001
+3.511192e+004	   +7.179560e+001
+3.519104e+004	   +7.155738e+001
+3.527034e+004	   +7.172897e+001
+3.534981e+004	   +7.155274e+001
+3.542946e+004	   +7.167345e+001
+3.550930e+004	   +7.151869e+001
+3.558932e+004	   +7.157253e+001
+3.566951e+004	   +7.113527e+001
+3.574989e+004	   +7.112304e+001
+3.583045e+004	   +7.109941e+001
+3.591118e+004	   +7.121941e+001
+3.599211e+004	   +7.143527e+001
+3.607321e+004	   +7.102507e+001
+3.615449e+004	   +7.134371e+001
+3.623596e+004	   +7.110928e+001
+3.631761e+004	   +7.089864e+001
+3.639945e+004	   +7.120284e+001
+3.648147e+004	   +7.097842e+001
+3.656368e+004	   +7.073124e+001
+3.664607e+004	   +7.120649e+001
+3.672864e+004	   +7.084274e+001
+3.681141e+004	   +7.070732e+001
+3.689436e+004	   +7.037497e+001
+3.697749e+004	   +7.069913e+001
+3.706081e+004	   +7.126244e+001
+3.714432e+004	   +7.090823e+001
+3.722802e+004	   +7.130795e+001
+3.731191e+004	   +7.202916e+001
+3.739599e+004	   +7.215789e+001
+3.748025e+004	   +7.197091e+001
+3.756471e+004	   +7.263404e+001
+3.764936e+004	   +7.248073e+001
+3.773420e+004	   +7.279620e+001
+3.781922e+004	   +7.265187e+001
+3.790445e+004	   +7.219450e+001
+3.798986e+004	   +7.231361e+001
+3.807546e+004	   +7.183955e+001
+3.816126e+004	   +7.162217e+001
+3.824725e+004	   +7.092294e+001
+3.833343e+004	   +7.078040e+001
+3.841981e+004	   +7.124966e+001
+3.850639e+004	   +7.101674e+001
+3.859315e+004	   +7.130661e+001
+3.868012e+004	   +7.165189e+001
+3.876728e+004	   +7.149442e+001
+3.885463e+004	   +7.105579e+001
+3.894219e+004	   +7.156556e+001
+3.902994e+004	   +7.181783e+001
+3.911789e+004	   +7.169524e+001
+3.920603e+004	   +7.132883e+001
+3.929438e+004	   +7.098489e+001
+3.938292e+004	   +7.140715e+001
+3.947166e+004	   +7.153884e+001
+3.956061e+004	   +7.179378e+001
+3.964975e+004	   +7.187872e+001
+3.973910e+004	   +7.161460e+001
+3.982864e+004	   +7.224918e+001
+3.991839e+004	   +7.148100e+001
+4.000834e+004	   +7.147371e+001
+4.009849e+004	   +7.162253e+001
+4.018885e+004	   +7.139544e+001
+4.027941e+004	   +7.179953e+001
+4.037017e+004	   +7.130260e+001
+4.046114e+004	   +7.171363e+001
+4.055231e+004	   +7.161590e+001
+4.064369e+004	   +7.163889e+001
+4.073528e+004	   +7.246172e+001
+4.082707e+004	   +7.197247e+001
+4.091907e+004	   +7.178127e+001
+4.101127e+004	   +7.110921e+001
+4.110368e+004	   +7.140316e+001
+4.119630e+004	   +7.191884e+001
+4.128913e+004	   +7.168211e+001
+4.138217e+004	   +7.113132e+001
+4.147542e+004	   +7.205017e+001
+4.156888e+004	   +7.132425e+001
+4.166255e+004	   +7.114216e+001
+4.175643e+004	   +7.136801e+001
+4.185052e+004	   +7.131060e+001
+4.194482e+004	   +7.171358e+001
+4.203934e+004	   +7.107336e+001
+4.213407e+004	   +7.109962e+001
+4.222902e+004	   +7.094127e+001
+4.232417e+004	   +7.101773e+001
+4.241954e+004	   +7.102290e+001
+4.251513e+004	   +7.138718e+001
+4.261093e+004	   +7.101794e+001
+4.270695e+004	   +7.176559e+001
+4.280318e+004	   +7.146082e+001
+4.289963e+004	   +7.185094e+001
+4.299630e+004	   +7.142564e+001
+4.309319e+004	   +7.187504e+001
+4.319029e+004	   +7.226318e+001
+4.328761e+004	   +7.166670e+001
+4.338516e+004	   +7.214639e+001
+4.348292e+004	   +7.214091e+001
+4.358090e+004	   +7.197265e+001
+4.367910e+004	   +7.097679e+001
+4.377753e+004	   +7.101643e+001
+4.387617e+004	   +7.098231e+001
+4.397504e+004	   +7.086109e+001
+4.407413e+004	   +7.039751e+001
+4.417345e+004	   +6.986206e+001
+4.427298e+004	   +7.067700e+001
+4.437275e+004	   +7.097177e+001
+4.447273e+004	   +7.181292e+001
+4.457295e+004	   +7.203433e+001
+4.467339e+004	   +7.221635e+001
+4.477405e+004	   +7.265736e+001
+4.487494e+004	   +7.321381e+001
+4.497606e+004	   +7.349477e+001
+4.507741e+004	   +7.378065e+001
+4.517898e+004	   +7.383564e+001
+4.528079e+004	   +7.434672e+001
+4.538282e+004	   +7.533122e+001
+4.548509e+004	   +7.616169e+001
+4.558758e+004	   +7.686562e+001
+4.569030e+004	   +7.753102e+001
+4.579326e+004	   +7.813747e+001
+4.589645e+004	   +7.840526e+001
+4.599987e+004	   +7.885855e+001
+4.610352e+004	   +7.944317e+001
+4.620741e+004	   +7.998492e+001
+4.631153e+004	   +8.065199e+001
+4.641589e+004	   +8.187699e+001
+4.652048e+004	   +8.341811e+001
+4.662530e+004	   +8.410036e+001
+4.673037e+004	   +8.417038e+001
+4.683567e+004	   +8.391116e+001
+4.694121e+004	   +8.383563e+001
+4.704698e+004	   +8.273749e+001
+4.715300e+004	   +8.101869e+001
+4.725925e+004	   +7.916669e+001
+4.736574e+004	   +7.750519e+001
+4.747247e+004	   +7.679078e+001
+4.757944e+004	   +7.766252e+001
+4.768666e+004	   +7.812843e+001
+4.779411e+004	   +7.748961e+001
+4.790181e+004	   +7.715673e+001
+4.800975e+004	   +7.611195e+001
+4.811793e+004	   +7.573984e+001
+4.822636e+004	   +7.575178e+001
+4.833503e+004	   +7.646445e+001
+4.844395e+004	   +7.694370e+001
+4.855311e+004	   +7.694590e+001
+4.866251e+004	   +7.668038e+001
+4.877216e+004	   +7.738848e+001
+4.888207e+004	   +7.706742e+001
+4.899221e+004	   +7.655944e+001
+4.910261e+004	   +7.587704e+001
+4.921326e+004	   +7.498535e+001
+4.932415e+004	   +7.394720e+001
+4.943530e+004	   +7.293595e+001
+4.954669e+004	   +7.248910e+001
+4.965834e+004	   +7.164835e+001
+4.977023e+004	   +7.123868e+001
+4.988239e+004	   +7.094517e+001
+4.999479e+004	   +7.027090e+001
+5.010745e+004	   +7.006063e+001
+5.022035e+004	   +7.041469e+001
+5.033352e+004	   +7.068820e+001
+5.044694e+004	   +6.991639e+001
+5.056061e+004	   +6.982195e+001
+5.067454e+004	   +6.998101e+001
+5.078873e+004	   +6.958397e+001
+5.090318e+004	   +6.895206e+001
+5.101788e+004	   +6.922991e+001
+5.113284e+004	   +6.931893e+001
+5.124806e+004	   +6.869200e+001
+5.136354e+004	   +6.800623e+001
+5.147928e+004	   +6.679044e+001
+5.159528e+004	   +6.749005e+001
+5.171154e+004	   +6.783022e+001
+5.182807e+004	   +6.761938e+001
+5.194485e+004	   +6.746249e+001
+5.206190e+004	   +6.705988e+001
+5.217922e+004	   +6.682895e+001
+5.229679e+004	   +6.668364e+001
+5.241464e+004	   +6.650599e+001
+5.253275e+004	   +6.622474e+001
+5.265112e+004	   +6.599451e+001
+5.276976e+004	   +6.576925e+001
+5.288867e+004	   +6.555025e+001
+5.300785e+004	   +6.534509e+001
+5.312729e+004	   +6.514391e+001
+5.324701e+004	   +6.516348e+001
+5.336699e+004	   +6.504864e+001
+5.348725e+004	   +6.473540e+001
+5.360777e+004	   +6.436597e+001
+5.372857e+004	   +6.440414e+001
+5.384964e+004	   +6.407700e+001
+5.397098e+004	   +6.380489e+001
+5.409260e+004	   +6.351392e+001
+5.421448e+004	   +6.307268e+001
+5.433665e+004	   +6.315473e+001
+5.445909e+004	   +6.302905e+001
+5.458180e+004	   +6.303765e+001
+5.470480e+004	   +6.253364e+001
+5.482807e+004	   +6.203355e+001
+5.495161e+004	   +6.170120e+001
+5.507544e+004	   +6.077746e+001
+5.519954e+004	   +6.000499e+001
+5.532393e+004	   +5.988661e+001
+5.544859e+004	   +5.950536e+001
+5.557354e+004	   +5.962632e+001
+5.569876e+004	   +5.950492e+001
+5.582427e+004	   +5.977831e+001
+5.595006e+004	   +5.986600e+001
+5.607614e+004	   +5.981157e+001
+5.620250e+004	   +5.998824e+001
+5.632914e+004	   +5.921657e+001
+5.645607e+004	   +5.888972e+001
+5.658329e+004	   +5.814708e+001
+5.671079e+004	   +5.789640e+001
+5.683858e+004	   +5.736820e+001
+5.696666e+004	   +5.690856e+001
+5.709502e+004	   +5.690096e+001
+5.722368e+004	   +5.720443e+001
+5.735262e+004	   +5.665630e+001
+5.748186e+004	   +5.609701e+001
+5.761138e+004	   +5.511868e+001
+5.774120e+004	   +5.492299e+001
+5.787131e+004	   +5.393890e+001
+5.800172e+004	   +5.295966e+001
+5.813242e+004	   +5.271854e+001
+5.826341e+004	   +5.140118e+001
+5.839470e+004	   +5.032973e+001
+5.852628e+004	   +4.952191e+001
+5.865816e+004	   +4.753605e+001
+5.879034e+004	   +4.595209e+001
+5.892281e+004	   +4.420551e+001
+5.905559e+004	   +4.198590e+001
+5.918866e+004	   +3.911857e+001
+5.932204e+004	   +3.529647e+001
+5.945571e+004	   +3.209822e+001
+5.958968e+004	   +3.047386e+001
+5.972396e+004	   +3.027718e+001
+5.985854e+004	   +2.821792e+001
+5.999342e+004	   +2.967339e+001
+6.012861e+004	   +3.549667e+001
+6.026410e+004	   +4.016181e+001
+6.039989e+004	   +4.230706e+001
+6.053600e+004	   +4.229341e+001
+6.067240e+004	   +4.122674e+001
+6.080912e+004	   +4.327054e+001
+6.094614e+004	   +4.405162e+001
+6.108348e+004	   +4.304955e+001
+6.122112e+004	   +4.152291e+001
+6.135907e+004	   +4.087755e+001
+6.149734e+004	   +4.577138e+001
+6.163591e+004	   +4.837479e+001
+6.177480e+004	   +4.766552e+001
+6.191400e+004	   +4.890107e+001
+6.205351e+004	   +4.945547e+001
+6.219334e+004	   +4.876816e+001
+6.233348e+004	   +4.816317e+001
+6.247395e+004	   +4.758283e+001
+6.261472e+004	   +4.611156e+001
+6.275581e+004	   +4.189759e+001
+6.289722e+004	   +4.297320e+001
+6.303895e+004	   +4.866994e+001
+6.318100e+004	   +4.715839e+001
+6.332337e+004	   +4.562604e+001
+6.346606e+004	   +4.582589e+001
+6.360907e+004	   +4.577836e+001
+6.375241e+004	   +4.668843e+001
+6.389606e+004	   +4.621737e+001
+6.404004e+004	   +4.539721e+001
+6.418435e+004	   +4.410816e+001
+6.432898e+004	   +4.395555e+001
+6.447393e+004	   +4.539963e+001
+6.461921e+004	   +4.602942e+001
+6.476482e+004	   +4.404239e+001
+6.491076e+004	   +4.278648e+001
+6.505703e+004	   +4.246568e+001
+6.520363e+004	   +4.425907e+001
+6.535055e+004	   +4.577477e+001
+6.549781e+004	   +4.772705e+001
+6.564540e+004	   +4.736460e+001
+6.579332e+004	   +4.772006e+001
+6.594158e+004	   +4.690209e+001
+6.609016e+004	   +4.653698e+001
+6.623909e+004	   +4.568330e+001
+6.638835e+004	   +4.445672e+001
+6.653795e+004	   +4.361123e+001
+6.668788e+004	   +4.275250e+001
+6.683816e+004	   +4.218516e+001
+6.698877e+004	   +4.181001e+001
+6.713971e+004	   +4.037644e+001
+6.729100e+004	   +3.930217e+001
+6.744263e+004	   +3.660786e+001
+6.759460e+004	   +3.628273e+001
+6.774691e+004	   +3.697322e+001
+6.789958e+004	   +3.652221e+001
+6.805258e+004	   +3.870705e+001
+6.820592e+004	   +4.154190e+001
+6.835962e+004	   +4.306404e+001
+6.851366e+004	   +4.308964e+001
+6.866804e+004	   +4.223637e+001
+6.882277e+004	   +4.102145e+001
+6.897785e+004	   +3.971154e+001
+6.913328e+004	   +4.008887e+001
+6.928907e+004	   +4.217029e+001
+6.944520e+004	   +4.294894e+001
+6.960169e+004	   +4.387409e+001
+6.975852e+004	   +4.383695e+001
+6.991571e+004	   +4.392519e+001
+7.007326e+004	   +4.443387e+001
+7.023116e+004	   +4.394514e+001
+7.038941e+004	   +4.310200e+001
+7.054802e+004	   +4.155573e+001
+7.070699e+004	   +4.190332e+001
+7.086632e+004	   +4.265683e+001
+7.102601e+004	   +4.393192e+001
+7.118605e+004	   +4.395427e+001
+7.134646e+004	   +4.324172e+001
+7.150723e+004	   +4.333737e+001
+7.166836e+004	   +4.336555e+001
+7.182985e+004	   +4.370999e+001
+7.199171e+004	   +4.356490e+001
+7.215394e+004	   +4.296617e+001
+7.231652e+004	   +4.402126e+001
+7.247948e+004	   +4.373879e+001
+7.264280e+004	   +4.247702e+001
+7.280649e+004	   +4.160014e+001
+7.297055e+004	   +4.075713e+001
+7.313498e+004	   +3.979231e+001
+7.329977e+004	   +3.894365e+001
+7.346495e+004	   +3.866062e+001
+7.363048e+004	   +3.883293e+001
+7.379641e+004	   +3.681287e+001
+7.396270e+004	   +3.751812e+001
+7.412936e+004	   +3.763165e+001
+7.429640e+004	   +3.859691e+001
+7.446381e+004	   +3.918016e+001
+7.463160e+004	   +3.759099e+001
+7.479977e+004	   +3.568774e+001
+7.496833e+004	   +3.450090e+001
+7.513726e+004	   +3.693931e+001
+7.530656e+004	   +3.803256e+001
+7.547626e+004	   +3.799112e+001
+7.564634e+004	   +3.745378e+001
+7.581679e+004	   +3.741322e+001
+7.598763e+004	   +3.882379e+001
+7.615886e+004	   +4.147338e+001
+7.633047e+004	   +4.264845e+001
+7.650247e+004	   +4.243267e+001
+7.667486e+004	   +4.157982e+001
+7.684763e+004	   +4.020158e+001
+7.702080e+004	   +3.872262e+001
+7.719435e+004	   +3.837654e+001
+7.736830e+004	   +3.762426e+001
+7.754264e+004	   +3.808365e+001
+7.771737e+004	   +3.848975e+001
+7.789249e+004	   +3.881936e+001
+7.806801e+004	   +3.810455e+001
+7.824393e+004	   +3.711872e+001
+7.842023e+004	   +3.556426e+001
+7.859695e+004	   +3.243192e+001
+7.877405e+004	   +2.729240e+001
+7.895155e+004	   +2.002655e+001
+7.912946e+004	   +2.099262e+001
+7.930777e+004	   +2.961974e+001
+7.948648e+004	   +3.184375e+001
+7.966559e+004	   +2.899964e+001
+7.984510e+004	   +2.735881e+001
+8.002502e+004	   +2.754405e+001
+8.020534e+004	   +2.937256e+001
+8.038608e+004	   +2.966780e+001
+8.056722e+004	   +3.222020e+001
+8.074877e+004	   +3.240810e+001
+8.093072e+004	   +3.132602e+001
+8.111309e+004	   +2.971734e+001
+8.129586e+004	   +2.721638e+001
+8.147905e+004	   +2.359288e+001
+8.166265e+004	   +2.221198e+001
+8.184666e+004	   +1.795136e+001
+8.203109e+004	   +1.159377e+001
+8.221594e+004	   +7.761553e+000
+8.240120e+004	   +9.460895e+000
+8.258688e+004	   +1.178057e+001
+8.277298e+004	   +1.383098e+001
+8.295949e+004	   +1.421362e+001
+8.314643e+004	   +1.409428e+001
+8.333379e+004	   +4.712379e-001
+8.352157e+004	   -8.391631e+000
+8.370977e+004	   +1.118795e+000
+8.389840e+004	   +1.008787e+001
+8.408745e+004	   +1.541541e+001
+8.427693e+004	   +1.970697e+001
+8.446684e+004	   +2.352335e+001
+8.465716e+004	   +2.316025e+001
+8.484793e+004	   +2.496087e+001
+8.503913e+004	   +2.435402e+001
+8.523074e+004	   +2.344844e+001
+8.542280e+004	   +2.148545e+001
+8.561529e+004	   +2.248747e+001
+8.580821e+004	   +2.585677e+001
+8.600156e+004	   +2.577115e+001
+8.619536e+004	   +2.513020e+001
+8.638959e+004	   +2.425093e+001
+8.658425e+004	   +2.457812e+001
+8.677936e+004	   +2.554732e+001
+8.697490e+004	   +2.381740e+001
+8.717088e+004	   +2.244049e+001
+8.736731e+004	   +2.070281e+001
+8.756418e+004	   +2.051084e+001
+8.776149e+004	   +1.889428e+001
+8.795925e+004	   +1.914131e+001
+8.815745e+004	   +1.865583e+001
+8.835610e+004	   +1.776340e+001
+8.855520e+004	   +1.895766e+001
+8.875475e+004	   +2.076782e+001
+8.895474e+004	   +2.177659e+001
+8.915519e+004	   +2.162692e+001
+8.935609e+004	   +2.183660e+001
+8.955744e+004	   +2.056462e+001
+8.975924e+004	   +1.981919e+001
+8.996150e+004	   +1.913767e+001
+9.016422e+004	   +1.743043e+001
+9.036739e+004	   +1.674964e+001
+9.057102e+004	   +1.555436e+001
+9.077511e+004	   +1.349844e+001
+9.097966e+004	   +1.208050e+001
+9.118466e+004	   +1.045731e+001
+9.139013e+004	   +9.382100e+000
+9.159607e+004	   +7.727236e+000
+9.180247e+004	   +7.019877e+000
+9.200933e+004	   +6.383045e+000
+9.221666e+004	   +5.465100e+000
+9.242445e+004	   +4.632447e+000
+9.263272e+004	   +4.050449e+000
+9.284145e+004	   +3.547840e+000
+9.305066e+004	   +3.120095e+000
+9.326034e+004	   +3.826519e+000
+9.347048e+004	   +5.009327e+000
+9.368110e+004	   +6.658023e+000
+9.389220e+004	   +1.078421e+001
+9.410377e+004	   +8.626033e+000
+9.431582e+004	   +6.765702e+000
+9.452835e+004	   +8.005669e+000
+9.474135e+004	   +8.573461e+000
+9.495484e+004	   +9.257127e+000
+9.516880e+004	   +8.157362e+000
+9.538326e+004	   +7.736367e+000
+9.559819e+004	   +8.131692e+000
+9.581360e+004	   +9.515678e+000
+9.602951e+004	   +7.871910e+000
+9.624589e+004	   +8.164851e+000
+9.646277e+004	   +7.834110e+000
+9.668013e+004	   +9.575138e+000
+9.689798e+004	   +9.151261e+000
+9.711634e+004	   +8.612637e+000
+9.733517e+004	   +8.077284e+000
+9.755450e+004	   +7.912168e+000
+9.777433e+004	   +8.163394e+000
+9.799465e+004	   +8.548512e+000
+9.821546e+004	   +7.774038e+000
+9.843677e+004	   +7.163011e+000
+9.865859e+004	   +8.232570e+000
+9.888090e+004	   +7.497744e+000
+9.910371e+004	   +7.229577e+000
+9.932703e+004	   +6.706457e+000
+9.955085e+004	   +6.193642e+000
+9.977517e+004	   +5.777704e+000
+1.000000e+005	   +5.184055e+000
