+1.000000e+003	   +2.236443e+001
+1.002253e+003	   +2.268955e+001
+1.004512e+003	   +2.239113e+001
+1.006775e+003	   +2.341025e+001
+1.009044e+003	   +2.264793e+001
+1.011318e+003	   +2.247043e+001
+1.013596e+003	   +2.303545e+001
+1.015880e+003	   +2.223074e+001
+1.018170e+003	   +2.205598e+001
+1.020464e+003	   +2.244079e+001
+1.022763e+003	   +2.269348e+001
+1.025068e+003	   +2.262209e+001
+1.027378e+003	   +2.198456e+001
+1.029693e+003	   +2.219512e+001
+1.032013e+003	   +2.231915e+001
+1.034339e+003	   +2.179045e+001
+1.036669e+003	   +2.236666e+001
+1.039005e+003	   +2.199052e+001
+1.041347e+003	   +2.170987e+001
+1.043693e+003	   +2.190655e+001
+1.046045e+003	   +2.150060e+001
+1.048402e+003	   +2.171669e+001
+1.050764e+003	   +2.183613e+001
+1.053132e+003	   +2.171063e+001
+1.055505e+003	   +2.161161e+001
+1.057884e+003	   +2.162814e+001
+1.060267e+003	   +2.168894e+001
+1.062657e+003	   +2.175880e+001
+1.065051e+003	   +2.138329e+001
+1.067451e+003	   +2.152284e+001
+1.069856e+003	   +2.092558e+001
+1.072267e+003	   +2.131818e+001
+1.074683e+003	   +2.166198e+001
+1.077105e+003	   +2.147343e+001
+1.079532e+003	   +2.154544e+001
+1.081965e+003	   +2.130900e+001
+1.084403e+003	   +2.163445e+001
+1.086846e+003	   +2.130497e+001
+1.089295e+003	   +2.115610e+001
+1.091750e+003	   +2.109513e+001
+1.094210e+003	   +2.111671e+001
+1.096676e+003	   +2.095692e+001
+1.099147e+003	   +2.087523e+001
+1.101624e+003	   +2.083522e+001
+1.104106e+003	   +2.080157e+001
+1.106594e+003	   +2.060261e+001
+1.109087e+003	   +2.100743e+001
+1.111587e+003	   +2.045704e+001
+1.114091e+003	   +2.093767e+001
+1.116602e+003	   +2.088669e+001
+1.119118e+003	   +2.093865e+001
+1.121640e+003	   +2.055523e+001
+1.124167e+003	   +2.073559e+001
+1.126700e+003	   +2.069212e+001
+1.129239e+003	   +2.089263e+001
+1.131784e+003	   +2.063325e+001
+1.134334e+003	   +2.092454e+001
+1.136890e+003	   +2.091504e+001
+1.139452e+003	   +2.055114e+001
+1.142020e+003	   +2.033550e+001
+1.144593e+003	   +2.035371e+001
+1.147172e+003	   +2.049433e+001
+1.149757e+003	   +2.037502e+001
+1.152348e+003	   +2.037032e+001
+1.154944e+003	   +1.991863e+001
+1.157547e+003	   +2.023239e+001
+1.160155e+003	   +2.028310e+001
+1.162770e+003	   +2.030017e+001
+1.165390e+003	   +2.024684e+001
+1.168016e+003	   +2.026488e+001
+1.170648e+003	   +2.024372e+001
+1.173286e+003	   +1.974522e+001
+1.175929e+003	   +1.983464e+001
+1.178579e+003	   +1.945021e+001
+1.181235e+003	   +1.999788e+001
+1.183897e+003	   +1.979900e+001
+1.186564e+003	   +1.977011e+001
+1.189238e+003	   +1.973761e+001
+1.191918e+003	   +1.981205e+001
+1.194604e+003	   +1.956500e+001
+1.197296e+003	   +1.927172e+001
+1.199994e+003	   +1.932023e+001
+1.202698e+003	   +1.975877e+001
+1.205408e+003	   +1.968415e+001
+1.208124e+003	   +1.951755e+001
+1.210846e+003	   +1.914355e+001
+1.213575e+003	   +1.953398e+001
+1.216309e+003	   +1.960213e+001
+1.219050e+003	   +1.965535e+001
+1.221797e+003	   +1.917671e+001
+1.224550e+003	   +1.930613e+001
+1.227309e+003	   +1.923849e+001
+1.230075e+003	   +1.895533e+001
+1.232847e+003	   +1.908347e+001
+1.235625e+003	   +1.910080e+001
+1.238409e+003	   +1.947462e+001
+1.241200e+003	   +1.922431e+001
+1.243996e+003	   +1.861752e+001
+1.246800e+003	   +1.911570e+001
+1.249609e+003	   +1.828959e+001
+1.252425e+003	   +1.818155e+001
+1.255247e+003	   +1.887761e+001
+1.258076e+003	   +1.880532e+001
+1.260911e+003	   +1.851649e+001
+1.263752e+003	   +1.850954e+001
+1.266599e+003	   +1.875574e+001
+1.269453e+003	   +1.901521e+001
+1.272314e+003	   +1.858401e+001
+1.275181e+003	   +1.833090e+001
+1.278054e+003	   +1.876391e+001
+1.280934e+003	   +1.856049e+001
+1.283821e+003	   +1.867112e+001
+1.286714e+003	   +1.819600e+001
+1.289613e+003	   +1.802505e+001
+1.292519e+003	   +1.858318e+001
+1.295432e+003	   +1.812304e+001
+1.298351e+003	   +1.857881e+001
+1.301276e+003	   +1.805133e+001
+1.304208e+003	   +1.801616e+001
+1.307147e+003	   +1.845246e+001
+1.310093e+003	   +1.796213e+001
+1.313045e+003	   +1.820475e+001
+1.316004e+003	   +1.832665e+001
+1.318969e+003	   +1.801835e+001
+1.321941e+003	   +1.789800e+001
+1.324920e+003	   +1.795685e+001
+1.327905e+003	   +1.795788e+001
+1.330898e+003	   +1.791519e+001
+1.333897e+003	   +1.792026e+001
+1.336902e+003	   +1.818172e+001
+1.339915e+003	   +1.797615e+001
+1.342934e+003	   +1.771055e+001
+1.345960e+003	   +1.777554e+001
+1.348993e+003	   +1.778771e+001
+1.352033e+003	   +1.754362e+001
+1.355080e+003	   +1.750238e+001
+1.358133e+003	   +1.741327e+001
+1.361193e+003	   +1.751876e+001
+1.364261e+003	   +1.770994e+001
+1.367335e+003	   +1.753337e+001
+1.370416e+003	   +1.760902e+001
+1.373504e+003	   +1.743900e+001
+1.376599e+003	   +1.716379e+001
+1.379701e+003	   +1.724583e+001
+1.382810e+003	   +1.737815e+001
+1.385926e+003	   +1.729415e+001
+1.389049e+003	   +1.728600e+001
+1.392179e+003	   +1.696440e+001
+1.395316e+003	   +1.694172e+001
+1.398460e+003	   +1.710256e+001
+1.401611e+003	   +1.705381e+001
+1.404770e+003	   +1.707589e+001
+1.407935e+003	   +1.713819e+001
+1.411108e+003	   +1.703025e+001
+1.414287e+003	   +1.688091e+001
+1.417474e+003	   +1.700544e+001
+1.420668e+003	   +1.663453e+001
+1.423870e+003	   +1.676888e+001
+1.427078e+003	   +1.680582e+001
+1.430294e+003	   +1.682607e+001
+1.433517e+003	   +1.654046e+001
+1.436747e+003	   +1.659070e+001
+1.439984e+003	   +1.661931e+001
+1.443229e+003	   +1.661969e+001
+1.446481e+003	   +1.664048e+001
+1.449741e+003	   +1.634986e+001
+1.453007e+003	   +1.635856e+001
+1.456282e+003	   +1.638757e+001
+1.459563e+003	   +1.639645e+001
+1.462852e+003	   +1.645799e+001
+1.466148e+003	   +1.640615e+001
+1.469452e+003	   +1.632500e+001
+1.472763e+003	   +1.636418e+001
+1.476082e+003	   +1.636491e+001
+1.479408e+003	   +1.632391e+001
+1.482742e+003	   +1.623342e+001
+1.486083e+003	   +1.603689e+001
+1.489432e+003	   +1.596920e+001
+1.492788e+003	   +1.605368e+001
+1.496151e+003	   +1.598945e+001
+1.499523e+003	   +1.618259e+001
+1.502902e+003	   +1.618239e+001
+1.506288e+003	   +1.598071e+001
+1.509682e+003	   +1.605668e+001
+1.513084e+003	   +1.588756e+001
+1.516494e+003	   +1.539067e+001
+1.519911e+003	   +1.622240e+001
+1.523336e+003	   +1.548667e+001
+1.526769e+003	   +1.614974e+001
+1.530209e+003	   +1.535412e+001
+1.533657e+003	   +1.557017e+001
+1.537113e+003	   +1.556473e+001
+1.540577e+003	   +1.550365e+001
+1.544048e+003	   +1.552312e+001
+1.547527e+003	   +1.544277e+001
+1.551014e+003	   +1.525758e+001
+1.554509e+003	   +1.551190e+001
+1.558012e+003	   +1.530575e+001
+1.561523e+003	   +1.502452e+001
+1.565042e+003	   +1.546279e+001
+1.568568e+003	   +1.524248e+001
+1.572103e+003	   +1.504095e+001
+1.575645e+003	   +1.540428e+001
+1.579196e+003	   +1.511385e+001
+1.582754e+003	   +1.497795e+001
+1.586321e+003	   +1.511211e+001
+1.589895e+003	   +1.506598e+001
+1.593478e+003	   +1.503560e+001
+1.597069e+003	   +1.493981e+001
+1.600667e+003	   +1.488420e+001
+1.604274e+003	   +1.487653e+001
+1.607889e+003	   +1.458984e+001
+1.611512e+003	   +1.475441e+001
+1.615144e+003	   +1.469620e+001
+1.618783e+003	   +1.488117e+001
+1.622431e+003	   +1.492345e+001
+1.626087e+003	   +1.465991e+001
+1.629751e+003	   +1.464933e+001
+1.633423e+003	   +1.471855e+001
+1.637104e+003	   +1.466807e+001
+1.640793e+003	   +1.452238e+001
+1.644490e+003	   +1.450040e+001
+1.648196e+003	   +1.450402e+001
+1.651910e+003	   +1.437432e+001
+1.655632e+003	   +1.442134e+001
+1.659363e+003	   +1.435279e+001
+1.663102e+003	   +1.443403e+001
+1.666849e+003	   +1.434536e+001
+1.670605e+003	   +1.424508e+001
+1.674370e+003	   +1.423824e+001
+1.678143e+003	   +1.407542e+001
+1.681924e+003	   +1.434329e+001
+1.685714e+003	   +1.415452e+001
+1.689513e+003	   +1.410220e+001
+1.693320e+003	   +1.403917e+001
+1.697135e+003	   +1.388907e+001
+1.700960e+003	   +1.404291e+001
+1.704793e+003	   +1.394946e+001
+1.708634e+003	   +1.380935e+001
+1.712484e+003	   +1.377742e+001
+1.716343e+003	   +1.371504e+001
+1.720211e+003	   +1.375064e+001
+1.724087e+003	   +1.372567e+001
+1.727972e+003	   +1.370765e+001
+1.731866e+003	   +1.355229e+001
+1.735768e+003	   +1.360809e+001
+1.739679e+003	   +1.364098e+001
+1.743599e+003	   +1.356859e+001
+1.747528e+003	   +1.356556e+001
+1.751466e+003	   +1.350992e+001
+1.755413e+003	   +1.347506e+001
+1.759368e+003	   +1.349199e+001
+1.763333e+003	   +1.336746e+001
+1.767306e+003	   +1.324555e+001
+1.771289e+003	   +1.328319e+001
+1.775280e+003	   +1.323067e+001
+1.779280e+003	   +1.319008e+001
+1.783290e+003	   +1.313434e+001
+1.787308e+003	   +1.299917e+001
+1.791335e+003	   +1.308613e+001
+1.795372e+003	   +1.290295e+001
+1.799418e+003	   +1.295046e+001
+1.803472e+003	   +1.295578e+001
+1.807536e+003	   +1.291278e+001
+1.811609e+003	   +1.286665e+001
+1.815691e+003	   +1.272407e+001
+1.819783e+003	   +1.297323e+001
+1.823883e+003	   +1.285810e+001
+1.827993e+003	   +1.307421e+001
+1.832112e+003	   +1.247658e+001
+1.836241e+003	   +1.261370e+001
+1.840378e+003	   +1.266586e+001
+1.844526e+003	   +1.262817e+001
+1.848682e+003	   +1.255385e+001
+1.852848e+003	   +1.248845e+001
+1.857023e+003	   +1.257264e+001
+1.861207e+003	   +1.247054e+001
+1.865401e+003	   +1.240292e+001
+1.869604e+003	   +1.238763e+001
+1.873817e+003	   +1.246559e+001
+1.878040e+003	   +1.237891e+001
+1.882272e+003	   +1.218103e+001
+1.886513e+003	   +1.227843e+001
+1.890764e+003	   +1.221798e+001
+1.895025e+003	   +1.205754e+001
+1.899295e+003	   +1.212992e+001
+1.903575e+003	   +1.207371e+001
+1.907864e+003	   +1.210637e+001
+1.912163e+003	   +1.205436e+001
+1.916472e+003	   +1.207015e+001
+1.920790e+003	   +1.201470e+001
+1.925119e+003	   +1.193224e+001
+1.929457e+003	   +1.183179e+001
+1.933804e+003	   +1.193427e+001
+1.938162e+003	   +1.189765e+001
+1.942529e+003	   +1.184510e+001
+1.946906e+003	   +1.174611e+001
+1.951293e+003	   +1.171771e+001
+1.955690e+003	   +1.184625e+001
+1.960097e+003	   +1.169213e+001
+1.964514e+003	   +1.164151e+001
+1.968941e+003	   +1.165607e+001
+1.973377e+003	   +1.161912e+001
+1.977824e+003	   +1.163140e+001
+1.982281e+003	   +1.151757e+001
+1.986748e+003	   +1.154449e+001
+1.991224e+003	   +1.156412e+001
+1.995711e+003	   +1.160082e+001
+2.000208e+003	   +1.132041e+001
+2.004716e+003	   +1.142388e+001
+2.009233e+003	   +1.137167e+001
+2.013760e+003	   +1.132248e+001
+2.018298e+003	   +1.133194e+001
+2.022846e+003	   +1.130793e+001
+2.027404e+003	   +1.121827e+001
+2.031973e+003	   +1.112226e+001
+2.036552e+003	   +1.113644e+001
+2.041141e+003	   +1.114768e+001
+2.045740e+003	   +1.100212e+001
+2.050350e+003	   +1.110249e+001
+2.054970e+003	   +1.096563e+001
+2.059601e+003	   +1.100595e+001
+2.064241e+003	   +1.085732e+001
+2.068893e+003	   +1.087640e+001
+2.073555e+003	   +1.079560e+001
+2.078227e+003	   +1.089575e+001
+2.082910e+003	   +1.075166e+001
+2.087604e+003	   +1.081357e+001
+2.092308e+003	   +1.069674e+001
+2.097023e+003	   +1.066668e+001
+2.101748e+003	   +1.065208e+001
+2.106484e+003	   +1.061676e+001
+2.111231e+003	   +1.057876e+001
+2.115988e+003	   +1.052703e+001
+2.120756e+003	   +1.050733e+001
+2.125535e+003	   +1.053351e+001
+2.130324e+003	   +1.038609e+001
+2.135125e+003	   +1.049141e+001
+2.139936e+003	   +1.035017e+001
+2.144758e+003	   +1.034466e+001
+2.149591e+003	   +1.030159e+001
+2.154435e+003	   +1.030973e+001
+2.159289e+003	   +1.028496e+001
+2.164155e+003	   +1.017506e+001
+2.169032e+003	   +1.019795e+001
+2.173919e+003	   +1.012379e+001
+2.178818e+003	   +1.015094e+001
+2.183728e+003	   +1.005630e+001
+2.188648e+003	   +9.943926e+000
+2.193580e+003	   +9.909100e+000
+2.198523e+003	   +9.915188e+000
+2.203477e+003	   +1.001032e+001
+2.208442e+003	   +9.934108e+000
+2.213418e+003	   +9.831921e+000
+2.218406e+003	   +9.837087e+000
+2.223405e+003	   +9.877349e+000
+2.228415e+003	   +9.773937e+000
+2.233437e+003	   +9.755736e+000
+2.238469e+003	   +9.694145e+000
+2.243513e+003	   +9.704188e+000
+2.248569e+003	   +9.647526e+000
+2.253635e+003	   +9.678385e+000
+2.258714e+003	   +9.651214e+000
+2.263803e+003	   +9.588411e+000
+2.268905e+003	   +9.539390e+000
+2.274017e+003	   +9.518309e+000
+2.279141e+003	   +9.525133e+000
+2.284277e+003	   +9.417089e+000
+2.289424e+003	   +9.382658e+000
+2.294583e+003	   +9.376919e+000
+2.299754e+003	   +9.330976e+000
+2.304936e+003	   +9.238955e+000
+2.310130e+003	   +9.274807e+000
+2.315335e+003	   +9.204776e+000
+2.320552e+003	   +9.109044e+000
+2.325781e+003	   +9.097812e+000
+2.331022e+003	   +9.045092e+000
+2.336275e+003	   +9.029420e+000
+2.341539e+003	   +8.940311e+000
+2.346816e+003	   +9.013452e+000
+2.352104e+003	   +8.953896e+000
+2.357404e+003	   +8.946664e+000
+2.362716e+003	   +8.843690e+000
+2.368040e+003	   +8.857180e+000
+2.373376e+003	   +8.755583e+000
+2.378724e+003	   +8.762849e+000
+2.384084e+003	   +8.761431e+000
+2.389457e+003	   +8.683999e+000
+2.394841e+003	   +8.651195e+000
+2.400237e+003	   +8.697018e+000
+2.405646e+003	   +8.689942e+000
+2.411066e+003	   +8.528111e+000
+2.416500e+003	   +8.424253e+000
+2.421945e+003	   +8.463002e+000
+2.427402e+003	   +8.519995e+000
+2.432872e+003	   +8.445659e+000
+2.438354e+003	   +8.464048e+000
+2.443849e+003	   +8.396597e+000
+2.449355e+003	   +8.367765e+000
+2.454875e+003	   +8.313899e+000
+2.460406e+003	   +8.459948e+000
+2.465950e+003	   +8.346522e+000
+2.471507e+003	   +8.311056e+000
+2.477076e+003	   +8.250562e+000
+2.482658e+003	   +8.307614e+000
+2.488252e+003	   +8.237597e+000
+2.493859e+003	   +8.157647e+000
+2.499479e+003	   +8.088579e+000
+2.505111e+003	   +8.103460e+000
+2.510756e+003	   +8.069543e+000
+2.516414e+003	   +8.091451e+000
+2.522084e+003	   +7.957424e+000
+2.527767e+003	   +7.976101e+000
+2.533463e+003	   +7.926795e+000
+2.539172e+003	   +7.817819e+000
+2.544893e+003	   +7.776943e+000
+2.550628e+003	   +7.772978e+000
+2.556375e+003	   +7.815844e+000
+2.562136e+003	   +7.802489e+000
+2.567909e+003	   +7.809920e+000
+2.573696e+003	   +7.716062e+000
+2.579495e+003	   +7.730255e+000
+2.585308e+003	   +7.641813e+000
+2.591133e+003	   +7.536429e+000
+2.596972e+003	   +7.483912e+000
+2.602824e+003	   +7.478953e+000
+2.608689e+003	   +7.417241e+000
+2.614567e+003	   +7.406412e+000
+2.620459e+003	   +7.421466e+000
+2.626364e+003	   +7.337327e+000
+2.632282e+003	   +7.302791e+000
+2.638213e+003	   +7.229354e+000
+2.644158e+003	   +7.171485e+000
+2.650116e+003	   +7.115149e+000
+2.656088e+003	   +7.121303e+000
+2.662073e+003	   +7.081846e+000
+2.668072e+003	   +7.096143e+000
+2.674083e+003	   +7.074140e+000
+2.680109e+003	   +7.040758e+000
+2.686148e+003	   +7.018049e+000
+2.692201e+003	   +7.057115e+000
+2.698268e+003	   +7.007268e+000
+2.704348e+003	   +7.015581e+000
+2.710442e+003	   +6.934782e+000
+2.716549e+003	   +6.795287e+000
+2.722671e+003	   +6.737863e+000
+2.728806e+003	   +6.756618e+000
+2.734955e+003	   +6.699419e+000
+2.741118e+003	   +6.601358e+000
+2.747294e+003	   +6.672803e+000
+2.753485e+003	   +6.610400e+000
+2.759689e+003	   +6.580211e+000
+2.765908e+003	   +6.503814e+000
+2.772141e+003	   +6.508444e+000
+2.778387e+003	   +6.450686e+000
+2.784648e+003	   +6.370236e+000
+2.790923e+003	   +6.297616e+000
+2.797212e+003	   +6.296978e+000
+2.803515e+003	   +6.335780e+000
+2.809832e+003	   +6.353024e+000
+2.816164e+003	   +6.342628e+000
+2.822509e+003	   +6.226301e+000
+2.828869e+003	   +6.208601e+000
+2.835244e+003	   +6.189754e+000
+2.841633e+003	   +6.256493e+000
+2.848036e+003	   +6.167881e+000
+2.854454e+003	   +6.140818e+000
+2.860885e+003	   +6.133509e+000
+2.867332e+003	   +6.072518e+000
+2.873793e+003	   +6.007990e+000
+2.880269e+003	   +6.044964e+000
+2.886759e+003	   +5.985282e+000
+2.893264e+003	   +5.933916e+000
+2.899784e+003	   +5.967882e+000
+2.906318e+003	   +5.877223e+000
+2.912867e+003	   +5.941019e+000
+2.919430e+003	   +5.851470e+000
+2.926009e+003	   +5.863986e+000
+2.932602e+003	   +5.773619e+000
+2.939210e+003	   +5.722610e+000
+2.945833e+003	   +5.766832e+000
+2.952472e+003	   +5.707694e+000
+2.959125e+003	   +5.723051e+000
+2.965792e+003	   +5.679129e+000
+2.972476e+003	   +5.600180e+000
+2.979174e+003	   +5.535888e+000
+2.985887e+003	   +5.485463e+000
+2.992615e+003	   +5.507050e+000
+2.999358e+003	   +5.438592e+000
+3.006117e+003	   +5.380025e+000
+3.012891e+003	   +5.393942e+000
+3.019680e+003	   +5.308023e+000
+3.026484e+003	   +5.344145e+000
+3.033304e+003	   +5.390949e+000
+3.040139e+003	   +5.359543e+000
+3.046990e+003	   +5.259501e+000
+3.053855e+003	   +5.275852e+000
+3.060737e+003	   +5.111256e+000
+3.067634e+003	   +5.106561e+000
+3.074546e+003	   +5.047510e+000
+3.081474e+003	   +5.080345e+000
+3.088418e+003	   +5.004990e+000
+3.095377e+003	   +4.965257e+000
+3.102352e+003	   +4.903174e+000
+3.109343e+003	   +4.869434e+000
+3.116349e+003	   +4.790205e+000
+3.123372e+003	   +4.777392e+000
+3.130410e+003	   +4.769364e+000
+3.137464e+003	   +4.761765e+000
+3.144533e+003	   +4.615336e+000
+3.151619e+003	   +4.641485e+000
+3.158721e+003	   +4.686478e+000
+3.165839e+003	   +4.654249e+000
+3.172972e+003	   +4.608073e+000
+3.180122e+003	   +4.513720e+000
+3.187288e+003	   +4.462752e+000
+3.194470e+003	   +4.432238e+000
+3.201668e+003	   +4.403254e+000
+3.208883e+003	   +4.385253e+000
+3.216114e+003	   +4.351648e+000
+3.223361e+003	   +4.392345e+000
+3.230624e+003	   +4.364910e+000
+3.237904e+003	   +4.261113e+000
+3.245200e+003	   +4.248830e+000
+3.252512e+003	   +4.195649e+000
+3.259842e+003	   +4.264749e+000
+3.267187e+003	   +4.174768e+000
+3.274549e+003	   +4.087390e+000
+3.281928e+003	   +4.100625e+000
+3.289323e+003	   +4.079271e+000
+3.296735e+003	   +4.064662e+000
+3.304164e+003	   +3.969412e+000
+3.311609e+003	   +4.012077e+000
+3.319072e+003	   +3.943894e+000
+3.326551e+003	   +3.894687e+000
+3.334046e+003	   +3.943124e+000
+3.341559e+003	   +3.993024e+000
+3.349089e+003	   +3.899685e+000
+3.356636e+003	   +3.898467e+000
+3.364199e+003	   +3.950033e+000
+3.371780e+003	   +3.819943e+000
+3.379378e+003	   +3.927378e+000
+3.386993e+003	   +3.822228e+000
+3.394625e+003	   +3.684675e+000
+3.402274e+003	   +3.637802e+000
+3.409941e+003	   +3.734678e+000
+3.417625e+003	   +3.500578e+000
+3.425326e+003	   +3.525778e+000
+3.433044e+003	   +3.515110e+000
+3.440780e+003	   +3.530727e+000
+3.448533e+003	   +3.531440e+000
+3.456304e+003	   +3.441307e+000
+3.464092e+003	   +3.447559e+000
+3.471898e+003	   +3.451875e+000
+3.479721e+003	   +3.257585e+000
+3.487563e+003	   +3.205392e+000
+3.495421e+003	   +3.411977e+000
+3.503298e+003	   +3.411806e+000
+3.511192e+003	   +3.338834e+000
+3.519104e+003	   +3.384102e+000
+3.527033e+003	   +3.286232e+000
+3.534981e+003	   +3.251002e+000
+3.542947e+003	   +3.336125e+000
+3.550930e+003	   +3.152263e+000
+3.558932e+003	   +3.355954e+000
+3.566951e+003	   +3.087852e+000
+3.574989e+003	   +3.112825e+000
+3.583044e+003	   +3.036130e+000
+3.591118e+003	   +2.958111e+000
+3.599210e+003	   +2.953496e+000
+3.607321e+003	   +3.005342e+000
+3.615449e+003	   +2.957785e+000
+3.623596e+003	   +2.908788e+000
+3.631761e+003	   +2.934563e+000
+3.639945e+003	   +2.929403e+000
+3.648147e+003	   +2.834526e+000
+3.656368e+003	   +2.809208e+000
+3.664607e+003	   +2.792935e+000
+3.672864e+003	   +2.688417e+000
+3.681141e+003	   +2.661825e+000
+3.689436e+003	   +2.730856e+000
+3.697749e+003	   +2.603429e+000
+3.706081e+003	   +2.607224e+000
+3.714433e+003	   +2.579402e+000
+3.722802e+003	   +2.496201e+000
+3.731191e+003	   +2.538173e+000
+3.739599e+003	   +2.498512e+000
+3.748026e+003	   +2.447830e+000
+3.756471e+003	   +2.415586e+000
+3.764936e+003	   +2.362073e+000
+3.773419e+003	   +2.340844e+000
+3.781922e+003	   +2.313413e+000
+3.790444e+003	   +2.276755e+000
+3.798986e+003	   +2.269731e+000
+3.807546e+003	   +2.210557e+000
+3.816126e+003	   +2.198793e+000
+3.824725e+003	   +2.172020e+000
+3.833343e+003	   +2.115154e+000
+3.841981e+003	   +2.110812e+000
+3.850638e+003	   +2.061157e+000
+3.859315e+003	   +2.093003e+000
+3.868012e+003	   +2.059003e+000
+3.876728e+003	   +2.039015e+000
+3.885463e+003	   +2.002611e+000
+3.894219e+003	   +1.985227e+000
+3.902994e+003	   +1.860915e+000
+3.911789e+003	   +1.830272e+000
+3.920603e+003	   +1.830076e+000
+3.929438e+003	   +1.787120e+000
+3.938292e+003	   +1.831748e+000
+3.947167e+003	   +1.797597e+000
+3.956061e+003	   +1.801108e+000
+3.964975e+003	   +1.746561e+000
+3.973910e+003	   +1.808197e+000
+3.982864e+003	   +1.735499e+000
+3.991839e+003	   +1.759174e+000
+4.000834e+003	   +1.573181e+000
+4.009849e+003	   +1.669445e+000
+4.018885e+003	   +1.648496e+000
+4.027941e+003	   +1.627655e+000
+4.037017e+003	   +1.624462e+000
+4.046114e+003	   +1.551660e+000
+4.055231e+003	   +1.490097e+000
+4.064369e+003	   +1.514077e+000
+4.073528e+003	   +1.454308e+000
+4.082707e+003	   +1.451626e+000
+4.091906e+003	   +1.384814e+000
+4.101127e+003	   +1.355174e+000
+4.110368e+003	   +1.304888e+000
+4.119630e+003	   +1.294963e+000
+4.128914e+003	   +1.215018e+000
+4.138217e+003	   +1.223081e+000
+4.147542e+003	   +1.129835e+000
+4.156888e+003	   +1.176095e+000
+4.166255e+003	   +1.204032e+000
+4.175643e+003	   +1.112868e+000
+4.185052e+003	   +1.131767e+000
+4.194482e+003	   +1.055223e+000
+4.203934e+003	   +1.060210e+000
+4.213407e+003	   +1.067879e+000
+4.222901e+003	   +1.011142e+000
+4.232417e+003	   +9.994633e-001
+4.241954e+003	   +9.661309e-001
+4.251513e+003	   +9.811047e-001
+4.261093e+003	   +9.478406e-001
+4.270695e+003	   +9.654091e-001
+4.280318e+003	   +9.526548e-001
+4.289963e+003	   +8.845498e-001
+4.299630e+003	   +8.602508e-001
+4.309318e+003	   +8.630375e-001
+4.319029e+003	   +8.563255e-001
+4.328761e+003	   +8.457120e-001
+4.338516e+003	   +7.804288e-001
+4.348292e+003	   +7.599213e-001
+4.358090e+003	   +7.555417e-001
+4.367910e+003	   +6.879463e-001
+4.377752e+003	   +6.313292e-001
+4.387617e+003	   +6.016861e-001
+4.397504e+003	   +5.700548e-001
+4.407413e+003	   +5.411897e-001
+4.417345e+003	   +5.270215e-001
+4.427298e+003	   +5.324953e-001
+4.437275e+003	   +4.886790e-001
+4.447273e+003	   +4.088088e-001
+4.457295e+003	   +3.865780e-001
+4.467339e+003	   +3.928473e-001
+4.477405e+003	   +3.011882e-001
+4.487494e+003	   +3.050613e-001
+4.497606e+003	   +2.893746e-001
+4.507741e+003	   +2.390654e-001
+4.517898e+003	   +2.631057e-001
+4.528079e+003	   +2.607578e-001
+4.538282e+003	   +2.289766e-001
+4.548508e+003	   +1.756429e-001
+4.558758e+003	   +8.640467e-002
+4.569030e+003	   +1.196710e-001
+4.579326e+003	   +8.396152e-002
+4.589645e+003	   +6.458450e-004
+4.599987e+003	   +2.500430e-002
+4.610353e+003	   +4.142473e-003
+4.620741e+003	   -4.145355e-002
+4.631153e+003	   +8.483461e-003
+4.641589e+003	   +5.949802e-003
+4.652048e+003	   +1.996539e-002
+4.662531e+003	   -6.368579e-002
+4.673037e+003	   -7.982006e-002
+4.683567e+003	   -8.186083e-002
+4.694121e+003	   -9.787679e-002
+4.704698e+003	   -1.305704e-001
+4.715299e+003	   -1.169011e-001
+4.725925e+003	   -1.592778e-001
+4.736574e+003	   -2.043778e-001
+4.747247e+003	   -2.077338e-001
+4.757944e+003	   -2.595773e-001
+4.768666e+003	   -2.866783e-001
+4.779411e+003	   -3.224102e-001
+4.790181e+003	   -3.616354e-001
+4.800975e+003	   -3.859158e-001
+4.811793e+003	   -4.009390e-001
+4.822636e+003	   -4.381491e-001
+4.833503e+003	   -4.505786e-001
+4.844395e+003	   -4.431055e-001
+4.855311e+003	   -4.442115e-001
+4.866251e+003	   -4.963963e-001
+4.877217e+003	   -4.967352e-001
+4.888207e+003	   -5.560793e-001
+4.899222e+003	   -5.891863e-001
+4.910261e+003	   -6.508544e-001
+4.921326e+003	   -6.605648e-001
+4.932415e+003	   -7.607380e-001
+4.943530e+003	   -7.782773e-001
+4.954669e+003	   -7.683217e-001
+4.965834e+003	   -7.998374e-001
+4.977023e+003	   -8.093709e-001
+4.988239e+003	   -8.416757e-001
+4.999479e+003	   -8.461259e-001
+5.010744e+003	   -8.888887e-001
+5.022035e+003	   -8.585887e-001
+5.033352e+003	   -8.918684e-001
+5.044694e+003	   -8.893123e-001
+5.056061e+003	   -8.747568e-001
+5.067454e+003	   -9.404253e-001
+5.078873e+003	   -9.599782e-001
+5.090317e+003	   -9.582435e-001
+5.101788e+003	   -9.765085e-001
+5.113284e+003	   -1.000944e+000
+5.124806e+003	   -1.039631e+000
+5.136354e+003	   -1.085687e+000
+5.147928e+003	   -1.132185e+000
+5.159528e+003	   -1.117012e+000
+5.171154e+003	   -1.117123e+000
+5.182807e+003	   -1.140753e+000
+5.194485e+003	   -1.174152e+000
+5.206190e+003	   -1.178663e+000
+5.217922e+003	   -1.197653e+000
+5.229680e+003	   -1.258030e+000
+5.241464e+003	   -1.262332e+000
+5.253274e+003	   -1.307654e+000
+5.265112e+003	   -1.334197e+000
+5.276976e+003	   -1.430145e+000
+5.288867e+003	   -1.413133e+000
+5.300785e+003	   -1.481238e+000
+5.312729e+003	   -1.476678e+000
+5.324701e+003	   -1.459418e+000
+5.336699e+003	   -1.441452e+000
+5.348725e+003	   -1.492054e+000
+5.360777e+003	   -1.491135e+000
+5.372857e+003	   -1.467254e+000
+5.384964e+003	   -1.480584e+000
+5.397098e+003	   -1.519966e+000
+5.409260e+003	   -1.558408e+000
+5.421449e+003	   -1.614598e+000
+5.433665e+003	   -1.693536e+000
+5.445909e+003	   -1.759345e+000
+5.458181e+003	   -1.799341e+000
+5.470480e+003	   -1.768044e+000
+5.482807e+003	   -1.800565e+000
+5.495161e+003	   -1.835425e+000
+5.507544e+003	   -1.855834e+000
+5.519954e+003	   -1.856699e+000
+5.532393e+003	   -1.886001e+000
+5.544859e+003	   -1.879197e+000
+5.557354e+003	   -1.899743e+000
+5.569876e+003	   -1.896710e+000
+5.582427e+003	   -1.912256e+000
+5.595006e+003	   -1.915854e+000
+5.607614e+003	   -1.952124e+000
+5.620250e+003	   -1.949048e+000
+5.632914e+003	   -1.962060e+000
+5.645607e+003	   -1.991393e+000
+5.658329e+003	   -1.981934e+000
+5.671079e+003	   -2.017472e+000
+5.683858e+003	   -2.036299e+000
+5.696666e+003	   -2.070508e+000
+5.709502e+003	   -2.125105e+000
+5.722368e+003	   -2.174334e+000
+5.735262e+003	   -2.187112e+000
+5.748186e+003	   -2.202482e+000
+5.761138e+003	   -2.252210e+000
+5.774120e+003	   -2.286198e+000
+5.787131e+003	   -2.319162e+000
+5.800172e+003	   -2.272030e+000
+5.813242e+003	   -2.292712e+000
+5.826341e+003	   -2.319873e+000
+5.839470e+003	   -2.373682e+000
+5.852628e+003	   -2.341446e+000
+5.865816e+003	   -2.357022e+000
+5.879034e+003	   -2.388351e+000
+5.892281e+003	   -2.374092e+000
+5.905559e+003	   -2.416614e+000
+5.918866e+003	   -2.415181e+000
+5.932204e+003	   -2.451296e+000
+5.945571e+003	   -2.450722e+000
+5.958968e+003	   -2.495309e+000
+5.972396e+003	   -2.520491e+000
+5.985854e+003	   -2.530755e+000
+5.999342e+003	   -2.521550e+000
+6.012860e+003	   -2.592158e+000
+6.026410e+003	   -2.592462e+000
+6.039989e+003	   -2.625840e+000
+6.053600e+003	   -2.679916e+000
+6.067240e+003	   -2.720029e+000
+6.080912e+003	   -2.704238e+000
+6.094614e+003	   -2.757477e+000
+6.108348e+003	   -2.726539e+000
+6.122112e+003	   -2.748915e+000
+6.135907e+003	   -2.745281e+000
+6.149733e+003	   -2.722637e+000
+6.163591e+003	   -2.775466e+000
+6.177480e+003	   -2.857849e+000
+6.191400e+003	   -2.992815e+000
+6.205351e+003	   -2.976832e+000
+6.219334e+003	   -2.969027e+000
+6.233349e+003	   -3.059715e+000
+6.247395e+003	   -3.127003e+000
+6.261472e+003	   -3.143342e+000
+6.275581e+003	   -3.138201e+000
+6.289722e+003	   -3.129269e+000
+6.303896e+003	   -3.189591e+000
+6.318100e+003	   -3.189150e+000
+6.332337e+003	   -3.145072e+000
+6.346606e+003	   -3.166172e+000
+6.360907e+003	   -3.228454e+000
+6.375241e+003	   -3.225148e+000
+6.389606e+003	   -3.234091e+000
+6.404004e+003	   -3.237992e+000
+6.418435e+003	   -3.243633e+000
+6.432898e+003	   -3.246744e+000
+6.447393e+003	   -3.279745e+000
+6.461921e+003	   -3.273583e+000
+6.476482e+003	   -3.321839e+000
+6.491076e+003	   -3.400017e+000
+6.505703e+003	   -3.413391e+000
+6.520363e+003	   -3.384049e+000
+6.535055e+003	   -3.360212e+000
+6.549781e+003	   -3.432661e+000
+6.564540e+003	   -3.459740e+000
+6.579332e+003	   -3.484607e+000
+6.594158e+003	   -3.512267e+000
+6.609017e+003	   -3.540097e+000
+6.623909e+003	   -3.540261e+000
+6.638835e+003	   -3.545566e+000
+6.653795e+003	   -3.636840e+000
+6.668788e+003	   -3.550962e+000
+6.683815e+003	   -3.619973e+000
+6.698876e+003	   -3.576284e+000
+6.713971e+003	   -3.601506e+000
+6.729100e+003	   -3.591203e+000
+6.744263e+003	   -3.633409e+000
+6.759460e+003	   -3.689316e+000
+6.774692e+003	   -3.689792e+000
+6.789958e+003	   -3.719861e+000
+6.805258e+003	   -3.742331e+000
+6.820592e+003	   -3.742404e+000
+6.835961e+003	   -3.804300e+000
+6.851365e+003	   -3.822098e+000
+6.866804e+003	   -3.791066e+000
+6.882277e+003	   -3.823539e+000
+6.897785e+003	   -3.851726e+000
+6.913329e+003	   -3.933458e+000
+6.928907e+003	   -3.924825e+000
+6.944520e+003	   -3.937760e+000
+6.960168e+003	   -3.975299e+000
+6.975852e+003	   -3.963480e+000
+6.991571e+003	   -3.981365e+000
+7.007326e+003	   -4.019758e+000
+7.023116e+003	   -4.019530e+000
+7.038941e+003	   -4.069693e+000
+7.054802e+003	   -4.111004e+000
+7.070699e+003	   -4.150092e+000
+7.086632e+003	   -4.201573e+000
+7.102601e+003	   -4.197718e+000
+7.118605e+003	   -4.231353e+000
+7.134646e+003	   -4.215919e+000
+7.150723e+003	   -4.257672e+000
+7.166836e+003	   -4.235220e+000
+7.182985e+003	   -4.269349e+000
+7.199171e+003	   -4.298057e+000
+7.215394e+003	   -4.299491e+000
+7.231652e+003	   -4.328439e+000
+7.247948e+003	   -4.322752e+000
+7.264280e+003	   -4.350781e+000
+7.280649e+003	   -4.393915e+000
+7.297055e+003	   -4.346945e+000
+7.313498e+003	   -4.431899e+000
+7.329978e+003	   -4.446704e+000
+7.346495e+003	   -4.473959e+000
+7.363049e+003	   -4.468338e+000
+7.379640e+003	   -4.518017e+000
+7.396269e+003	   -4.518941e+000
+7.412936e+003	   -4.517090e+000
+7.429640e+003	   -4.536498e+000
+7.446381e+003	   -4.596893e+000
+7.463161e+003	   -4.613778e+000
+7.479978e+003	   -4.654271e+000
+7.496833e+003	   -4.648870e+000
+7.513726e+003	   -4.682669e+000
+7.530657e+003	   -4.691360e+000
+7.547626e+003	   -4.676160e+000
+7.564633e+003	   -4.732455e+000
+7.581679e+003	   -4.714876e+000
+7.598763e+003	   -4.749209e+000
+7.615886e+003	   -4.758208e+000
+7.633047e+003	   -4.799674e+000
+7.650247e+003	   -4.815125e+000
+7.667486e+003	   -4.843934e+000
+7.684763e+003	   -4.821035e+000
+7.702080e+003	   -4.886034e+000
+7.719436e+003	   -4.896102e+000
+7.736830e+003	   -4.885016e+000
+7.754264e+003	   -4.839480e+000
+7.771737e+003	   -4.908198e+000
+7.789249e+003	   -4.930028e+000
+7.806801e+003	   -4.974759e+000
+7.824393e+003	   -4.929820e+000
+7.842024e+003	   -4.949814e+000
+7.859694e+003	   -4.960008e+000
+7.877405e+003	   -5.015964e+000
+7.895156e+003	   -4.981381e+000
+7.912946e+003	   -5.037956e+000
+7.930777e+003	   -5.085913e+000
+7.948648e+003	   -5.097111e+000
+7.966559e+003	   -5.138585e+000
+7.984510e+003	   -5.149750e+000
+8.002502e+003	   -5.236684e+000
+8.020535e+003	   -5.249553e+000
+8.038608e+003	   -5.186321e+000
+8.056722e+003	   -5.206554e+000
+8.074876e+003	   -5.231552e+000
+8.093072e+003	   -5.212053e+000
+8.111308e+003	   -5.211339e+000
+8.129586e+003	   -5.235812e+000
+8.147905e+003	   -5.282423e+000
+8.166265e+003	   -5.273092e+000
+8.184667e+003	   -5.300174e+000
+8.203109e+003	   -5.372698e+000
+8.221594e+003	   -5.337118e+000
+8.240120e+003	   -5.412971e+000
+8.258688e+003	   -5.435375e+000
+8.277298e+003	   -5.412562e+000
+8.295949e+003	   -5.432748e+000
+8.314643e+003	   -5.491982e+000
+8.333379e+003	   -5.514384e+000
+8.352156e+003	   -5.533776e+000
+8.370977e+003	   -5.548164e+000
+8.389840e+003	   -5.521424e+000
+8.408745e+003	   -5.607246e+000
+8.427692e+003	   -5.574018e+000
+8.446684e+003	   -5.607717e+000
+8.465717e+003	   -5.698849e+000
+8.484793e+003	   -5.635880e+000
+8.503912e+003	   -5.682711e+000
+8.523074e+003	   -5.681234e+000
+8.542280e+003	   -5.699200e+000
+8.561528e+003	   -5.700010e+000
+8.580821e+003	   -5.749781e+000
+8.600156e+003	   -5.701400e+000
+8.619536e+003	   -5.743081e+000
+8.638959e+003	   -5.758539e+000
+8.658425e+003	   -5.793148e+000
+8.677936e+003	   -5.798637e+000
+8.697490e+003	   -5.849029e+000
+8.717089e+003	   -5.789378e+000
+8.736731e+003	   -5.882286e+000
+8.756418e+003	   -5.895716e+000
+8.776149e+003	   -5.881544e+000
+8.795925e+003	   -5.879496e+000
+8.815745e+003	   -5.925179e+000
+8.835610e+003	   -5.930323e+000
+8.855521e+003	   -5.970003e+000
+8.875475e+003	   -6.007790e+000
+8.895475e+003	   -5.962646e+000
+8.915519e+003	   -6.058301e+000
+8.935608e+003	   -6.050965e+000
+8.955744e+003	   -6.064286e+000
+8.975924e+003	   -6.048366e+000
+8.996150e+003	   -6.087625e+000
+9.016422e+003	   -6.087327e+000
+9.036739e+003	   -6.115561e+000
+9.057102e+003	   -6.176329e+000
+9.077511e+003	   -6.090226e+000
+9.097966e+003	   -6.114892e+000
+9.118467e+003	   -6.182980e+000
+9.139014e+003	   -6.196667e+000
+9.159606e+003	   -6.257633e+000
+9.180247e+003	   -6.281508e+000
+9.200933e+003	   -6.290857e+000
+9.221666e+003	   -6.340396e+000
+9.242445e+003	   -6.391163e+000
+9.263272e+003	   -6.382283e+000
+9.284146e+003	   -6.416549e+000
+9.305065e+003	   -6.415303e+000
+9.326033e+003	   -6.455431e+000
+9.347048e+003	   -6.475124e+000
+9.368110e+003	   -6.520361e+000
+9.389220e+003	   -6.513683e+000
+9.410377e+003	   -6.546556e+000
+9.431582e+003	   -6.598596e+000
+9.452835e+003	   -6.598888e+000
+9.474136e+003	   -6.571927e+000
+9.495484e+003	   -6.617314e+000
+9.516881e+003	   -6.672448e+000
+9.538325e+003	   -6.651645e+000
+9.559818e+003	   -6.627408e+000
+9.581360e+003	   -6.682399e+000
+9.602950e+003	   -6.699203e+000
+9.624590e+003	   -6.721469e+000
+9.646277e+003	   -6.766781e+000
+9.668014e+003	   -6.724900e+000
+9.689799e+003	   -6.748621e+000
+9.711634e+003	   -6.765153e+000
+9.733517e+003	   -6.790318e+000
+9.755450e+003	   -6.796908e+000
+9.777433e+003	   -6.875920e+000
+9.799465e+003	   -6.850608e+000
+9.821546e+003	   -6.877100e+000
+9.843678e+003	   -6.787998e+000
+9.865858e+003	   -6.910313e+000
+9.888090e+003	   -6.919071e+000
+9.910371e+003	   -6.903794e+000
+9.932703e+003	   -6.922218e+000
+9.955085e+003	   -6.908228e+000
+9.977518e+003	   -6.933932e+000
+1.000000e+004	   -6.971767e+000
+1.002253e+004	   -6.956134e+000
+1.004512e+004	   -7.012006e+000
+1.006775e+004	   -6.985525e+000
+1.009044e+004	   -7.008537e+000
+1.011318e+004	   -7.072438e+000
+1.013596e+004	   -7.028232e+000
+1.015880e+004	   -7.059933e+000
+1.018170e+004	   -7.103506e+000
+1.020464e+004	   -7.068326e+000
+1.022763e+004	   -7.099776e+000
+1.025068e+004	   -7.117794e+000
+1.027378e+004	   -7.162837e+000
+1.029693e+004	   -7.256212e+000
+1.032013e+004	   -7.208280e+000
+1.034339e+004	   -7.295747e+000
+1.036669e+004	   -7.274953e+000
+1.039005e+004	   -7.285543e+000
+1.041347e+004	   -7.265329e+000
+1.043693e+004	   -7.304884e+000
+1.046045e+004	   -7.338511e+000
+1.048402e+004	   -7.348429e+000
+1.050764e+004	   -7.401112e+000
+1.053132e+004	   -7.381866e+000
+1.055505e+004	   -7.408864e+000
+1.057884e+004	   -7.393147e+000
+1.060267e+004	   -7.400462e+000
+1.062657e+004	   -7.386788e+000
+1.065051e+004	   -7.372183e+000
+1.067451e+004	   -7.403874e+000
+1.069856e+004	   -7.453388e+000
+1.072267e+004	   -7.431295e+000
+1.074683e+004	   -7.422819e+000
+1.077105e+004	   -7.411466e+000
+1.079532e+004	   -7.458616e+000
+1.081965e+004	   -7.472976e+000
+1.084403e+004	   -7.440525e+000
+1.086846e+004	   -7.474442e+000
+1.089295e+004	   -7.470924e+000
+1.091750e+004	   -7.477121e+000
+1.094210e+004	   -7.522847e+000
+1.096676e+004	   -7.558869e+000
+1.099147e+004	   -7.630692e+000
+1.101624e+004	   -7.650029e+000
+1.104106e+004	   -7.678895e+000
+1.106594e+004	   -7.704363e+000
+1.109087e+004	   -7.718296e+000
+1.111587e+004	   -7.731227e+000
+1.114091e+004	   -7.750236e+000
+1.116602e+004	   -7.763367e+000
+1.119118e+004	   -7.739094e+000
+1.121640e+004	   -7.749440e+000
+1.124167e+004	   -7.783955e+000
+1.126700e+004	   -7.766237e+000
+1.129239e+004	   -7.844712e+000
+1.131784e+004	   -7.806338e+000
+1.134334e+004	   -7.851941e+000
+1.136890e+004	   -7.846463e+000
+1.139452e+004	   -7.840323e+000
+1.142019e+004	   -7.768361e+000
+1.144593e+004	   -7.853373e+000
+1.147172e+004	   -7.847221e+000
+1.149757e+004	   -7.962617e+000
+1.152348e+004	   -7.948060e+000
+1.154944e+004	   -7.982172e+000
+1.157547e+004	   -8.008088e+000
+1.160155e+004	   -7.985593e+000
+1.162770e+004	   -8.026428e+000
+1.165390e+004	   -8.119084e+000
+1.168016e+004	   -8.146946e+000
+1.170648e+004	   -8.171463e+000
+1.173286e+004	   -8.164580e+000
+1.175929e+004	   -8.210426e+000
+1.178579e+004	   -8.281421e+000
+1.181235e+004	   -8.281460e+000
+1.183897e+004	   -8.324111e+000
+1.186564e+004	   -8.288825e+000
+1.189238e+004	   -8.301536e+000
+1.191918e+004	   -8.332150e+000
+1.194604e+004	   -8.323561e+000
+1.197296e+004	   -8.383775e+000
+1.199993e+004	   -8.366298e+000
+1.202697e+004	   -8.457160e+000
+1.205408e+004	   -8.451335e+000
+1.208124e+004	   -8.484491e+000
+1.210846e+004	   -8.519726e+000
+1.213575e+004	   -8.564534e+000
+1.216309e+004	   -8.595659e+000
+1.219050e+004	   -8.575337e+000
+1.221797e+004	   -8.585548e+000
+1.224550e+004	   -8.583105e+000
+1.227309e+004	   -8.654938e+000
+1.230075e+004	   -8.604650e+000
+1.232847e+004	   -8.589371e+000
+1.235625e+004	   -8.595953e+000
+1.238409e+004	   -8.583154e+000
+1.241200e+004	   -8.588248e+000
+1.243996e+004	   -8.589909e+000
+1.246800e+004	   -8.619267e+000
+1.249609e+004	   -8.595728e+000
+1.252425e+004	   -8.635209e+000
+1.255247e+004	   -8.640223e+000
+1.258076e+004	   -8.654766e+000
+1.260911e+004	   -8.678341e+000
+1.263752e+004	   -8.694959e+000
+1.266599e+004	   -8.734240e+000
+1.269454e+004	   -8.739943e+000
+1.272314e+004	   -8.762471e+000
+1.275181e+004	   -8.793871e+000
+1.278054e+004	   -8.808825e+000
+1.280934e+004	   -8.856803e+000
+1.283821e+004	   -8.845314e+000
+1.286714e+004	   -8.906303e+000
+1.289613e+004	   -8.898085e+000
+1.292519e+004	   -8.923272e+000
+1.295432e+004	   -8.935096e+000
+1.298351e+004	   -8.939834e+000
+1.301276e+004	   -8.945986e+000
+1.304208e+004	   -8.929584e+000
+1.307147e+004	   -9.002177e+000
+1.310093e+004	   -8.989104e+000
+1.313045e+004	   -9.017298e+000
+1.316004e+004	   -9.066396e+000
+1.318969e+004	   -9.042151e+000
+1.321941e+004	   -8.982948e+000
+1.324920e+004	   -9.056554e+000
+1.327905e+004	   -9.091778e+000
+1.330898e+004	   -9.136644e+000
+1.333897e+004	   -9.151256e+000
+1.336902e+004	   -9.168784e+000
+1.339915e+004	   -9.134302e+000
+1.342934e+004	   -9.189945e+000
+1.345960e+004	   -9.151817e+000
+1.348993e+004	   -9.190962e+000
+1.352033e+004	   -9.226398e+000
+1.355080e+004	   -9.246843e+000
+1.358133e+004	   -9.247190e+000
+1.361193e+004	   -9.268776e+000
+1.364261e+004	   -9.260025e+000
+1.367335e+004	   -9.308106e+000
+1.370416e+004	   -9.350950e+000
+1.373504e+004	   -9.339742e+000
+1.376599e+004	   -9.356686e+000
+1.379701e+004	   -9.391968e+000
+1.382810e+004	   -9.441975e+000
+1.385926e+004	   -9.457126e+000
+1.389049e+004	   -9.470089e+000
+1.392179e+004	   -9.523923e+000
+1.395316e+004	   -9.530829e+000
+1.398460e+004	   -9.609127e+000
+1.401611e+004	   -9.575846e+000
+1.404770e+004	   -9.549601e+000
+1.407935e+004	   -9.603497e+000
+1.411108e+004	   -9.559183e+000
+1.414287e+004	   -9.590171e+000
+1.417474e+004	   -9.620636e+000
+1.420668e+004	   -9.623530e+000
+1.423870e+004	   -9.622201e+000
+1.427078e+004	   -9.623490e+000
+1.430294e+004	   -9.630119e+000
+1.433517e+004	   -9.689834e+000
+1.436747e+004	   -9.665746e+000
+1.439984e+004	   -9.697691e+000
+1.443229e+004	   -9.736704e+000
+1.446481e+004	   -9.788454e+000
+1.449741e+004	   -9.752373e+000
+1.453007e+004	   -9.830610e+000
+1.456282e+004	   -9.802950e+000
+1.459563e+004	   -9.818994e+000
+1.462852e+004	   -9.869969e+000
+1.466148e+004	   -9.859632e+000
+1.469452e+004	   -9.875481e+000
+1.472763e+004	   -9.893783e+000
+1.476082e+004	   -9.911095e+000
+1.479408e+004	   -9.928916e+000
+1.482742e+004	   -9.909007e+000
+1.486083e+004	   -9.923479e+000
+1.489431e+004	   -9.963634e+000
+1.492788e+004	   -9.994624e+000
+1.496151e+004	   -9.975230e+000
+1.499523e+004	   -9.987973e+000
+1.502902e+004	   -1.003258e+001
+1.506288e+004	   -1.007607e+001
+1.509683e+004	   -1.009971e+001
+1.513084e+004	   -1.013600e+001
+1.516494e+004	   -1.012046e+001
+1.519911e+004	   -1.014881e+001
+1.523336e+004	   -1.011993e+001
+1.526769e+004	   -1.015743e+001
+1.530209e+004	   -1.016806e+001
+1.533657e+004	   -1.016096e+001
+1.537113e+004	   -1.020246e+001
+1.540577e+004	   -1.022230e+001
+1.544048e+004	   -1.024685e+001
+1.547527e+004	   -1.021567e+001
+1.551014e+004	   -1.024726e+001
+1.554509e+004	   -1.029587e+001
+1.558012e+004	   -1.030288e+001
+1.561523e+004	   -1.027144e+001
+1.565042e+004	   -1.032680e+001
+1.568568e+004	   -1.027553e+001
+1.572103e+004	   -1.029813e+001
+1.575645e+004	   -1.036375e+001
+1.579196e+004	   -1.037122e+001
+1.582754e+004	   -1.037233e+001
+1.586321e+004	   -1.035588e+001
+1.589895e+004	   -1.034354e+001
+1.593478e+004	   -1.037970e+001
+1.597069e+004	   -1.038668e+001
+1.600667e+004	   -1.041759e+001
+1.604274e+004	   -1.047683e+001
+1.607889e+004	   -1.050187e+001
+1.611512e+004	   -1.054880e+001
+1.615144e+004	   -1.054245e+001
+1.618783e+004	   -1.062788e+001
+1.622431e+004	   -1.063592e+001
+1.626087e+004	   -1.059939e+001
+1.629751e+004	   -1.064036e+001
+1.633423e+004	   -1.063610e+001
+1.637104e+004	   -1.069910e+001
+1.640793e+004	   -1.069639e+001
+1.644490e+004	   -1.067117e+001
+1.648196e+004	   -1.071498e+001
+1.651910e+004	   -1.074003e+001
+1.655632e+004	   -1.071491e+001
+1.659363e+004	   -1.074661e+001
+1.663102e+004	   -1.073822e+001
+1.666849e+004	   -1.071573e+001
+1.670605e+004	   -1.078540e+001
+1.674370e+004	   -1.078662e+001
+1.678143e+004	   -1.085258e+001
+1.681924e+004	   -1.088323e+001
+1.685714e+004	   -1.089854e+001
+1.689513e+004	   -1.095644e+001
+1.693320e+004	   -1.096535e+001
+1.697136e+004	   -1.102959e+001
+1.700960e+004	   -1.100988e+001
+1.704793e+004	   -1.099607e+001
+1.708634e+004	   -1.107920e+001
+1.712484e+004	   -1.107194e+001
+1.716343e+004	   -1.109471e+001
+1.720211e+004	   -1.108505e+001
+1.724087e+004	   -1.110955e+001
+1.727972e+004	   -1.112262e+001
+1.731866e+004	   -1.110989e+001
+1.735768e+004	   -1.114760e+001
+1.739679e+004	   -1.117495e+001
+1.743599e+004	   -1.122648e+001
+1.747528e+004	   -1.123542e+001
+1.751466e+004	   -1.125409e+001
+1.755413e+004	   -1.126018e+001
+1.759368e+004	   -1.129855e+001
+1.763333e+004	   -1.137002e+001
+1.767306e+004	   -1.138509e+001
+1.771289e+004	   -1.138041e+001
+1.775280e+004	   -1.138915e+001
+1.779280e+004	   -1.143832e+001
+1.783290e+004	   -1.141815e+001
+1.787308e+004	   -1.144311e+001
+1.791336e+004	   -1.144961e+001
+1.795372e+004	   -1.150082e+001
+1.799418e+004	   -1.150647e+001
+1.803472e+004	   -1.157669e+001
+1.807536e+004	   -1.152961e+001
+1.811609e+004	   -1.151846e+001
+1.815691e+004	   -1.158778e+001
+1.819783e+004	   -1.158521e+001
+1.823883e+004	   -1.159839e+001
+1.827993e+004	   -1.160843e+001
+1.832112e+004	   -1.162320e+001
+1.836241e+004	   -1.165031e+001
+1.840379e+004	   -1.165452e+001
+1.844525e+004	   -1.167141e+001
+1.848682e+004	   -1.173145e+001
+1.852847e+004	   -1.173326e+001
+1.857023e+004	   -1.170893e+001
+1.861207e+004	   -1.172468e+001
+1.865401e+004	   -1.180561e+001
+1.869604e+004	   -1.176643e+001
+1.873817e+004	   -1.180247e+001
+1.878040e+004	   -1.180702e+001
+1.882272e+004	   -1.183459e+001
+1.886513e+004	   -1.185093e+001
+1.890764e+004	   -1.182854e+001
+1.895025e+004	   -1.188866e+001
+1.899295e+004	   -1.187784e+001
+1.903575e+004	   -1.188603e+001
+1.907864e+004	   -1.191275e+001
+1.912163e+004	   -1.191561e+001
+1.916472e+004	   -1.194060e+001
+1.920790e+004	   -1.194105e+001
+1.925119e+004	   -1.198536e+001
+1.929456e+004	   -1.201416e+001
+1.933804e+004	   -1.199326e+001
+1.938162e+004	   -1.200592e+001
+1.942529e+004	   -1.198650e+001
+1.946906e+004	   -1.202860e+001
+1.951293e+004	   -1.205711e+001
+1.955690e+004	   -1.204877e+001
+1.960097e+004	   -1.211033e+001
+1.964514e+004	   -1.216740e+001
+1.968941e+004	   -1.215924e+001
+1.973378e+004	   -1.216345e+001
+1.977824e+004	   -1.219343e+001
+1.982281e+004	   -1.223840e+001
+1.986748e+004	   -1.224301e+001
+1.991225e+004	   -1.223522e+001
+1.995712e+004	   -1.228075e+001
+2.000209e+004	   -1.231977e+001
+2.004716e+004	   -1.233134e+001
+2.009233e+004	   -1.232616e+001
+2.013761e+004	   -1.238538e+001
+2.018298e+004	   -1.242444e+001
+2.022846e+004	   -1.240597e+001
+2.027404e+004	   -1.247680e+001
+2.031973e+004	   -1.250626e+001
+2.036552e+004	   -1.255792e+001
+2.041141e+004	   -1.261154e+001
+2.045740e+004	   -1.259742e+001
+2.050350e+004	   -1.266633e+001
+2.054970e+004	   -1.271209e+001
+2.059601e+004	   -1.271666e+001
+2.064242e+004	   -1.274923e+001
+2.068893e+004	   -1.283076e+001
+2.073555e+004	   -1.281352e+001
+2.078227e+004	   -1.283087e+001
+2.082910e+004	   -1.287345e+001
+2.087604e+004	   -1.287502e+001
+2.092308e+004	   -1.291159e+001
+2.097023e+004	   -1.291100e+001
+2.101748e+004	   -1.292520e+001
+2.106484e+004	   -1.294316e+001
+2.111231e+004	   -1.299895e+001
+2.115988e+004	   -1.302169e+001
+2.120756e+004	   -1.299974e+001
+2.125535e+004	   -1.301705e+001
+2.130324e+004	   -1.303009e+001
+2.135125e+004	   -1.306576e+001
+2.139936e+004	   -1.303637e+001
+2.144758e+004	   -1.299383e+001
+2.149591e+004	   -1.305611e+001
+2.154435e+004	   -1.315580e+001
+2.159289e+004	   -1.312120e+001
+2.164155e+004	   -1.318961e+001
+2.169032e+004	   -1.315040e+001
+2.173919e+004	   -1.318399e+001
+2.178818e+004	   -1.320602e+001
+2.183728e+004	   -1.319688e+001
+2.188648e+004	   -1.320728e+001
+2.193580e+004	   -1.335938e+001
+2.198523e+004	   -1.329775e+001
+2.203477e+004	   -1.336539e+001
+2.208442e+004	   -1.335642e+001
+2.213419e+004	   -1.335081e+001
+2.218406e+004	   -1.341484e+001
+2.223405e+004	   -1.342587e+001
+2.228415e+004	   -1.343086e+001
+2.233437e+004	   -1.342653e+001
+2.238469e+004	   -1.343213e+001
+2.243513e+004	   -1.346517e+001
+2.248569e+004	   -1.350992e+001
+2.253636e+004	   -1.353430e+001
+2.258714e+004	   -1.349346e+001
+2.263803e+004	   -1.346375e+001
+2.268904e+004	   -1.352946e+001
+2.274017e+004	   -1.356688e+001
+2.279141e+004	   -1.354032e+001
+2.284277e+004	   -1.357703e+001
+2.289424e+004	   -1.357717e+001
+2.294583e+004	   -1.360814e+001
+2.299754e+004	   -1.361832e+001
+2.304936e+004	   -1.365518e+001
+2.310130e+004	   -1.369163e+001
+2.315335e+004	   -1.373867e+001
+2.320553e+004	   -1.373274e+001
+2.325781e+004	   -1.376368e+001
+2.331022e+004	   -1.382228e+001
+2.336275e+004	   -1.388406e+001
+2.341539e+004	   -1.387207e+001
+2.346816e+004	   -1.387833e+001
+2.352104e+004	   -1.390887e+001
+2.357404e+004	   -1.393855e+001
+2.362716e+004	   -1.399336e+001
+2.368040e+004	   -1.397459e+001
+2.373376e+004	   -1.397605e+001
+2.378724e+004	   -1.397311e+001
+2.384084e+004	   -1.405768e+001
+2.389456e+004	   -1.411164e+001
+2.394841e+004	   -1.407804e+001
+2.400237e+004	   -1.410747e+001
+2.405646e+004	   -1.416176e+001
+2.411066e+004	   -1.420423e+001
+2.416499e+004	   -1.423868e+001
+2.421945e+004	   -1.424200e+001
+2.427402e+004	   -1.423445e+001
+2.432872e+004	   -1.429000e+001
+2.438354e+004	   -1.430353e+001
+2.443849e+004	   -1.433202e+001
+2.449355e+004	   -1.436188e+001
+2.454875e+004	   -1.438975e+001
+2.460406e+004	   -1.442587e+001
+2.465951e+004	   -1.438660e+001
+2.471507e+004	   -1.440413e+001
+2.477076e+004	   -1.443512e+001
+2.482658e+004	   -1.447689e+001
+2.488252e+004	   -1.445970e+001
+2.493859e+004	   -1.449063e+001
+2.499479e+004	   -1.449418e+001
+2.505111e+004	   -1.452833e+001
+2.510756e+004	   -1.459339e+001
+2.516413e+004	   -1.455390e+001
+2.522084e+004	   -1.461522e+001
+2.527767e+004	   -1.464986e+001
+2.533463e+004	   -1.469109e+001
+2.539172e+004	   -1.467311e+001
+2.544893e+004	   -1.469516e+001
+2.550628e+004	   -1.470703e+001
+2.556375e+004	   -1.472016e+001
+2.562136e+004	   -1.477292e+001
+2.567909e+004	   -1.475167e+001
+2.573696e+004	   -1.482699e+001
+2.579495e+004	   -1.477298e+001
+2.585308e+004	   -1.484865e+001
+2.591133e+004	   -1.486331e+001
+2.596972e+004	   -1.486063e+001
+2.602824e+004	   -1.488604e+001
+2.608689e+004	   -1.488891e+001
+2.614567e+004	   -1.486809e+001
+2.620459e+004	   -1.493382e+001
+2.626363e+004	   -1.498755e+001
+2.632282e+004	   -1.502076e+001
+2.638213e+004	   -1.502808e+001
+2.644158e+004	   -1.505817e+001
+2.650116e+004	   -1.512506e+001
+2.656088e+004	   -1.507791e+001
+2.662073e+004	   -1.507898e+001
+2.668071e+004	   -1.514964e+001
+2.674084e+004	   -1.517314e+001
+2.680109e+004	   -1.520544e+001
+2.686148e+004	   -1.525070e+001
+2.692201e+004	   -1.526479e+001
+2.698268e+004	   -1.533828e+001
+2.704348e+004	   -1.529682e+001
+2.710442e+004	   -1.540269e+001
+2.716549e+004	   -1.537872e+001
+2.722671e+004	   -1.542236e+001
+2.728806e+004	   -1.543405e+001
+2.734955e+004	   -1.543960e+001
+2.741118e+004	   -1.548718e+001
+2.747294e+004	   -1.549061e+001
+2.753485e+004	   -1.546920e+001
+2.759689e+004	   -1.551299e+001
+2.765908e+004	   -1.553362e+001
+2.772141e+004	   -1.554114e+001
+2.778387e+004	   -1.555280e+001
+2.784648e+004	   -1.562498e+001
+2.790923e+004	   -1.561967e+001
+2.797212e+004	   -1.565850e+001
+2.803515e+004	   -1.565286e+001
+2.809832e+004	   -1.575897e+001
+2.816163e+004	   -1.574200e+001
+2.822509e+004	   -1.578358e+001
+2.828870e+004	   -1.574213e+001
+2.835244e+004	   -1.579095e+001
+2.841633e+004	   -1.581637e+001
+2.848036e+004	   -1.587567e+001
+2.854454e+004	   -1.586578e+001
+2.860886e+004	   -1.585485e+001
+2.867332e+004	   -1.594147e+001
+2.873793e+004	   -1.595263e+001
+2.880269e+004	   -1.596860e+001
+2.886759e+004	   -1.595999e+001
+2.893264e+004	   -1.597385e+001
+2.899784e+004	   -1.602712e+001
+2.906318e+004	   -1.606485e+001
+2.912867e+004	   -1.608196e+001
+2.919430e+004	   -1.619180e+001
+2.926009e+004	   -1.615799e+001
+2.932602e+004	   -1.617396e+001
+2.939211e+004	   -1.619787e+001
+2.945834e+004	   -1.619344e+001
+2.952472e+004	   -1.625890e+001
+2.959125e+004	   -1.633610e+001
+2.965793e+004	   -1.635711e+001
+2.972475e+004	   -1.632068e+001
+2.979173e+004	   -1.633869e+001
+2.985887e+004	   -1.643445e+001
+2.992615e+004	   -1.637995e+001
+2.999358e+004	   -1.638175e+001
+3.006117e+004	   -1.642012e+001
+3.012891e+004	   -1.650769e+001
+3.019680e+004	   -1.647898e+001
+3.026484e+004	   -1.658382e+001
+3.033304e+004	   -1.653818e+001
+3.040139e+004	   -1.655785e+001
+3.046990e+004	   -1.661982e+001
+3.053855e+004	   -1.661633e+001
+3.060737e+004	   -1.658710e+001
+3.067634e+004	   -1.663354e+001
+3.074546e+004	   -1.660529e+001
+3.081474e+004	   -1.667293e+001
+3.088418e+004	   -1.663489e+001
+3.095377e+004	   -1.673127e+001
+3.102352e+004	   -1.673402e+001
+3.109343e+004	   -1.708829e+001
+3.116349e+004	   -1.675656e+001
+3.123372e+004	   -1.679215e+001
+3.130410e+004	   -1.683406e+001
+3.137463e+004	   -1.692702e+001
+3.144533e+004	   -1.686041e+001
+3.151619e+004	   -1.696398e+001
+3.158721e+004	   -1.693746e+001
+3.165838e+004	   -1.698312e+001
+3.172972e+004	   -1.700611e+001
+3.180122e+004	   -1.696277e+001
+3.187288e+004	   -1.705256e+001
+3.194470e+004	   -1.711706e+001
+3.201668e+004	   -1.714092e+001
+3.208883e+004	   -1.716437e+001
+3.216114e+004	   -1.709647e+001
+3.223361e+004	   -1.720797e+001
+3.230624e+004	   -1.720571e+001
+3.237904e+004	   -1.720915e+001
+3.245200e+004	   -1.718606e+001
+3.252513e+004	   -1.723159e+001
+3.259841e+004	   -1.727529e+001
+3.267187e+004	   -1.724277e+001
+3.274549e+004	   -1.728162e+001
+3.281928e+004	   -1.731198e+001
+3.289323e+004	   -1.737969e+001
+3.296735e+004	   -1.730080e+001
+3.304164e+004	   -1.735678e+001
+3.311609e+004	   -1.741668e+001
+3.319071e+004	   -1.746404e+001
+3.326551e+004	   -1.743598e+001
+3.334046e+004	   -1.743771e+001
+3.341559e+004	   -1.739431e+001
+3.349089e+004	   -1.742878e+001
+3.356636e+004	   -1.747865e+001
+3.364199e+004	   -1.753054e+001
+3.371780e+004	   -1.751914e+001
+3.379378e+004	   -1.756715e+001
+3.386993e+004	   -1.756152e+001
+3.394625e+004	   -1.757563e+001
+3.402274e+004	   -1.748641e+001
+3.409941e+004	   -1.752467e+001
+3.417625e+004	   -1.759768e+001
+3.425325e+004	   -1.761294e+001
+3.433044e+004	   -1.758024e+001
+3.440780e+004	   -1.760719e+001
+3.448533e+004	   -1.769742e+001
+3.456304e+004	   -1.765965e+001
+3.464092e+004	   -1.769404e+001
+3.471898e+004	   -1.768375e+001
+3.479721e+004	   -1.775197e+001
+3.487563e+004	   -1.770522e+001
+3.495421e+004	   -1.776252e+001
+3.503298e+004	   -1.782225e+001
+3.511192e+004	   -1.785063e+001
+3.519104e+004	   -1.788814e+001
+3.527034e+004	   -1.782973e+001
+3.534981e+004	   -1.783026e+001
+3.542946e+004	   -1.788762e+001
+3.550930e+004	   -1.790648e+001
+3.558932e+004	   -1.788305e+001
+3.566951e+004	   -1.790396e+001
+3.574989e+004	   -1.797525e+001
+3.583045e+004	   -1.793994e+001
+3.591118e+004	   -1.800542e+001
+3.599211e+004	   -1.802841e+001
+3.607321e+004	   -1.802520e+001
+3.615449e+004	   -1.811060e+001
+3.623596e+004	   -1.813897e+001
+3.631761e+004	   -1.813105e+001
+3.639945e+004	   -1.813431e+001
+3.648147e+004	   -1.813771e+001
+3.656368e+004	   -1.825671e+001
+3.664607e+004	   -1.829206e+001
+3.672864e+004	   -1.829761e+001
+3.681141e+004	   -1.826233e+001
+3.689436e+004	   -1.844932e+001
+3.697749e+004	   -1.845299e+001
+3.706081e+004	   -1.853712e+001
+3.714432e+004	   -1.861100e+001
+3.722802e+004	   -1.860553e+001
+3.731191e+004	   -1.855160e+001
+3.739599e+004	   -1.857892e+001
+3.748025e+004	   -1.861292e+001
+3.756471e+004	   -1.861287e+001
+3.764936e+004	   -1.860617e+001
+3.773420e+004	   -1.847158e+001
+3.781922e+004	   -1.850163e+001
+3.790445e+004	   -1.847708e+001
+3.798986e+004	   -1.843351e+001
+3.807546e+004	   -1.842146e+001
+3.816126e+004	   -1.855827e+001
+3.824725e+004	   -1.855305e+001
+3.833343e+004	   -1.859032e+001
+3.841981e+004	   -1.861869e+001
+3.850639e+004	   -1.862076e+001
+3.859315e+004	   -1.867226e+001
+3.868012e+004	   -1.868073e+001
+3.876728e+004	   -1.877806e+001
+3.885463e+004	   -1.866289e+001
+3.894219e+004	   -1.874795e+001
+3.902994e+004	   -1.879852e+001
+3.911789e+004	   -1.877963e+001
+3.920603e+004	   -1.882338e+001
+3.929438e+004	   -1.879029e+001
+3.938292e+004	   -1.891773e+001
+3.947166e+004	   -1.887256e+001
+3.956061e+004	   -1.885878e+001
+3.964975e+004	   -1.887162e+001
+3.973910e+004	   -1.896180e+001
+3.982864e+004	   -1.895499e+001
+3.991839e+004	   -1.890931e+001
+4.000834e+004	   -1.897568e+001
+4.009849e+004	   -1.894623e+001
+4.018885e+004	   -1.909376e+001
+4.027941e+004	   -1.906385e+001
+4.037017e+004	   -1.904233e+001
+4.046114e+004	   -1.906179e+001
+4.055231e+004	   -1.906046e+001
+4.064369e+004	   -1.911402e+001
+4.073528e+004	   -1.903447e+001
+4.082707e+004	   -1.902553e+001
+4.091907e+004	   -1.901251e+001
+4.101127e+004	   -1.905120e+001
+4.110368e+004	   -1.907364e+001
+4.119630e+004	   -1.917501e+001
+4.128913e+004	   -1.918448e+001
+4.138217e+004	   -1.920095e+001
+4.147542e+004	   -1.923068e+001
+4.156888e+004	   -1.920588e+001
+4.166255e+004	   -1.921990e+001
+4.175643e+004	   -1.923081e+001
+4.185052e+004	   -1.922139e+001
+4.194482e+004	   -1.926945e+001
+4.203934e+004	   -1.928617e+001
+4.213407e+004	   -1.938648e+001
+4.222902e+004	   -1.938401e+001
+4.232417e+004	   -1.941554e+001
+4.241954e+004	   -1.950557e+001
+4.251513e+004	   -1.948968e+001
+4.261093e+004	   -1.951933e+001
+4.270695e+004	   -1.951590e+001
+4.280318e+004	   -1.957047e+001
+4.289963e+004	   -1.961291e+001
+4.299630e+004	   -1.959113e+001
+4.309319e+004	   -1.958803e+001
+4.319029e+004	   -1.969634e+001
+4.328761e+004	   -1.969825e+001
+4.338516e+004	   -1.965944e+001
+4.348292e+004	   -1.961090e+001
+4.358090e+004	   -1.957961e+001
+4.367910e+004	   -1.963875e+001
+4.377753e+004	   -1.970086e+001
+4.387617e+004	   -1.972829e+001
+4.397504e+004	   -1.973514e+001
+4.407413e+004	   -1.987458e+001
+4.417345e+004	   -1.998817e+001
+4.427298e+004	   -2.011573e+001
+4.437275e+004	   -2.020322e+001
+4.447273e+004	   -2.030005e+001
+4.457295e+004	   -2.030698e+001
+4.467339e+004	   -2.036477e+001
+4.477405e+004	   -2.031163e+001
+4.487494e+004	   -2.037432e+001
+4.497606e+004	   -2.038327e+001
+4.507741e+004	   -2.051128e+001
+4.517898e+004	   -2.058094e+001
+4.528079e+004	   -2.059278e+001
+4.538282e+004	   -2.062340e+001
+4.548509e+004	   -2.061592e+001
+4.558758e+004	   -2.058153e+001
+4.569030e+004	   -2.062215e+001
+4.579326e+004	   -2.048623e+001
+4.589645e+004	   -2.046670e+001
+4.599987e+004	   -2.041536e+001
+4.610352e+004	   -2.041583e+001
+4.620741e+004	   -2.042785e+001
+4.631153e+004	   -2.045867e+001
+4.641589e+004	   -2.038538e+001
+4.652048e+004	   -2.024228e+001
+4.662530e+004	   -1.989209e+001
+4.673037e+004	   -1.966203e+001
+4.683567e+004	   -1.950261e+001
+4.694121e+004	   -1.920560e+001
+4.704698e+004	   -1.887663e+001
+4.715300e+004	   -1.883890e+001
+4.725925e+004	   -1.880653e+001
+4.736574e+004	   -1.883720e+001
+4.747247e+004	   -1.903273e+001
+4.757944e+004	   -1.924016e+001
+4.768666e+004	   -1.911913e+001
+4.779411e+004	   -1.908879e+001
+4.790181e+004	   -1.906933e+001
+4.800975e+004	   -1.902290e+001
+4.811793e+004	   -1.915970e+001
+4.822636e+004	   -1.929372e+001
+4.833503e+004	   -1.930719e+001
+4.844395e+004	   -1.914635e+001
+4.855311e+004	   -1.918134e+001
+4.866251e+004	   -1.911309e+001
+4.877216e+004	   -1.907092e+001
+4.888207e+004	   -1.885984e+001
+4.899221e+004	   -1.879988e+001
+4.910261e+004	   -1.865035e+001
+4.921326e+004	   -1.850917e+001
+4.932415e+004	   -1.848101e+001
+4.943530e+004	   -1.855671e+001
+4.954669e+004	   -1.853881e+001
+4.965834e+004	   -1.855231e+001
+4.977023e+004	   -1.866791e+001
+4.988239e+004	   -1.863456e+001
+4.999479e+004	   -1.872584e+001
+5.010745e+004	   -1.879242e+001
+5.022035e+004	   -1.884522e+001
+5.033352e+004	   -1.889162e+001
+5.044694e+004	   -1.886785e+001
+5.056061e+004	   -1.888134e+001
+5.067454e+004	   -1.885661e+001
+5.078873e+004	   -1.884525e+001
+5.090318e+004	   -1.888426e+001
+5.101788e+004	   -1.893484e+001
+5.113284e+004	   -1.887411e+001
+5.124806e+004	   -1.882466e+001
+5.136354e+004	   -1.880840e+001
+5.147928e+004	   -1.897097e+001
+5.159528e+004	   -1.902900e+001
+5.171154e+004	   -1.896418e+001
+5.182807e+004	   -1.896057e+001
+5.194485e+004	   -1.898408e+001
+5.206190e+004	   -1.901515e+001
+5.217922e+004	   -1.903431e+001
+5.229679e+004	   -1.905011e+001
+5.241464e+004	   -1.910315e+001
+5.253275e+004	   -1.907744e+001
+5.265112e+004	   -1.904709e+001
+5.276976e+004	   -1.905982e+001
+5.288867e+004	   -1.905891e+001
+5.300785e+004	   -1.908612e+001
+5.312729e+004	   -1.909605e+001
+5.324701e+004	   -1.906416e+001
+5.336699e+004	   -1.907949e+001
+5.348725e+004	   -1.909916e+001
+5.360777e+004	   -1.906283e+001
+5.372857e+004	   -1.901531e+001
+5.384964e+004	   -1.907764e+001
+5.397098e+004	   -1.906884e+001
+5.409260e+004	   -1.905229e+001
+5.421448e+004	   -1.910872e+001
+5.433665e+004	   -1.913364e+001
+5.445909e+004	   -1.910586e+001
+5.458180e+004	   -1.910981e+001
+5.470480e+004	   -1.907696e+001
+5.482807e+004	   -1.906510e+001
+5.495161e+004	   -1.903872e+001
+5.507544e+004	   -1.904787e+001
+5.519954e+004	   -1.907526e+001
+5.532393e+004	   -1.917074e+001
+5.544859e+004	   -1.928384e+001
+5.557354e+004	   -1.932363e+001
+5.569876e+004	   -1.938177e+001
+5.582427e+004	   -1.936029e+001
+5.595006e+004	   -1.937062e+001
+5.607614e+004	   -1.925863e+001
+5.620250e+004	   -1.924383e+001
+5.632914e+004	   -1.919416e+001
+5.645607e+004	   -1.918011e+001
+5.658329e+004	   -1.920416e+001
+5.671079e+004	   -1.919757e+001
+5.683858e+004	   -1.911079e+001
+5.696666e+004	   -1.914314e+001
+5.709502e+004	   -1.913233e+001
+5.722368e+004	   -1.912991e+001
+5.735262e+004	   -1.902221e+001
+5.748186e+004	   -1.887177e+001
+5.761138e+004	   -1.889138e+001
+5.774120e+004	   -1.888491e+001
+5.787131e+004	   -1.878191e+001
+5.800172e+004	   -1.877100e+001
+5.813242e+004	   -1.869146e+001
+5.826341e+004	   -1.867063e+001
+5.839470e+004	   -1.860164e+001
+5.852628e+004	   -1.866121e+001
+5.865816e+004	   -1.861683e+001
+5.879034e+004	   -1.857768e+001
+5.892281e+004	   -1.851055e+001
+5.905559e+004	   -1.851059e+001
+5.918866e+004	   -1.854313e+001
+5.932204e+004	   -1.871818e+001
+5.945571e+004	   -1.919320e+001
+5.958968e+004	   -1.985346e+001
+5.972396e+004	   -2.024764e+001
+5.985854e+004	   -2.094455e+001
+5.999342e+004	   -2.191923e+001
+6.012861e+004	   -2.252786e+001
+6.026410e+004	   -2.240703e+001
+6.039989e+004	   -2.209597e+001
+6.053600e+004	   -2.180997e+001
+6.067240e+004	   -2.202185e+001
+6.080912e+004	   -2.217804e+001
+6.094614e+004	   -2.198750e+001
+6.108348e+004	   -2.192550e+001
+6.122112e+004	   -2.205776e+001
+6.135907e+004	   -2.264661e+001
+6.149734e+004	   -2.287429e+001
+6.163591e+004	   -2.248356e+001
+6.177480e+004	   -2.244657e+001
+6.191400e+004	   -2.228817e+001
+6.205351e+004	   -2.204950e+001
+6.219334e+004	   -2.187581e+001
+6.233348e+004	   -2.187078e+001
+6.247395e+004	   -2.172822e+001
+6.261472e+004	   -2.161345e+001
+6.275581e+004	   -2.175692e+001
+6.289722e+004	   -2.268318e+001
+6.303895e+004	   -2.248317e+001
+6.318100e+004	   -2.198479e+001
+6.332337e+004	   -2.205856e+001
+6.346606e+004	   -2.214552e+001
+6.360907e+004	   -2.223346e+001
+6.375241e+004	   -2.217148e+001
+6.389606e+004	   -2.203808e+001
+6.404004e+004	   -2.202807e+001
+6.418435e+004	   -2.213978e+001
+6.432898e+004	   -2.240714e+001
+6.447393e+004	   -2.255492e+001
+6.461921e+004	   -2.226872e+001
+6.476482e+004	   -2.214642e+001
+6.491076e+004	   -2.240354e+001
+6.505703e+004	   -2.270669e+001
+6.520363e+004	   -2.287726e+001
+6.535055e+004	   -2.289350e+001
+6.549781e+004	   -2.282068e+001
+6.564540e+004	   -2.268341e+001
+6.579332e+004	   -2.251552e+001
+6.594158e+004	   -2.231135e+001
+6.609016e+004	   -2.219784e+001
+6.623909e+004	   -2.209916e+001
+6.638835e+004	   -2.204817e+001
+6.653795e+004	   -2.206590e+001
+6.668788e+004	   -2.218124e+001
+6.683816e+004	   -2.229862e+001
+6.698877e+004	   -2.232773e+001
+6.713971e+004	   -2.246292e+001
+6.729100e+004	   -2.239461e+001
+6.744263e+004	   -2.265730e+001
+6.759460e+004	   -2.314612e+001
+6.774691e+004	   -2.332244e+001
+6.789958e+004	   -2.361725e+001
+6.805258e+004	   -2.407511e+001
+6.820592e+004	   -2.401865e+001
+6.835962e+004	   -2.381080e+001
+6.851366e+004	   -2.347447e+001
+6.866804e+004	   -2.329267e+001
+6.882277e+004	   -2.335278e+001
+6.897785e+004	   -2.362295e+001
+6.913328e+004	   -2.402882e+001
+6.928907e+004	   -2.411295e+001
+6.944520e+004	   -2.401938e+001
+6.960169e+004	   -2.395128e+001
+6.975852e+004	   -2.396182e+001
+6.991571e+004	   -2.381297e+001
+7.007326e+004	   -2.378029e+001
+7.023116e+004	   -2.363083e+001
+7.038941e+004	   -2.354598e+001
+7.054802e+004	   -2.362438e+001
+7.070699e+004	   -2.374440e+001
+7.086632e+004	   -2.388317e+001
+7.102601e+004	   -2.384178e+001
+7.118605e+004	   -2.377977e+001
+7.134646e+004	   -2.379259e+001
+7.150723e+004	   -2.379586e+001
+7.166836e+004	   -2.380750e+001
+7.182985e+004	   -2.378700e+001
+7.199171e+004	   -2.372238e+001
+7.215394e+004	   -2.367555e+001
+7.231652e+004	   -2.365538e+001
+7.247948e+004	   -2.345741e+001
+7.264280e+004	   -2.335570e+001
+7.280649e+004	   -2.329698e+001
+7.297055e+004	   -2.336592e+001
+7.313498e+004	   -2.341017e+001
+7.329977e+004	   -2.352027e+001
+7.346495e+004	   -2.353174e+001
+7.363048e+004	   -2.369773e+001
+7.379641e+004	   -2.379082e+001
+7.396270e+004	   -2.406515e+001
+7.412936e+004	   -2.417933e+001
+7.429640e+004	   -2.400076e+001
+7.446381e+004	   -2.393018e+001
+7.463160e+004	   -2.370058e+001
+7.479977e+004	   -2.377772e+001
+7.496833e+004	   -2.410592e+001
+7.513726e+004	   -2.458281e+001
+7.530656e+004	   -2.460373e+001
+7.547626e+004	   -2.444710e+001
+7.564634e+004	   -2.450357e+001
+7.581679e+004	   -2.468275e+001
+7.598763e+004	   -2.490649e+001
+7.615886e+004	   -2.472717e+001
+7.633047e+004	   -2.441654e+001
+7.650247e+004	   -2.410965e+001
+7.667486e+004	   -2.399890e+001
+7.684763e+004	   -2.394588e+001
+7.702080e+004	   -2.387487e+001
+7.719435e+004	   -2.389819e+001
+7.736830e+004	   -2.404000e+001
+7.754264e+004	   -2.400246e+001
+7.771737e+004	   -2.393553e+001
+7.789249e+004	   -2.383046e+001
+7.806801e+004	   -2.353718e+001
+7.824393e+004	   -2.324516e+001
+7.842023e+004	   -2.298424e+001
+7.859695e+004	   -2.283945e+001
+7.877405e+004	   -2.268482e+001
+7.895155e+004	   -2.349575e+001
+7.912946e+004	   -2.514989e+001
+7.930777e+004	   -2.522588e+001
+7.948648e+004	   -2.453740e+001
+7.966559e+004	   -2.417253e+001
+7.984510e+004	   -2.457404e+001
+8.002502e+004	   -2.479601e+001
+8.020534e+004	   -2.478218e+001
+8.038608e+004	   -2.491871e+001
+8.056722e+004	   -2.475438e+001
+8.074877e+004	   -2.426905e+001
+8.093072e+004	   -2.397248e+001
+8.111309e+004	   -2.369522e+001
+8.129586e+004	   -2.345760e+001
+8.147905e+004	   -2.349331e+001
+8.166265e+004	   -2.339539e+001
+8.184666e+004	   -2.318737e+001
+8.203109e+004	   -2.343511e+001
+8.221594e+004	   -2.443213e+001
+8.240120e+004	   -2.532184e+001
+8.258688e+004	   -2.556717e+001
+8.277298e+004	   -2.543185e+001
+8.295949e+004	   -2.544975e+001
+8.314643e+004	   -2.469645e+001
+8.333379e+004	   -2.427173e+001
+8.352157e+004	   -2.702406e+001
+8.370977e+004	   -2.900292e+001
+8.389840e+004	   -2.920354e+001
+8.408745e+004	   -2.891967e+001
+8.427693e+004	   -2.854420e+001
+8.446684e+004	   -2.834221e+001
+8.465716e+004	   -2.831670e+001
+8.484793e+004	   -2.792882e+001
+8.503913e+004	   -2.776625e+001
+8.523074e+004	   -2.758697e+001
+8.542280e+004	   -2.769681e+001
+8.561529e+004	   -2.810120e+001
+8.580821e+004	   -2.802558e+001
+8.600156e+004	   -2.774869e+001
+8.619536e+004	   -2.761843e+001
+8.638959e+004	   -2.747133e+001
+8.658425e+004	   -2.741961e+001
+8.677936e+004	   -2.738711e+001
+8.697490e+004	   -2.724554e+001
+8.717088e+004	   -2.717245e+001
+8.736731e+004	   -2.705903e+001
+8.756418e+004	   -2.736950e+001
+8.776149e+004	   -2.744237e+001
+8.795925e+004	   -2.753682e+001
+8.815745e+004	   -2.763377e+001
+8.835610e+004	   -2.780502e+001
+8.855520e+004	   -2.812693e+001
+8.875475e+004	   -2.818017e+001
+8.895474e+004	   -2.795000e+001
+8.915519e+004	   -2.771831e+001
+8.935609e+004	   -2.773765e+001
+8.955744e+004	   -2.770193e+001
+8.975924e+004	   -2.751973e+001
+8.996150e+004	   -2.734960e+001
+9.016422e+004	   -2.745593e+001
+9.036739e+004	   -2.727420e+001
+9.057102e+004	   -2.722510e+001
+9.077511e+004	   -2.740997e+001
+9.097966e+004	   -2.769291e+001
+9.118466e+004	   -2.774059e+001
+9.139013e+004	   -2.781079e+001
+9.159607e+004	   -2.800961e+001
+9.180247e+004	   -2.791753e+001
+9.200933e+004	   -2.822346e+001
+9.221666e+004	   -2.854435e+001
+9.242445e+004	   -2.887158e+001
+9.263272e+004	   -2.914913e+001
+9.284145e+004	   -2.938085e+001
+9.305066e+004	   -2.966994e+001
+9.326034e+004	   -3.004695e+001
+9.347048e+004	   -3.055344e+001
+9.368110e+004	   -3.077578e+001
+9.389220e+004	   -3.045619e+001
+9.410377e+004	   -3.027028e+001
+9.431582e+004	   -3.044499e+001
+9.452835e+004	   -3.061899e+001
+9.474135e+004	   -3.063697e+001
+9.495484e+004	   -3.078881e+001
+9.516880e+004	   -3.081119e+001
+9.538326e+004	   -3.097220e+001
+9.559819e+004	   -3.105024e+001
+9.581360e+004	   -3.123940e+001
+9.602951e+004	   -3.149568e+001
+9.624589e+004	   -3.148943e+001
+9.646277e+004	   -3.161340e+001
+9.668013e+004	   -3.157956e+001
+9.689798e+004	   -3.170168e+001
+9.711634e+004	   -3.182067e+001
+9.733517e+004	   -3.162681e+001
+9.755450e+004	   -3.171161e+001
+9.777433e+004	   -3.208847e+001
+9.799465e+004	   -3.219042e+001
+9.821546e+004	   -3.227332e+001
+9.843677e+004	   -3.224862e+001
+9.865859e+004	   -3.225367e+001
+9.888090e+004	   -3.234877e+001
+9.910371e+004	   -3.234730e+001
+9.932703e+004	   -3.249826e+001
+9.955085e+004	   -3.281969e+001
+9.977517e+004	   -3.287001e+001
+1.000000e+005	   -3.280207e+001
