+1.000000e+003	   +2.322400e+001
+1.002253e+003	   +2.286366e+001
+1.004512e+003	   +2.239770e+001
+1.006775e+003	   +2.327814e+001
+1.009044e+003	   +2.292201e+001
+1.011318e+003	   +2.290863e+001
+1.013596e+003	   +2.266379e+001
+1.015880e+003	   +2.180909e+001
+1.018170e+003	   +2.161079e+001
+1.020464e+003	   +2.334896e+001
+1.022763e+003	   +2.197922e+001
+1.025068e+003	   +2.499898e+001
+1.027378e+003	   +2.278910e+001
+1.029693e+003	   +2.221111e+001
+1.032013e+003	   +2.286624e+001
+1.034339e+003	   +2.251230e+001
+1.036669e+003	   +2.238904e+001
+1.039005e+003	   +2.122890e+001
+1.041347e+003	   +2.086077e+001
+1.043693e+003	   +1.955730e+001
+1.046045e+003	   +2.124839e+001
+1.048402e+003	   +2.787421e+001
+1.050764e+003	   +2.128896e+001
+1.053132e+003	   +2.136276e+001
+1.055505e+003	   +2.208028e+001
+1.057884e+003	   +2.230720e+001
+1.060267e+003	   +2.189099e+001
+1.062657e+003	   +2.181927e+001
+1.065051e+003	   +2.173919e+001
+1.067451e+003	   +2.195019e+001
+1.069856e+003	   +2.170791e+001
+1.072267e+003	   +2.167703e+001
+1.074683e+003	   +2.173022e+001
+1.077105e+003	   +2.198903e+001
+1.079532e+003	   +2.194766e+001
+1.081965e+003	   +2.237367e+001
+1.084403e+003	   +2.124781e+001
+1.086846e+003	   +2.152201e+001
+1.089295e+003	   +2.139226e+001
+1.091750e+003	   +2.155091e+001
+1.094210e+003	   +2.128848e+001
+1.096676e+003	   +2.116136e+001
+1.099147e+003	   +2.142667e+001
+1.101624e+003	   +2.130779e+001
+1.104106e+003	   +2.161106e+001
+1.106594e+003	   +2.115375e+001
+1.109087e+003	   +2.133997e+001
+1.111587e+003	   +2.125451e+001
+1.114091e+003	   +2.117569e+001
+1.116602e+003	   +2.069892e+001
+1.119118e+003	   +2.104315e+001
+1.121640e+003	   +2.083142e+001
+1.124167e+003	   +2.048038e+001
+1.126700e+003	   +2.050484e+001
+1.129239e+003	   +2.086884e+001
+1.131784e+003	   +2.125986e+001
+1.134334e+003	   +2.090093e+001
+1.136890e+003	   +2.092391e+001
+1.139452e+003	   +2.092037e+001
+1.142020e+003	   +2.076537e+001
+1.144593e+003	   +2.057773e+001
+1.147172e+003	   +2.112235e+001
+1.149757e+003	   +2.067013e+001
+1.152348e+003	   +2.066358e+001
+1.154944e+003	   +2.025155e+001
+1.157547e+003	   +2.012463e+001
+1.160155e+003	   +2.061490e+001
+1.162770e+003	   +2.034145e+001
+1.165390e+003	   +2.058146e+001
+1.168016e+003	   +2.001061e+001
+1.170648e+003	   +2.033889e+001
+1.173286e+003	   +2.013143e+001
+1.175929e+003	   +2.041059e+001
+1.178579e+003	   +1.968718e+001
+1.181235e+003	   +2.001942e+001
+1.183897e+003	   +2.022559e+001
+1.186564e+003	   +2.039062e+001
+1.189238e+003	   +2.027578e+001
+1.191918e+003	   +1.985950e+001
+1.194604e+003	   +2.007324e+001
+1.197296e+003	   +2.002123e+001
+1.199994e+003	   +1.980588e+001
+1.202698e+003	   +2.011688e+001
+1.205408e+003	   +1.992233e+001
+1.208124e+003	   +1.980057e+001
+1.210846e+003	   +1.991610e+001
+1.213575e+003	   +1.986362e+001
+1.216309e+003	   +1.966727e+001
+1.219050e+003	   +1.925858e+001
+1.221797e+003	   +1.996876e+001
+1.224550e+003	   +1.930020e+001
+1.227309e+003	   +1.945466e+001
+1.230075e+003	   +1.973602e+001
+1.232847e+003	   +1.959516e+001
+1.235625e+003	   +1.942420e+001
+1.238409e+003	   +1.903785e+001
+1.241200e+003	   +1.896670e+001
+1.243996e+003	   +1.894456e+001
+1.246800e+003	   +1.922066e+001
+1.249609e+003	   +1.937456e+001
+1.252425e+003	   +1.926979e+001
+1.255247e+003	   +1.933354e+001
+1.258076e+003	   +1.923810e+001
+1.260911e+003	   +1.862358e+001
+1.263752e+003	   +1.857040e+001
+1.266599e+003	   +1.900081e+001
+1.269453e+003	   +1.900995e+001
+1.272314e+003	   +1.856650e+001
+1.275181e+003	   +1.897495e+001
+1.278054e+003	   +1.846124e+001
+1.280934e+003	   +1.926834e+001
+1.283821e+003	   +1.875702e+001
+1.286714e+003	   +1.866635e+001
+1.289613e+003	   +1.898036e+001
+1.292519e+003	   +1.846204e+001
+1.295432e+003	   +1.864778e+001
+1.298351e+003	   +1.864356e+001
+1.301276e+003	   +1.879608e+001
+1.304208e+003	   +1.836075e+001
+1.307147e+003	   +1.862523e+001
+1.310093e+003	   +1.833750e+001
+1.313045e+003	   +1.839596e+001
+1.316004e+003	   +1.842238e+001
+1.318969e+003	   +1.813157e+001
+1.321941e+003	   +1.845848e+001
+1.324920e+003	   +1.811004e+001
+1.327905e+003	   +1.794942e+001
+1.330898e+003	   +1.788981e+001
+1.333897e+003	   +1.807272e+001
+1.336902e+003	   +1.827959e+001
+1.339915e+003	   +1.783871e+001
+1.342934e+003	   +1.810815e+001
+1.345960e+003	   +1.783716e+001
+1.348993e+003	   +1.772610e+001
+1.352033e+003	   +1.766928e+001
+1.355080e+003	   +1.767389e+001
+1.358133e+003	   +1.803730e+001
+1.361193e+003	   +1.791249e+001
+1.364261e+003	   +1.769314e+001
+1.367335e+003	   +1.761787e+001
+1.370416e+003	   +1.755745e+001
+1.373504e+003	   +1.739299e+001
+1.376599e+003	   +1.760603e+001
+1.379701e+003	   +1.746842e+001
+1.382810e+003	   +1.769074e+001
+1.385926e+003	   +1.751377e+001
+1.389049e+003	   +1.753552e+001
+1.392179e+003	   +1.736230e+001
+1.395316e+003	   +1.748978e+001
+1.398460e+003	   +1.748274e+001
+1.401611e+003	   +1.732680e+001
+1.404770e+003	   +1.731090e+001
+1.407935e+003	   +1.722730e+001
+1.411108e+003	   +1.711355e+001
+1.414287e+003	   +1.698355e+001
+1.417474e+003	   +1.707546e+001
+1.420668e+003	   +1.708468e+001
+1.423870e+003	   +1.687865e+001
+1.427078e+003	   +1.700290e+001
+1.430294e+003	   +1.711459e+001
+1.433517e+003	   +1.684760e+001
+1.436747e+003	   +1.659161e+001
+1.439984e+003	   +1.663514e+001
+1.443229e+003	   +1.693779e+001
+1.446481e+003	   +1.688196e+001
+1.449741e+003	   +1.694049e+001
+1.453007e+003	   +1.661938e+001
+1.456282e+003	   +1.653443e+001
+1.459563e+003	   +1.668764e+001
+1.462852e+003	   +1.696268e+001
+1.466148e+003	   +1.642031e+001
+1.469452e+003	   +1.661315e+001
+1.472763e+003	   +1.657472e+001
+1.476082e+003	   +1.661772e+001
+1.479408e+003	   +1.645510e+001
+1.482742e+003	   +1.637014e+001
+1.486083e+003	   +1.683094e+001
+1.489432e+003	   +1.633505e+001
+1.492788e+003	   +1.627639e+001
+1.496151e+003	   +1.640656e+001
+1.499523e+003	   +1.594820e+001
+1.502902e+003	   +1.633001e+001
+1.506288e+003	   +1.574841e+001
+1.509682e+003	   +1.600526e+001
+1.513084e+003	   +1.602209e+001
+1.516494e+003	   +1.626616e+001
+1.519911e+003	   +1.582620e+001
+1.523336e+003	   +1.578597e+001
+1.526769e+003	   +1.576937e+001
+1.530209e+003	   +1.577947e+001
+1.533657e+003	   +1.581634e+001
+1.537113e+003	   +1.575124e+001
+1.540577e+003	   +1.550342e+001
+1.544048e+003	   +1.568639e+001
+1.547527e+003	   +1.577423e+001
+1.551014e+003	   +1.539538e+001
+1.554509e+003	   +1.566401e+001
+1.558012e+003	   +1.552048e+001
+1.561523e+003	   +1.554365e+001
+1.565042e+003	   +1.554938e+001
+1.568568e+003	   +1.547625e+001
+1.572103e+003	   +1.536665e+001
+1.575645e+003	   +1.560016e+001
+1.579196e+003	   +1.538961e+001
+1.582754e+003	   +1.530490e+001
+1.586321e+003	   +1.531656e+001
+1.589895e+003	   +1.523771e+001
+1.593478e+003	   +1.507785e+001
+1.597069e+003	   +1.515084e+001
+1.600667e+003	   +1.519279e+001
+1.604274e+003	   +1.516242e+001
+1.607889e+003	   +1.512942e+001
+1.611512e+003	   +1.514210e+001
+1.615144e+003	   +1.501031e+001
+1.618783e+003	   +1.486158e+001
+1.622431e+003	   +1.475081e+001
+1.626087e+003	   +1.480190e+001
+1.629751e+003	   +1.496342e+001
+1.633423e+003	   +1.494467e+001
+1.637104e+003	   +1.486119e+001
+1.640793e+003	   +1.469459e+001
+1.644490e+003	   +1.491183e+001
+1.648196e+003	   +1.462135e+001
+1.651910e+003	   +1.471522e+001
+1.655632e+003	   +1.463328e+001
+1.659363e+003	   +1.455105e+001
+1.663102e+003	   +1.452834e+001
+1.666849e+003	   +1.448375e+001
+1.670605e+003	   +1.443275e+001
+1.674370e+003	   +1.442476e+001
+1.678143e+003	   +1.444378e+001
+1.681924e+003	   +1.421632e+001
+1.685714e+003	   +1.426496e+001
+1.689513e+003	   +1.424607e+001
+1.693320e+003	   +1.411499e+001
+1.697135e+003	   +1.417847e+001
+1.700960e+003	   +1.401586e+001
+1.704793e+003	   +1.413576e+001
+1.708634e+003	   +1.416585e+001
+1.712484e+003	   +1.413119e+001
+1.716343e+003	   +1.398736e+001
+1.720211e+003	   +1.404861e+001
+1.724087e+003	   +1.409274e+001
+1.727972e+003	   +1.383222e+001
+1.731866e+003	   +1.384556e+001
+1.735768e+003	   +1.374631e+001
+1.739679e+003	   +1.379546e+001
+1.743599e+003	   +1.377058e+001
+1.747528e+003	   +1.377643e+001
+1.751466e+003	   +1.363315e+001
+1.755413e+003	   +1.373994e+001
+1.759368e+003	   +1.357480e+001
+1.763333e+003	   +1.367889e+001
+1.767306e+003	   +1.354240e+001
+1.771289e+003	   +1.339967e+001
+1.775280e+003	   +1.348391e+001
+1.779280e+003	   +1.337870e+001
+1.783290e+003	   +1.328276e+001
+1.787308e+003	   +1.338258e+001
+1.791335e+003	   +1.340763e+001
+1.795372e+003	   +1.334460e+001
+1.799418e+003	   +1.324274e+001
+1.803472e+003	   +1.319778e+001
+1.807536e+003	   +1.321600e+001
+1.811609e+003	   +1.310967e+001
+1.815691e+003	   +1.314003e+001
+1.819783e+003	   +1.311982e+001
+1.823883e+003	   +1.308359e+001
+1.827993e+003	   +1.309084e+001
+1.832112e+003	   +1.300670e+001
+1.836241e+003	   +1.282279e+001
+1.840378e+003	   +1.281072e+001
+1.844526e+003	   +1.286458e+001
+1.848682e+003	   +1.272087e+001
+1.852848e+003	   +1.282923e+001
+1.857023e+003	   +1.275635e+001
+1.861207e+003	   +1.274574e+001
+1.865401e+003	   +1.270068e+001
+1.869604e+003	   +1.257025e+001
+1.873817e+003	   +1.255271e+001
+1.878040e+003	   +1.255639e+001
+1.882272e+003	   +1.260038e+001
+1.886513e+003	   +1.252217e+001
+1.890764e+003	   +1.243876e+001
+1.895025e+003	   +1.237616e+001
+1.899295e+003	   +1.234907e+001
+1.903575e+003	   +1.254813e+001
+1.907864e+003	   +1.219550e+001
+1.912163e+003	   +1.210172e+001
+1.916472e+003	   +1.212007e+001
+1.920790e+003	   +1.218016e+001
+1.925119e+003	   +1.216887e+001
+1.929457e+003	   +1.213651e+001
+1.933804e+003	   +1.213069e+001
+1.938162e+003	   +1.206544e+001
+1.942529e+003	   +1.212809e+001
+1.946906e+003	   +1.205604e+001
+1.951293e+003	   +1.205925e+001
+1.955690e+003	   +1.186488e+001
+1.960097e+003	   +1.189106e+001
+1.964514e+003	   +1.175976e+001
+1.968941e+003	   +1.176069e+001
+1.973377e+003	   +1.169300e+001
+1.977824e+003	   +1.157430e+001
+1.982281e+003	   +1.161610e+001
+1.986748e+003	   +1.156661e+001
+1.991224e+003	   +1.157478e+001
+1.995711e+003	   +1.160283e+001
+2.000208e+003	   +1.146327e+001
+2.004716e+003	   +1.152033e+001
+2.009233e+003	   +1.138404e+001
+2.013760e+003	   +1.144571e+001
+2.018298e+003	   +1.134579e+001
+2.022846e+003	   +1.139478e+001
+2.027404e+003	   +1.142356e+001
+2.031973e+003	   +1.148814e+001
+2.036552e+003	   +1.155635e+001
+2.041141e+003	   +1.115465e+001
+2.045740e+003	   +1.088943e+001
+2.050350e+003	   +1.124397e+001
+2.054970e+003	   +1.113380e+001
+2.059601e+003	   +1.103753e+001
+2.064241e+003	   +1.114758e+001
+2.068893e+003	   +1.116392e+001
+2.073555e+003	   +1.091943e+001
+2.078227e+003	   +1.086973e+001
+2.082910e+003	   +1.098829e+001
+2.087604e+003	   +1.087389e+001
+2.092308e+003	   +1.083458e+001
+2.097023e+003	   +1.077007e+001
+2.101748e+003	   +1.073013e+001
+2.106484e+003	   +1.066311e+001
+2.111231e+003	   +1.054719e+001
+2.115988e+003	   +1.069847e+001
+2.120756e+003	   +1.062336e+001
+2.125535e+003	   +1.051157e+001
+2.130324e+003	   +1.063653e+001
+2.135125e+003	   +1.053761e+001
+2.139936e+003	   +1.049002e+001
+2.144758e+003	   +1.033370e+001
+2.149591e+003	   +1.041946e+001
+2.154435e+003	   +1.039159e+001
+2.159289e+003	   +1.028286e+001
+2.164155e+003	   +1.027726e+001
+2.169032e+003	   +1.016343e+001
+2.173919e+003	   +1.014475e+001
+2.178818e+003	   +1.023988e+001
+2.183728e+003	   +1.007693e+001
+2.188648e+003	   +1.019830e+001
+2.193580e+003	   +1.012802e+001
+2.198523e+003	   +1.021289e+001
+2.203477e+003	   +1.012623e+001
+2.208442e+003	   +1.009816e+001
+2.213418e+003	   +9.974714e+000
+2.218406e+003	   +9.970811e+000
+2.223405e+003	   +1.000075e+001
+2.228415e+003	   +9.949023e+000
+2.233437e+003	   +9.953933e+000
+2.238469e+003	   +9.800280e+000
+2.243513e+003	   +9.620791e+000
+2.248569e+003	   +9.616656e+000
+2.253635e+003	   +9.523766e+000
+2.258714e+003	   +9.579675e+000
+2.263803e+003	   +9.616966e+000
+2.268905e+003	   +9.670556e+000
+2.274017e+003	   +9.534330e+000
+2.279141e+003	   +9.541559e+000
+2.284277e+003	   +9.535586e+000
+2.289424e+003	   +9.520522e+000
+2.294583e+003	   +9.518118e+000
+2.299754e+003	   +9.443850e+000
+2.304936e+003	   +9.345811e+000
+2.310130e+003	   +9.314835e+000
+2.315335e+003	   +9.286114e+000
+2.320552e+003	   +9.276546e+000
+2.325781e+003	   +9.331455e+000
+2.331022e+003	   +9.289465e+000
+2.336275e+003	   +9.270406e+000
+2.341539e+003	   +9.188376e+000
+2.346816e+003	   +9.206325e+000
+2.352104e+003	   +9.184952e+000
+2.357404e+003	   +9.148246e+000
+2.362716e+003	   +9.111630e+000
+2.368040e+003	   +9.046438e+000
+2.373376e+003	   +8.979004e+000
+2.378724e+003	   +8.916172e+000
+2.384084e+003	   +8.914927e+000
+2.389457e+003	   +8.860147e+000
+2.394841e+003	   +8.793092e+000
+2.400237e+003	   +8.749411e+000
+2.405646e+003	   +8.712432e+000
+2.411066e+003	   +8.726335e+000
+2.416500e+003	   +8.728065e+000
+2.421945e+003	   +8.630187e+000
+2.427402e+003	   +8.481381e+000
+2.432872e+003	   +8.460636e+000
+2.438354e+003	   +8.482306e+000
+2.443849e+003	   +8.461362e+000
+2.449355e+003	   +8.481516e+000
+2.454875e+003	   +8.411069e+000
+2.460406e+003	   +8.359602e+000
+2.465950e+003	   +8.377723e+000
+2.471507e+003	   +8.316001e+000
+2.477076e+003	   +8.289360e+000
+2.482658e+003	   +8.256991e+000
+2.488252e+003	   +8.179750e+000
+2.493859e+003	   +8.147745e+000
+2.499479e+003	   +8.040950e+000
+2.505111e+003	   +7.986018e+000
+2.510756e+003	   +7.983837e+000
+2.516414e+003	   +7.977049e+000
+2.522084e+003	   +7.922177e+000
+2.527767e+003	   +7.994443e+000
+2.533463e+003	   +7.968451e+000
+2.539172e+003	   +7.979889e+000
+2.544893e+003	   +7.944829e+000
+2.550628e+003	   +7.963871e+000
+2.556375e+003	   +7.836244e+000
+2.562136e+003	   +7.807992e+000
+2.567909e+003	   +7.693759e+000
+2.573696e+003	   +7.732185e+000
+2.579495e+003	   +7.689024e+000
+2.585308e+003	   +7.634198e+000
+2.591133e+003	   +7.609652e+000
+2.596972e+003	   +7.609309e+000
+2.602824e+003	   +7.616673e+000
+2.608689e+003	   +7.534012e+000
+2.614567e+003	   +7.550937e+000
+2.620459e+003	   +7.424742e+000
+2.626364e+003	   +7.400922e+000
+2.632282e+003	   +7.426155e+000
+2.638213e+003	   +7.434659e+000
+2.644158e+003	   +7.286770e+000
+2.650116e+003	   +7.416843e+000
+2.656088e+003	   +7.342139e+000
+2.662073e+003	   +7.297961e+000
+2.668072e+003	   +7.271629e+000
+2.674083e+003	   +7.239281e+000
+2.680109e+003	   +7.246944e+000
+2.686148e+003	   +7.190067e+000
+2.692201e+003	   +7.118625e+000
+2.698268e+003	   +6.978452e+000
+2.704348e+003	   +7.048348e+000
+2.710442e+003	   +7.005439e+000
+2.716549e+003	   +7.004288e+000
+2.722671e+003	   +6.997143e+000
+2.728806e+003	   +6.984092e+000
+2.734955e+003	   +6.960980e+000
+2.741118e+003	   +6.907597e+000
+2.747294e+003	   +6.819161e+000
+2.753485e+003	   +6.791299e+000
+2.759689e+003	   +6.783399e+000
+2.765908e+003	   +6.664808e+000
+2.772141e+003	   +6.671209e+000
+2.778387e+003	   +6.641664e+000
+2.784648e+003	   +6.550056e+000
+2.790923e+003	   +6.516338e+000
+2.797212e+003	   +6.468771e+000
+2.803515e+003	   +6.460151e+000
+2.809832e+003	   +6.497055e+000
+2.816164e+003	   +6.497655e+000
+2.822509e+003	   +6.445759e+000
+2.828869e+003	   +6.382446e+000
+2.835244e+003	   +6.272753e+000
+2.841633e+003	   +6.262015e+000
+2.848036e+003	   +6.250164e+000
+2.854454e+003	   +6.184350e+000
+2.860885e+003	   +6.119485e+000
+2.867332e+003	   +6.080933e+000
+2.873793e+003	   +5.992810e+000
+2.880269e+003	   +5.961061e+000
+2.886759e+003	   +6.021400e+000
+2.893264e+003	   +5.988418e+000
+2.899784e+003	   +5.982731e+000
+2.906318e+003	   +6.032309e+000
+2.912867e+003	   +6.061567e+000
+2.919430e+003	   +5.985432e+000
+2.926009e+003	   +6.003856e+000
+2.932602e+003	   +5.946578e+000
+2.939210e+003	   +5.783071e+000
+2.945833e+003	   +5.677773e+000
+2.952472e+003	   +5.663898e+000
+2.959125e+003	   +5.692229e+000
+2.965792e+003	   +5.655211e+000
+2.972476e+003	   +5.691822e+000
+2.979174e+003	   +5.694406e+000
+2.985887e+003	   +5.648970e+000
+2.992615e+003	   +5.669596e+000
+2.999358e+003	   +5.565404e+000
+3.006117e+003	   +5.539233e+000
+3.012891e+003	   +5.374468e+000
+3.019680e+003	   +5.355350e+000
+3.026484e+003	   +5.311448e+000
+3.033304e+003	   +5.325826e+000
+3.040139e+003	   +5.315604e+000
+3.046990e+003	   +5.280812e+000
+3.053855e+003	   +5.250755e+000
+3.060737e+003	   +5.252326e+000
+3.067634e+003	   +5.228691e+000
+3.074546e+003	   +5.279146e+000
+3.081474e+003	   +5.191665e+000
+3.088418e+003	   +5.233119e+000
+3.095377e+003	   +5.167542e+000
+3.102352e+003	   +5.174246e+000
+3.109343e+003	   +5.084465e+000
+3.116349e+003	   +5.068089e+000
+3.123372e+003	   +5.037156e+000
+3.130410e+003	   +4.956577e+000
+3.137464e+003	   +4.984419e+000
+3.144533e+003	   +4.857739e+000
+3.151619e+003	   +4.940758e+000
+3.158721e+003	   +4.858091e+000
+3.165839e+003	   +4.890275e+000
+3.172972e+003	   +4.807174e+000
+3.180122e+003	   +4.831065e+000
+3.187288e+003	   +4.840258e+000
+3.194470e+003	   +4.742372e+000
+3.201668e+003	   +4.691956e+000
+3.208883e+003	   +4.682432e+000
+3.216114e+003	   +4.666794e+000
+3.223361e+003	   +4.567485e+000
+3.230624e+003	   +4.527892e+000
+3.237904e+003	   +4.415282e+000
+3.245200e+003	   +4.353162e+000
+3.252512e+003	   +4.394759e+000
+3.259842e+003	   +4.329352e+000
+3.267187e+003	   +4.336241e+000
+3.274549e+003	   +4.343140e+000
+3.281928e+003	   +4.283689e+000
+3.289323e+003	   +4.231335e+000
+3.296735e+003	   +4.110494e+000
+3.304164e+003	   +4.157130e+000
+3.311609e+003	   +4.136290e+000
+3.319072e+003	   +4.217460e+000
+3.326551e+003	   +4.215536e+000
+3.334046e+003	   +4.181874e+000
+3.341559e+003	   +4.085509e+000
+3.349089e+003	   +3.956820e+000
+3.356636e+003	   +3.939915e+000
+3.364199e+003	   +3.836154e+000
+3.371780e+003	   +3.726648e+000
+3.379378e+003	   +3.698749e+000
+3.386993e+003	   +3.675498e+000
+3.394625e+003	   +3.631166e+000
+3.402274e+003	   +3.656351e+000
+3.409941e+003	   +3.687014e+000
+3.417625e+003	   +3.445058e+000
+3.425326e+003	   +3.512114e+000
+3.433044e+003	   +3.679182e+000
+3.440780e+003	   +3.517435e+000
+3.448533e+003	   +3.752041e+000
+3.456304e+003	   +3.668056e+000
+3.464092e+003	   +3.524016e+000
+3.471898e+003	   +3.638484e+000
+3.479721e+003	   +3.440838e+000
+3.487563e+003	   +3.475006e+000
+3.495421e+003	   +3.551789e+000
+3.503298e+003	   +3.366241e+000
+3.511192e+003	   +3.344732e+000
+3.519104e+003	   +3.247430e+000
+3.527033e+003	   +3.315451e+000
+3.534981e+003	   +3.235597e+000
+3.542947e+003	   +3.200827e+000
+3.550930e+003	   +3.270667e+000
+3.558932e+003	   +3.285324e+000
+3.566951e+003	   +3.341239e+000
+3.574989e+003	   +3.197906e+000
+3.583044e+003	   +3.199722e+000
+3.591118e+003	   +3.117549e+000
+3.599210e+003	   +3.046000e+000
+3.607321e+003	   +2.954153e+000
+3.615449e+003	   +3.016100e+000
+3.623596e+003	   +2.971826e+000
+3.631761e+003	   +2.910014e+000
+3.639945e+003	   +2.896760e+000
+3.648147e+003	   +2.818223e+000
+3.656368e+003	   +2.822755e+000
+3.664607e+003	   +2.856788e+000
+3.672864e+003	   +2.785307e+000
+3.681141e+003	   +2.802288e+000
+3.689436e+003	   +2.815382e+000
+3.697749e+003	   +2.776659e+000
+3.706081e+003	   +2.801841e+000
+3.714433e+003	   +2.817556e+000
+3.722802e+003	   +2.736396e+000
+3.731191e+003	   +2.652595e+000
+3.739599e+003	   +2.614419e+000
+3.748026e+003	   +2.572782e+000
+3.756471e+003	   +2.549514e+000
+3.764936e+003	   +2.520695e+000
+3.773419e+003	   +2.481785e+000
+3.781922e+003	   +2.423678e+000
+3.790444e+003	   +2.388041e+000
+3.798986e+003	   +2.308521e+000
+3.807546e+003	   +2.255886e+000
+3.816126e+003	   +2.223833e+000
+3.824725e+003	   +2.226624e+000
+3.833343e+003	   +2.122478e+000
+3.841981e+003	   +2.143850e+000
+3.850638e+003	   +2.174266e+000
+3.859315e+003	   +2.159981e+000
+3.868012e+003	   +2.141321e+000
+3.876728e+003	   +2.150591e+000
+3.885463e+003	   +2.136056e+000
+3.894219e+003	   +2.181726e+000
+3.902994e+003	   +2.170233e+000
+3.911789e+003	   +2.088315e+000
+3.920603e+003	   +2.125971e+000
+3.929438e+003	   +2.129866e+000
+3.938292e+003	   +2.122608e+000
+3.947167e+003	   +2.044313e+000
+3.956061e+003	   +1.984060e+000
+3.964975e+003	   +1.810544e+000
+3.973910e+003	   +1.848373e+000
+3.982864e+003	   +1.900984e+000
+3.991839e+003	   +1.718145e+000
+4.000834e+003	   +1.765523e+000
+4.009849e+003	   +1.698850e+000
+4.018885e+003	   +1.725957e+000
+4.027941e+003	   +1.726638e+000
+4.037017e+003	   +1.634510e+000
+4.046114e+003	   +1.729215e+000
+4.055231e+003	   +1.588676e+000
+4.064369e+003	   +1.567353e+000
+4.073528e+003	   +1.511393e+000
+4.082707e+003	   +1.460425e+000
+4.091906e+003	   +1.436829e+000
+4.101127e+003	   +1.373966e+000
+4.110368e+003	   +1.371330e+000
+4.119630e+003	   +1.379710e+000
+4.128914e+003	   +1.394164e+000
+4.138217e+003	   +1.244911e+000
+4.147542e+003	   +1.369938e+000
+4.156888e+003	   +1.300279e+000
+4.166255e+003	   +1.237057e+000
+4.175643e+003	   +1.202642e+000
+4.185052e+003	   +1.256441e+000
+4.194482e+003	   +1.338294e+000
+4.203934e+003	   +1.201616e+000
+4.213407e+003	   +1.076050e+000
+4.222901e+003	   +1.078178e+000
+4.232417e+003	   +1.056065e+000
+4.241954e+003	   +1.046669e+000
+4.251513e+003	   +9.770280e-001
+4.261093e+003	   +9.326183e-001
+4.270695e+003	   +9.196851e-001
+4.280318e+003	   +9.838466e-001
+4.289963e+003	   +9.670507e-001
+4.299630e+003	   +9.595758e-001
+4.309318e+003	   +9.216971e-001
+4.319029e+003	   +8.863487e-001
+4.328761e+003	   +8.842083e-001
+4.338516e+003	   +8.612018e-001
+4.348292e+003	   +8.583272e-001
+4.358090e+003	   +8.470996e-001
+4.367910e+003	   +7.419056e-001
+4.377752e+003	   +7.627209e-001
+4.387617e+003	   +6.978450e-001
+4.397504e+003	   +7.047858e-001
+4.407413e+003	   +6.862269e-001
+4.417345e+003	   +5.643948e-001
+4.427298e+003	   +5.751771e-001
+4.437275e+003	   +5.521076e-001
+4.447273e+003	   +5.371535e-001
+4.457295e+003	   +4.966278e-001
+4.467339e+003	   +4.579909e-001
+4.477405e+003	   +4.161702e-001
+4.487494e+003	   +3.958072e-001
+4.497606e+003	   +3.500463e-001
+4.507741e+003	   +2.843820e-001
+4.517898e+003	   +3.300397e-001
+4.528079e+003	   +2.142038e-001
+4.538282e+003	   +2.034354e-001
+4.548508e+003	   +2.250681e-001
+4.558758e+003	   +2.387104e-001
+4.569030e+003	   +1.532536e-001
+4.579326e+003	   +1.568991e-001
+4.589645e+003	   +8.199368e-002
+4.599987e+003	   +1.416811e-001
+4.610353e+003	   +1.002551e-001
+4.620741e+003	   +1.045549e-001
+4.631153e+003	   +4.114080e-002
+4.641589e+003	   -1.508507e-002
+4.652048e+003	   -2.599921e-002
+4.662531e+003	   -9.421015e-002
+4.673037e+003	   -6.118134e-002
+4.683567e+003	   -9.974682e-002
+4.694121e+003	   -1.125418e-001
+4.704698e+003	   -9.347592e-002
+4.715299e+003	   -9.444265e-002
+4.725925e+003	   -1.419194e-001
+4.736574e+003	   -1.817615e-001
+4.747247e+003	   -1.370718e-001
+4.757944e+003	   -1.317230e-001
+4.768666e+003	   -1.762316e-001
+4.779411e+003	   -2.077654e-001
+4.790181e+003	   -2.251500e-001
+4.800975e+003	   -2.427475e-001
+4.811793e+003	   -2.771588e-001
+4.822636e+003	   -3.263212e-001
+4.833503e+003	   -3.558137e-001
+4.844395e+003	   -3.651024e-001
+4.855311e+003	   -3.784284e-001
+4.866251e+003	   -4.227968e-001
+4.877217e+003	   -4.193485e-001
+4.888207e+003	   -4.710065e-001
+4.899222e+003	   -4.804080e-001
+4.910261e+003	   -5.101804e-001
+4.921326e+003	   -5.443540e-001
+4.932415e+003	   -5.810283e-001
+4.943530e+003	   -5.818831e-001
+4.954669e+003	   -6.101074e-001
+4.965834e+003	   -6.296892e-001
+4.977023e+003	   -6.402799e-001
+4.988239e+003	   -7.137085e-001
+4.999479e+003	   -7.799288e-001
+5.010744e+003	   -7.732403e-001
+5.022035e+003	   -8.204871e-001
+5.033352e+003	   -8.050518e-001
+5.044694e+003	   -8.471203e-001
+5.056061e+003	   -8.429935e-001
+5.067454e+003	   -8.852216e-001
+5.078873e+003	   -9.258677e-001
+5.090317e+003	   -9.650003e-001
+5.101788e+003	   -9.932958e-001
+5.113284e+003	   -1.022554e+000
+5.124806e+003	   -1.039610e+000
+5.136354e+003	   -1.064117e+000
+5.147928e+003	   -1.092998e+000
+5.159528e+003	   -1.067553e+000
+5.171154e+003	   -1.101886e+000
+5.182807e+003	   -1.163851e+000
+5.194485e+003	   -1.134737e+000
+5.206190e+003	   -1.159195e+000
+5.217922e+003	   -1.168671e+000
+5.229680e+003	   -1.186740e+000
+5.241464e+003	   -1.211828e+000
+5.253274e+003	   -1.230935e+000
+5.265112e+003	   -1.240854e+000
+5.276976e+003	   -1.229727e+000
+5.288867e+003	   -1.282457e+000
+5.300785e+003	   -1.328022e+000
+5.312729e+003	   -1.335121e+000
+5.324701e+003	   -1.351035e+000
+5.336699e+003	   -1.381155e+000
+5.348725e+003	   -1.426357e+000
+5.360777e+003	   -1.461560e+000
+5.372857e+003	   -1.447675e+000
+5.384964e+003	   -1.476527e+000
+5.397098e+003	   -1.514404e+000
+5.409260e+003	   -1.494459e+000
+5.421449e+003	   -1.557758e+000
+5.433665e+003	   -1.556144e+000
+5.445909e+003	   -1.660824e+000
+5.458181e+003	   -1.664177e+000
+5.470480e+003	   -1.723188e+000
+5.482807e+003	   -1.740634e+000
+5.495161e+003	   -1.727057e+000
+5.507544e+003	   -1.730177e+000
+5.519954e+003	   -1.742267e+000
+5.532393e+003	   -1.754237e+000
+5.544859e+003	   -1.748117e+000
+5.557354e+003	   -1.837536e+000
+5.569876e+003	   -1.845168e+000
+5.582427e+003	   -1.879717e+000
+5.595006e+003	   -1.936964e+000
+5.607614e+003	   -1.975307e+000
+5.620250e+003	   -1.977797e+000
+5.632914e+003	   -2.004692e+000
+5.645607e+003	   -2.020967e+000
+5.658329e+003	   -2.040653e+000
+5.671079e+003	   -2.071194e+000
+5.683858e+003	   -2.058960e+000
+5.696666e+003	   -2.108025e+000
+5.709502e+003	   -2.123652e+000
+5.722368e+003	   -2.116960e+000
+5.735262e+003	   -2.158376e+000
+5.748186e+003	   -2.204691e+000
+5.761138e+003	   -2.164749e+000
+5.774120e+003	   -2.227967e+000
+5.787131e+003	   -2.197427e+000
+5.800172e+003	   -2.335836e+000
+5.813242e+003	   -2.313728e+000
+5.826341e+003	   -2.336920e+000
+5.839470e+003	   -2.361022e+000
+5.852628e+003	   -2.283177e+000
+5.865816e+003	   -2.388998e+000
+5.879034e+003	   -2.388067e+000
+5.892281e+003	   -2.421910e+000
+5.905559e+003	   -2.467456e+000
+5.918866e+003	   -2.485008e+000
+5.932204e+003	   -2.517107e+000
+5.945571e+003	   -2.567118e+000
+5.958968e+003	   -2.649601e+000
+5.972396e+003	   -2.615829e+000
+5.985854e+003	   -2.601132e+000
+5.999342e+003	   -2.609975e+000
+6.012860e+003	   -2.664288e+000
+6.026410e+003	   -2.672153e+000
+6.039989e+003	   -2.677468e+000
+6.053600e+003	   -2.693451e+000
+6.067240e+003	   -2.741446e+000
+6.080912e+003	   -2.784806e+000
+6.094614e+003	   -2.746603e+000
+6.108348e+003	   -2.754950e+000
+6.122112e+003	   -2.809677e+000
+6.135907e+003	   -2.784671e+000
+6.149733e+003	   -2.864783e+000
+6.163591e+003	   -2.842278e+000
+6.177480e+003	   -2.819313e+000
+6.191400e+003	   -2.857813e+000
+6.205351e+003	   -2.851182e+000
+6.219334e+003	   -2.854522e+000
+6.233349e+003	   -2.910674e+000
+6.247395e+003	   -2.931755e+000
+6.261472e+003	   -2.912430e+000
+6.275581e+003	   -2.921723e+000
+6.289722e+003	   -2.926331e+000
+6.303896e+003	   -2.966569e+000
+6.318100e+003	   -2.957878e+000
+6.332337e+003	   -2.960677e+000
+6.346606e+003	   -3.039002e+000
+6.360907e+003	   -3.176296e+000
+6.375241e+003	   -3.086605e+000
+6.389606e+003	   -3.148910e+000
+6.404004e+003	   -3.093783e+000
+6.418435e+003	   -3.161541e+000
+6.432898e+003	   -3.161619e+000
+6.447393e+003	   -3.228233e+000
+6.461921e+003	   -3.232868e+000
+6.476482e+003	   -3.233544e+000
+6.491076e+003	   -3.288084e+000
+6.505703e+003	   -3.241300e+000
+6.520363e+003	   -3.278233e+000
+6.535055e+003	   -3.231007e+000
+6.549781e+003	   -3.261865e+000
+6.564540e+003	   -3.264500e+000
+6.579332e+003	   -3.293153e+000
+6.594158e+003	   -3.320182e+000
+6.609017e+003	   -3.350373e+000
+6.623909e+003	   -3.375414e+000
+6.638835e+003	   -3.409403e+000
+6.653795e+003	   -3.471989e+000
+6.668788e+003	   -3.441519e+000
+6.683815e+003	   -3.526680e+000
+6.698876e+003	   -3.518564e+000
+6.713971e+003	   -3.566552e+000
+6.729100e+003	   -3.599908e+000
+6.744263e+003	   -3.654039e+000
+6.759460e+003	   -3.684768e+000
+6.774692e+003	   -3.689113e+000
+6.789958e+003	   -3.698192e+000
+6.805258e+003	   -3.783699e+000
+6.820592e+003	   -3.691520e+000
+6.835961e+003	   -3.731663e+000
+6.851365e+003	   -3.793178e+000
+6.866804e+003	   -3.793247e+000
+6.882277e+003	   -3.769079e+000
+6.897785e+003	   -3.804361e+000
+6.913329e+003	   -3.839070e+000
+6.928907e+003	   -3.836590e+000
+6.944520e+003	   -3.853739e+000
+6.960168e+003	   -3.825263e+000
+6.975852e+003	   -3.846269e+000
+6.991571e+003	   -3.889354e+000
+7.007326e+003	   -3.939577e+000
+7.023116e+003	   -3.944657e+000
+7.038941e+003	   -3.944226e+000
+7.054802e+003	   -3.939798e+000
+7.070699e+003	   -4.003167e+000
+7.086632e+003	   -4.015530e+000
+7.102601e+003	   -4.055017e+000
+7.118605e+003	   -4.079132e+000
+7.134646e+003	   -4.106252e+000
+7.150723e+003	   -4.115148e+000
+7.166836e+003	   -4.159386e+000
+7.182985e+003	   -4.199889e+000
+7.199171e+003	   -4.121322e+000
+7.215394e+003	   -4.235237e+000
+7.231652e+003	   -4.183811e+000
+7.247948e+003	   -4.217304e+000
+7.264280e+003	   -4.179571e+000
+7.280649e+003	   -4.284719e+000
+7.297055e+003	   -4.233058e+000
+7.313498e+003	   -4.219508e+000
+7.329978e+003	   -4.287357e+000
+7.346495e+003	   -4.315888e+000
+7.363049e+003	   -4.350914e+000
+7.379640e+003	   -4.350771e+000
+7.396269e+003	   -4.408066e+000
+7.412936e+003	   -4.398029e+000
+7.429640e+003	   -4.434913e+000
+7.446381e+003	   -4.522872e+000
+7.463161e+003	   -4.493248e+000
+7.479978e+003	   -4.545437e+000
+7.496833e+003	   -4.560078e+000
+7.513726e+003	   -4.591410e+000
+7.530657e+003	   -4.624558e+000
+7.547626e+003	   -4.651042e+000
+7.564633e+003	   -4.636006e+000
+7.581679e+003	   -4.659896e+000
+7.598763e+003	   -4.657751e+000
+7.615886e+003	   -4.690657e+000
+7.633047e+003	   -4.716401e+000
+7.650247e+003	   -4.746204e+000
+7.667486e+003	   -4.775567e+000
+7.684763e+003	   -4.860565e+000
+7.702080e+003	   -4.876458e+000
+7.719436e+003	   -4.859793e+000
+7.736830e+003	   -4.940097e+000
+7.754264e+003	   -4.936210e+000
+7.771737e+003	   -4.989041e+000
+7.789249e+003	   -5.029686e+000
+7.806801e+003	   -5.013544e+000
+7.824393e+003	   -4.994448e+000
+7.842024e+003	   -4.971135e+000
+7.859694e+003	   -4.907764e+000
+7.877405e+003	   -4.967238e+000
+7.895156e+003	   -5.043128e+000
+7.912946e+003	   -5.052366e+000
+7.930777e+003	   -5.046788e+000
+7.948648e+003	   -5.126893e+000
+7.966559e+003	   -5.058522e+000
+7.984510e+003	   -5.125602e+000
+8.002502e+003	   -5.116216e+000
+8.020535e+003	   -5.085961e+000
+8.038608e+003	   -5.142600e+000
+8.056722e+003	   -5.155111e+000
+8.074876e+003	   -5.204837e+000
+8.093072e+003	   -5.183295e+000
+8.111308e+003	   -5.180418e+000
+8.129586e+003	   -5.186929e+000
+8.147905e+003	   -5.208763e+000
+8.166265e+003	   -5.190719e+000
+8.184667e+003	   -5.233841e+000
+8.203109e+003	   -5.223240e+000
+8.221594e+003	   -5.212313e+000
+8.240120e+003	   -5.269863e+000
+8.258688e+003	   -5.191361e+000
+8.277298e+003	   -5.259182e+000
+8.295949e+003	   -5.325407e+000
+8.314643e+003	   -5.364025e+000
+8.333379e+003	   -5.430230e+000
+8.352156e+003	   -5.487495e+000
+8.370977e+003	   -5.509691e+000
+8.389840e+003	   -5.568919e+000
+8.408745e+003	   -5.624422e+000
+8.427692e+003	   -5.654109e+000
+8.446684e+003	   -5.721327e+000
+8.465717e+003	   -5.712829e+000
+8.484793e+003	   -5.645911e+000
+8.503912e+003	   -5.695971e+000
+8.523074e+003	   -5.710635e+000
+8.542280e+003	   -5.680924e+000
+8.561528e+003	   -5.653307e+000
+8.580821e+003	   -5.691226e+000
+8.600156e+003	   -5.727935e+000
+8.619536e+003	   -5.776325e+000
+8.638959e+003	   -5.761460e+000
+8.658425e+003	   -5.781581e+000
+8.677936e+003	   -5.778486e+000
+8.697490e+003	   -5.780924e+000
+8.717089e+003	   -5.877828e+000
+8.736731e+003	   -5.867583e+000
+8.756418e+003	   -5.843986e+000
+8.776149e+003	   -5.881850e+000
+8.795925e+003	   -5.919125e+000
+8.815745e+003	   -5.976708e+000
+8.835610e+003	   -5.969238e+000
+8.855521e+003	   -5.980852e+000
+8.875475e+003	   -5.984914e+000
+8.895475e+003	   -5.999299e+000
+8.915519e+003	   -5.989699e+000
+8.935608e+003	   -6.007874e+000
+8.955744e+003	   -6.025109e+000
+8.975924e+003	   -6.078292e+000
+8.996150e+003	   -6.035874e+000
+9.016422e+003	   -6.053270e+000
+9.036739e+003	   -6.108931e+000
+9.057102e+003	   -6.052527e+000
+9.077511e+003	   -6.083711e+000
+9.097966e+003	   -6.107337e+000
+9.118467e+003	   -6.128126e+000
+9.139014e+003	   -6.089770e+000
+9.159606e+003	   -6.171852e+000
+9.180247e+003	   -6.213196e+000
+9.200933e+003	   -6.178807e+000
+9.221666e+003	   -6.232887e+000
+9.242445e+003	   -6.252355e+000
+9.263272e+003	   -6.310128e+000
+9.284146e+003	   -6.306809e+000
+9.305065e+003	   -6.333665e+000
+9.326033e+003	   -6.343143e+000
+9.347048e+003	   -6.369158e+000
+9.368110e+003	   -6.328330e+000
+9.389220e+003	   -6.412413e+000
+9.410377e+003	   -6.368978e+000
+9.431582e+003	   -6.443127e+000
+9.452835e+003	   -6.439380e+000
+9.474136e+003	   -6.487108e+000
+9.495484e+003	   -6.477581e+000
+9.516881e+003	   -6.479629e+000
+9.538325e+003	   -6.504374e+000
+9.559818e+003	   -6.541773e+000
+9.581360e+003	   -6.536820e+000
+9.602950e+003	   -6.581496e+000
+9.624590e+003	   -6.612643e+000
+9.646277e+003	   -6.644670e+000
+9.668014e+003	   -6.667326e+000
+9.689799e+003	   -6.695795e+000
+9.711634e+003	   -6.738959e+000
+9.733517e+003	   -6.764726e+000
+9.755450e+003	   -6.742420e+000
+9.777433e+003	   -6.750166e+000
+9.799465e+003	   -6.761479e+000
+9.821546e+003	   -6.731766e+000
+9.843678e+003	   -6.780985e+000
+9.865858e+003	   -6.760044e+000
+9.888090e+003	   -6.735785e+000
+9.910371e+003	   -6.751108e+000
+9.932703e+003	   -6.747658e+000
+9.955085e+003	   -6.793774e+000
+9.977518e+003	   -6.790493e+000
+1.000000e+004	   -6.843452e+000
+1.002253e+004	   -6.807182e+000
+1.004512e+004	   -6.881588e+000
+1.006775e+004	   -6.924485e+000
+1.009044e+004	   -7.014740e+000
+1.011318e+004	   -7.032514e+000
+1.013596e+004	   -7.179082e+000
+1.015880e+004	   -7.260611e+000
+1.018170e+004	   -7.230475e+000
+1.020464e+004	   -7.263164e+000
+1.022763e+004	   -7.223876e+000
+1.025068e+004	   -7.196751e+000
+1.027378e+004	   -7.157267e+000
+1.029693e+004	   -7.144976e+000
+1.032013e+004	   -7.158188e+000
+1.034339e+004	   -7.243263e+000
+1.036669e+004	   -7.213292e+000
+1.039005e+004	   -7.215045e+000
+1.041347e+004	   -7.240758e+000
+1.043693e+004	   -7.314304e+000
+1.046045e+004	   -7.321428e+000
+1.048402e+004	   -7.347233e+000
+1.050764e+004	   -7.404482e+000
+1.053132e+004	   -7.388543e+000
+1.055505e+004	   -7.375539e+000
+1.057884e+004	   -7.355672e+000
+1.060267e+004	   -7.381571e+000
+1.062657e+004	   -7.411524e+000
+1.065051e+004	   -7.365557e+000
+1.067451e+004	   -7.378197e+000
+1.069856e+004	   -7.425594e+000
+1.072267e+004	   -7.482418e+000
+1.074683e+004	   -7.450089e+000
+1.077105e+004	   -7.506116e+000
+1.079532e+004	   -7.554572e+000
+1.081965e+004	   -7.565544e+000
+1.084403e+004	   -7.608447e+000
+1.086846e+004	   -7.609146e+000
+1.089295e+004	   -7.604149e+000
+1.091750e+004	   -7.581445e+000
+1.094210e+004	   -7.599845e+000
+1.096676e+004	   -7.565058e+000
+1.099147e+004	   -7.606476e+000
+1.101624e+004	   -7.600087e+000
+1.104106e+004	   -7.647300e+000
+1.106594e+004	   -7.672572e+000
+1.109087e+004	   -7.790281e+000
+1.111587e+004	   -7.792169e+000
+1.114091e+004	   -7.772653e+000
+1.116602e+004	   -7.794831e+000
+1.119118e+004	   -7.827622e+000
+1.121640e+004	   -7.821364e+000
+1.124167e+004	   -7.868161e+000
+1.126700e+004	   -7.884061e+000
+1.129239e+004	   -7.887569e+000
+1.131784e+004	   -7.923922e+000
+1.134334e+004	   -7.983401e+000
+1.136890e+004	   -7.996709e+000
+1.139452e+004	   -8.033288e+000
+1.142019e+004	   -8.045204e+000
+1.144593e+004	   -8.046510e+000
+1.147172e+004	   -8.038219e+000
+1.149757e+004	   -8.062394e+000
+1.152348e+004	   -8.085951e+000
+1.154944e+004	   -8.071696e+000
+1.157547e+004	   -8.136147e+000
+1.160155e+004	   -8.129615e+000
+1.162770e+004	   -8.087004e+000
+1.165390e+004	   -8.072260e+000
+1.168016e+004	   -8.072583e+000
+1.170648e+004	   -8.103014e+000
+1.173286e+004	   -8.135722e+000
+1.175929e+004	   -8.095206e+000
+1.178579e+004	   -8.070539e+000
+1.181235e+004	   -8.139565e+000
+1.183897e+004	   -8.155499e+000
+1.186564e+004	   -8.217300e+000
+1.189238e+004	   -8.269856e+000
+1.191918e+004	   -8.299513e+000
+1.194604e+004	   -8.330970e+000
+1.197296e+004	   -8.334998e+000
+1.199993e+004	   -8.359101e+000
+1.202697e+004	   -8.390398e+000
+1.205408e+004	   -8.397593e+000
+1.208124e+004	   -8.422645e+000
+1.210846e+004	   -8.415240e+000
+1.213575e+004	   -8.470745e+000
+1.216309e+004	   -8.445561e+000
+1.219050e+004	   -8.485019e+000
+1.221797e+004	   -8.489688e+000
+1.224550e+004	   -8.486910e+000
+1.227309e+004	   -8.529294e+000
+1.230075e+004	   -8.544791e+000
+1.232847e+004	   -8.544586e+000
+1.235625e+004	   -8.537354e+000
+1.238409e+004	   -8.505513e+000
+1.241200e+004	   -8.504978e+000
+1.243996e+004	   -8.515089e+000
+1.246800e+004	   -8.569606e+000
+1.249609e+004	   -8.571901e+000
+1.252425e+004	   -8.566686e+000
+1.255247e+004	   -8.603124e+000
+1.258076e+004	   -8.665044e+000
+1.260911e+004	   -8.690444e+000
+1.263752e+004	   -8.708101e+000
+1.266599e+004	   -8.743934e+000
+1.269454e+004	   -8.778526e+000
+1.272314e+004	   -8.780451e+000
+1.275181e+004	   -8.785450e+000
+1.278054e+004	   -8.794619e+000
+1.280934e+004	   -8.800714e+000
+1.283821e+004	   -8.760350e+000
+1.286714e+004	   -8.821284e+000
+1.289613e+004	   -8.816516e+000
+1.292519e+004	   -8.835317e+000
+1.295432e+004	   -8.908009e+000
+1.298351e+004	   -8.901858e+000
+1.301276e+004	   -8.906312e+000
+1.304208e+004	   -8.925043e+000
+1.307147e+004	   -8.891383e+000
+1.310093e+004	   -8.980415e+000
+1.313045e+004	   -9.010837e+000
+1.316004e+004	   -8.999237e+000
+1.318969e+004	   -8.997114e+000
+1.321941e+004	   -8.961255e+000
+1.324920e+004	   -8.972125e+000
+1.327905e+004	   -9.044522e+000
+1.330898e+004	   -9.085085e+000
+1.333897e+004	   -9.170098e+000
+1.336902e+004	   -9.177356e+000
+1.339915e+004	   -9.191668e+000
+1.342934e+004	   -9.228145e+000
+1.345960e+004	   -9.230763e+000
+1.348993e+004	   -9.259062e+000
+1.352033e+004	   -9.297068e+000
+1.355080e+004	   -9.294877e+000
+1.358133e+004	   -9.321805e+000
+1.361193e+004	   -9.335392e+000
+1.364261e+004	   -9.349771e+000
+1.367335e+004	   -9.368404e+000
+1.370416e+004	   -9.355709e+000
+1.373504e+004	   -9.380684e+000
+1.376599e+004	   -9.409631e+000
+1.379701e+004	   -9.425935e+000
+1.382810e+004	   -9.459602e+000
+1.385926e+004	   -9.481985e+000
+1.389049e+004	   -9.439622e+000
+1.392179e+004	   -9.447891e+000
+1.395316e+004	   -9.463125e+000
+1.398460e+004	   -9.472986e+000
+1.401611e+004	   -9.459661e+000
+1.404770e+004	   -9.476976e+000
+1.407935e+004	   -9.540861e+000
+1.411108e+004	   -9.534924e+000
+1.414287e+004	   -9.566895e+000
+1.417474e+004	   -9.571598e+000
+1.420668e+004	   -9.653527e+000
+1.423870e+004	   -9.649493e+000
+1.427078e+004	   -9.627893e+000
+1.430294e+004	   -9.672782e+000
+1.433517e+004	   -9.690286e+000
+1.436747e+004	   -9.682049e+000
+1.439984e+004	   -9.712203e+000
+1.443229e+004	   -9.732254e+000
+1.446481e+004	   -9.774548e+000
+1.449741e+004	   -9.801716e+000
+1.453007e+004	   -9.800656e+000
+1.456282e+004	   -9.773074e+000
+1.459563e+004	   -9.789519e+000
+1.462852e+004	   -9.827987e+000
+1.466148e+004	   -9.822497e+000
+1.469452e+004	   -9.821023e+000
+1.472763e+004	   -9.840612e+000
+1.476082e+004	   -9.858946e+000
+1.479408e+004	   -9.853212e+000
+1.482742e+004	   -9.862159e+000
+1.486083e+004	   -9.901425e+000
+1.489431e+004	   -9.977539e+000
+1.492788e+004	   -9.966277e+000
+1.496151e+004	   -9.972428e+000
+1.499523e+004	   -1.003173e+001
+1.502902e+004	   -9.986855e+000
+1.506288e+004	   -1.003432e+001
+1.509683e+004	   -1.005989e+001
+1.513084e+004	   -1.002237e+001
+1.516494e+004	   -1.010509e+001
+1.519911e+004	   -1.012453e+001
+1.523336e+004	   -1.011796e+001
+1.526769e+004	   -1.014627e+001
+1.530209e+004	   -1.018944e+001
+1.533657e+004	   -1.020428e+001
+1.537113e+004	   -1.014603e+001
+1.540577e+004	   -1.016949e+001
+1.544048e+004	   -1.024524e+001
+1.547527e+004	   -1.025633e+001
+1.551014e+004	   -1.026343e+001
+1.554509e+004	   -1.028766e+001
+1.558012e+004	   -1.031541e+001
+1.561523e+004	   -1.031810e+001
+1.565042e+004	   -1.029337e+001
+1.568568e+004	   -1.031128e+001
+1.572103e+004	   -1.033069e+001
+1.575645e+004	   -1.032358e+001
+1.579196e+004	   -1.033175e+001
+1.582754e+004	   -1.035455e+001
+1.586321e+004	   -1.033010e+001
+1.589895e+004	   -1.034658e+001
+1.593478e+004	   -1.036213e+001
+1.597069e+004	   -1.043312e+001
+1.600667e+004	   -1.040587e+001
+1.604274e+004	   -1.040111e+001
+1.607889e+004	   -1.046634e+001
+1.611512e+004	   -1.052224e+001
+1.615144e+004	   -1.056791e+001
+1.618783e+004	   -1.058195e+001
+1.622431e+004	   -1.061984e+001
+1.626087e+004	   -1.067166e+001
+1.629751e+004	   -1.069328e+001
+1.633423e+004	   -1.066884e+001
+1.637104e+004	   -1.072529e+001
+1.640793e+004	   -1.074995e+001
+1.644490e+004	   -1.075673e+001
+1.648196e+004	   -1.076017e+001
+1.651910e+004	   -1.077952e+001
+1.655632e+004	   -1.078030e+001
+1.659363e+004	   -1.082711e+001
+1.663102e+004	   -1.086030e+001
+1.666849e+004	   -1.088463e+001
+1.670605e+004	   -1.086124e+001
+1.674370e+004	   -1.090909e+001
+1.678143e+004	   -1.096262e+001
+1.681924e+004	   -1.099700e+001
+1.685714e+004	   -1.102804e+001
+1.689513e+004	   -1.108821e+001
+1.693320e+004	   -1.107582e+001
+1.697136e+004	   -1.106607e+001
+1.700960e+004	   -1.104695e+001
+1.704793e+004	   -1.113513e+001
+1.708634e+004	   -1.113658e+001
+1.712484e+004	   -1.116692e+001
+1.716343e+004	   -1.115447e+001
+1.720211e+004	   -1.114600e+001
+1.724087e+004	   -1.118816e+001
+1.727972e+004	   -1.118780e+001
+1.731866e+004	   -1.122890e+001
+1.735768e+004	   -1.123028e+001
+1.739679e+004	   -1.126356e+001
+1.743599e+004	   -1.126868e+001
+1.747528e+004	   -1.122417e+001
+1.751466e+004	   -1.127730e+001
+1.755413e+004	   -1.132021e+001
+1.759368e+004	   -1.122926e+001
+1.763333e+004	   -1.126671e+001
+1.767306e+004	   -1.129974e+001
+1.771289e+004	   -1.132788e+001
+1.775280e+004	   -1.134922e+001
+1.779280e+004	   -1.136331e+001
+1.783290e+004	   -1.142052e+001
+1.787308e+004	   -1.146584e+001
+1.791336e+004	   -1.155828e+001
+1.795372e+004	   -1.158302e+001
+1.799418e+004	   -1.166294e+001
+1.803472e+004	   -1.162725e+001
+1.807536e+004	   -1.161150e+001
+1.811609e+004	   -1.158458e+001
+1.815691e+004	   -1.160701e+001
+1.819783e+004	   -1.160100e+001
+1.823883e+004	   -1.158024e+001
+1.827993e+004	   -1.158692e+001
+1.832112e+004	   -1.159721e+001
+1.836241e+004	   -1.157517e+001
+1.840379e+004	   -1.163604e+001
+1.844525e+004	   -1.161825e+001
+1.848682e+004	   -1.158024e+001
+1.852847e+004	   -1.153802e+001
+1.857023e+004	   -1.151000e+001
+1.861207e+004	   -1.157539e+001
+1.865401e+004	   -1.155595e+001
+1.869604e+004	   -1.161412e+001
+1.873817e+004	   -1.162086e+001
+1.878040e+004	   -1.166814e+001
+1.882272e+004	   -1.165331e+001
+1.886513e+004	   -1.179554e+001
+1.890764e+004	   -1.178702e+001
+1.895025e+004	   -1.193561e+001
+1.899295e+004	   -1.193314e+001
+1.903575e+004	   -1.204776e+001
+1.907864e+004	   -1.196597e+001
+1.912163e+004	   -1.208247e+001
+1.916472e+004	   -1.211796e+001
+1.920790e+004	   -1.215259e+001
+1.925119e+004	   -1.206404e+001
+1.929456e+004	   -1.203520e+001
+1.933804e+004	   -1.202797e+001
+1.938162e+004	   -1.211890e+001
+1.942529e+004	   -1.196811e+001
+1.946906e+004	   -1.200932e+001
+1.951293e+004	   -1.198354e+001
+1.955690e+004	   -1.206782e+001
+1.960097e+004	   -1.208689e+001
+1.964514e+004	   -1.213639e+001
+1.968941e+004	   -1.219466e+001
+1.973378e+004	   -1.215873e+001
+1.977824e+004	   -1.223132e+001
+1.982281e+004	   -1.222070e+001
+1.986748e+004	   -1.224409e+001
+1.991225e+004	   -1.230954e+001
+1.995712e+004	   -1.231444e+001
+2.000209e+004	   -1.239158e+001
+2.004716e+004	   -1.242481e+001
+2.009233e+004	   -1.241860e+001
+2.013761e+004	   -1.245437e+001
+2.018298e+004	   -1.247147e+001
+2.022846e+004	   -1.248356e+001
+2.027404e+004	   -1.249273e+001
+2.031973e+004	   -1.249738e+001
+2.036552e+004	   -1.254119e+001
+2.041141e+004	   -1.255890e+001
+2.045740e+004	   -1.256459e+001
+2.050350e+004	   -1.264209e+001
+2.054970e+004	   -1.267855e+001
+2.059601e+004	   -1.272464e+001
+2.064242e+004	   -1.276610e+001
+2.068893e+004	   -1.282861e+001
+2.073555e+004	   -1.289887e+001
+2.078227e+004	   -1.293874e+001
+2.082910e+004	   -1.294525e+001
+2.087604e+004	   -1.299736e+001
+2.092308e+004	   -1.300785e+001
+2.097023e+004	   -1.300137e+001
+2.101748e+004	   -1.304191e+001
+2.106484e+004	   -1.303307e+001
+2.111231e+004	   -1.301582e+001
+2.115988e+004	   -1.302633e+001
+2.120756e+004	   -1.301711e+001
+2.125535e+004	   -1.297513e+001
+2.130324e+004	   -1.300456e+001
+2.135125e+004	   -1.299543e+001
+2.139936e+004	   -1.300645e+001
+2.144758e+004	   -1.295879e+001
+2.149591e+004	   -1.302057e+001
+2.154435e+004	   -1.303987e+001
+2.159289e+004	   -1.304619e+001
+2.164155e+004	   -1.306927e+001
+2.169032e+004	   -1.315085e+001
+2.173919e+004	   -1.317255e+001
+2.178818e+004	   -1.323253e+001
+2.183728e+004	   -1.322739e+001
+2.188648e+004	   -1.318256e+001
+2.193580e+004	   -1.322976e+001
+2.198523e+004	   -1.320931e+001
+2.203477e+004	   -1.327842e+001
+2.208442e+004	   -1.331223e+001
+2.213419e+004	   -1.330103e+001
+2.218406e+004	   -1.334393e+001
+2.223405e+004	   -1.333938e+001
+2.228415e+004	   -1.338017e+001
+2.233437e+004	   -1.339886e+001
+2.238469e+004	   -1.342475e+001
+2.243513e+004	   -1.346810e+001
+2.248569e+004	   -1.352413e+001
+2.253636e+004	   -1.350552e+001
+2.258714e+004	   -1.347959e+001
+2.263803e+004	   -1.357901e+001
+2.268904e+004	   -1.360609e+001
+2.274017e+004	   -1.362081e+001
+2.279141e+004	   -1.361827e+001
+2.284277e+004	   -1.367060e+001
+2.289424e+004	   -1.368885e+001
+2.294583e+004	   -1.367227e+001
+2.299754e+004	   -1.367976e+001
+2.304936e+004	   -1.367100e+001
+2.310130e+004	   -1.370844e+001
+2.315335e+004	   -1.370718e+001
+2.320553e+004	   -1.370862e+001
+2.325781e+004	   -1.375807e+001
+2.331022e+004	   -1.378660e+001
+2.336275e+004	   -1.381946e+001
+2.341539e+004	   -1.385608e+001
+2.346816e+004	   -1.393261e+001
+2.352104e+004	   -1.394377e+001
+2.357404e+004	   -1.398292e+001
+2.362716e+004	   -1.398067e+001
+2.368040e+004	   -1.397277e+001
+2.373376e+004	   -1.403141e+001
+2.378724e+004	   -1.405317e+001
+2.384084e+004	   -1.408732e+001
+2.389456e+004	   -1.406701e+001
+2.394841e+004	   -1.409645e+001
+2.400237e+004	   -1.406156e+001
+2.405646e+004	   -1.413011e+001
+2.411066e+004	   -1.417802e+001
+2.416499e+004	   -1.416097e+001
+2.421945e+004	   -1.418482e+001
+2.427402e+004	   -1.419111e+001
+2.432872e+004	   -1.426632e+001
+2.438354e+004	   -1.430754e+001
+2.443849e+004	   -1.433843e+001
+2.449355e+004	   -1.439289e+001
+2.454875e+004	   -1.441617e+001
+2.460406e+004	   -1.438761e+001
+2.465951e+004	   -1.445170e+001
+2.471507e+004	   -1.456422e+001
+2.477076e+004	   -1.455174e+001
+2.482658e+004	   -1.456295e+001
+2.488252e+004	   -1.459022e+001
+2.493859e+004	   -1.467262e+001
+2.499479e+004	   -1.463687e+001
+2.505111e+004	   -1.463864e+001
+2.510756e+004	   -1.471212e+001
+2.516413e+004	   -1.463521e+001
+2.522084e+004	   -1.465351e+001
+2.527767e+004	   -1.463863e+001
+2.533463e+004	   -1.470569e+001
+2.539172e+004	   -1.475062e+001
+2.544893e+004	   -1.475977e+001
+2.550628e+004	   -1.483542e+001
+2.556375e+004	   -1.482716e+001
+2.562136e+004	   -1.488229e+001
+2.567909e+004	   -1.486432e+001
+2.573696e+004	   -1.490939e+001
+2.579495e+004	   -1.495371e+001
+2.585308e+004	   -1.498715e+001
+2.591133e+004	   -1.493161e+001
+2.596972e+004	   -1.506962e+001
+2.602824e+004	   -1.507243e+001
+2.608689e+004	   -1.515562e+001
+2.614567e+004	   -1.513914e+001
+2.620459e+004	   -1.513661e+001
+2.626363e+004	   -1.518275e+001
+2.632282e+004	   -1.516017e+001
+2.638213e+004	   -1.518805e+001
+2.644158e+004	   -1.525931e+001
+2.650116e+004	   -1.525895e+001
+2.656088e+004	   -1.527677e+001
+2.662073e+004	   -1.527975e+001
+2.668071e+004	   -1.533100e+001
+2.674084e+004	   -1.532997e+001
+2.680109e+004	   -1.526181e+001
+2.686148e+004	   -1.533279e+001
+2.692201e+004	   -1.541270e+001
+2.698268e+004	   -1.539438e+001
+2.704348e+004	   -1.538441e+001
+2.710442e+004	   -1.547512e+001
+2.716549e+004	   -1.546838e+001
+2.722671e+004	   -1.548933e+001
+2.728806e+004	   -1.549982e+001
+2.734955e+004	   -1.554158e+001
+2.741118e+004	   -1.555930e+001
+2.747294e+004	   -1.562829e+001
+2.753485e+004	   -1.569213e+001
+2.759689e+004	   -1.575924e+001
+2.765908e+004	   -1.582745e+001
+2.772141e+004	   -1.581344e+001
+2.778387e+004	   -1.586189e+001
+2.784648e+004	   -1.589723e+001
+2.790923e+004	   -1.581085e+001
+2.797212e+004	   -1.577474e+001
+2.803515e+004	   -1.586170e+001
+2.809832e+004	   -1.576918e+001
+2.816163e+004	   -1.575902e+001
+2.822509e+004	   -1.569063e+001
+2.828870e+004	   -1.572862e+001
+2.835244e+004	   -1.574510e+001
+2.841633e+004	   -1.572339e+001
+2.848036e+004	   -1.564543e+001
+2.854454e+004	   -1.572089e+001
+2.860886e+004	   -1.582481e+001
+2.867332e+004	   -1.573693e+001
+2.873793e+004	   -1.581641e+001
+2.880269e+004	   -1.596427e+001
+2.886759e+004	   -1.590640e+001
+2.893264e+004	   -1.609513e+001
+2.899784e+004	   -1.626320e+001
+2.906318e+004	   -1.629469e+001
+2.912867e+004	   -1.633866e+001
+2.919430e+004	   -1.631018e+001
+2.926009e+004	   -1.633121e+001
+2.932602e+004	   -1.647212e+001
+2.939211e+004	   -1.629767e+001
+2.945834e+004	   -1.634523e+001
+2.952472e+004	   -1.631551e+001
+2.959125e+004	   -1.633969e+001
+2.965793e+004	   -1.626040e+001
+2.972475e+004	   -1.626917e+001
+2.979173e+004	   -1.638234e+001
+2.985887e+004	   -1.632491e+001
+2.992615e+004	   -1.632863e+001
+2.999358e+004	   -1.638564e+001
+3.006117e+004	   -1.646366e+001
+3.012891e+004	   -1.639982e+001
+3.019680e+004	   -1.646687e+001
+3.026484e+004	   -1.649442e+001
+3.033304e+004	   -1.655658e+001
+3.040139e+004	   -1.660201e+001
+3.046990e+004	   -1.655407e+001
+3.053855e+004	   -1.671536e+001
+3.060737e+004	   -1.672148e+001
+3.067634e+004	   -1.670774e+001
+3.074546e+004	   -1.679811e+001
+3.081474e+004	   -1.668845e+001
+3.088418e+004	   -1.679609e+001
+3.095377e+004	   -1.679759e+001
+3.102352e+004	   -1.679929e+001
+3.109343e+004	   -1.673648e+001
+3.116349e+004	   -1.676240e+001
+3.123372e+004	   -1.676707e+001
+3.130410e+004	   -1.681292e+001
+3.137463e+004	   -1.686008e+001
+3.144533e+004	   -1.686583e+001
+3.151619e+004	   -1.691352e+001
+3.158721e+004	   -1.696961e+001
+3.165838e+004	   -1.705616e+001
+3.172972e+004	   -1.699143e+001
+3.180122e+004	   -1.706687e+001
+3.187288e+004	   -1.707898e+001
+3.194470e+004	   -1.709205e+001
+3.201668e+004	   -1.710145e+001
+3.208883e+004	   -1.715302e+001
+3.216114e+004	   -1.716138e+001
+3.223361e+004	   -1.707689e+001
+3.230624e+004	   -1.700876e+001
+3.237904e+004	   -1.703777e+001
+3.245200e+004	   -1.712863e+001
+3.252513e+004	   -1.710476e+001
+3.259841e+004	   -1.706501e+001
+3.267187e+004	   -1.724395e+001
+3.274549e+004	   -1.730896e+001
+3.281928e+004	   -1.732922e+001
+3.289323e+004	   -1.748751e+001
+3.296735e+004	   -1.762546e+001
+3.304164e+004	   -1.774464e+001
+3.311609e+004	   -1.764830e+001
+3.319071e+004	   -1.779820e+001
+3.326551e+004	   -1.780469e+001
+3.334046e+004	   -1.762897e+001
+3.341559e+004	   -1.751879e+001
+3.349089e+004	   -1.757376e+001
+3.356636e+004	   -1.744392e+001
+3.364199e+004	   -1.739877e+001
+3.371780e+004	   -1.744640e+001
+3.379378e+004	   -1.745469e+001
+3.386993e+004	   -1.751003e+001
+3.394625e+004	   -1.751781e+001
+3.402274e+004	   -1.752908e+001
+3.409941e+004	   -1.761171e+001
+3.417625e+004	   -1.762079e+001
+3.425325e+004	   -1.764266e+001
+3.433044e+004	   -1.764745e+001
+3.440780e+004	   -1.763588e+001
+3.448533e+004	   -1.771530e+001
+3.456304e+004	   -1.770166e+001
+3.464092e+004	   -1.769711e+001
+3.471898e+004	   -1.775201e+001
+3.479721e+004	   -1.766558e+001
+3.487563e+004	   -1.774741e+001
+3.495421e+004	   -1.779486e+001
+3.503298e+004	   -1.788192e+001
+3.511192e+004	   -1.786586e+001
+3.519104e+004	   -1.791082e+001
+3.527034e+004	   -1.797148e+001
+3.534981e+004	   -1.791513e+001
+3.542946e+004	   -1.798622e+001
+3.550930e+004	   -1.801962e+001
+3.558932e+004	   -1.802160e+001
+3.566951e+004	   -1.800058e+001
+3.574989e+004	   -1.797106e+001
+3.583045e+004	   -1.795111e+001
+3.591118e+004	   -1.793481e+001
+3.599211e+004	   -1.791583e+001
+3.607321e+004	   -1.797995e+001
+3.615449e+004	   -1.797129e+001
+3.623596e+004	   -1.798268e+001
+3.631761e+004	   -1.794195e+001
+3.639945e+004	   -1.801719e+001
+3.648147e+004	   -1.802242e+001
+3.656368e+004	   -1.813173e+001
+3.664607e+004	   -1.811373e+001
+3.672864e+004	   -1.821864e+001
+3.681141e+004	   -1.834724e+001
+3.689436e+004	   -1.840872e+001
+3.697749e+004	   -1.852878e+001
+3.706081e+004	   -1.863207e+001
+3.714432e+004	   -1.862664e+001
+3.722802e+004	   -1.873883e+001
+3.731191e+004	   -1.869721e+001
+3.739599e+004	   -1.859778e+001
+3.748025e+004	   -1.864087e+001
+3.756471e+004	   -1.852350e+001
+3.764936e+004	   -1.841091e+001
+3.773420e+004	   -1.835248e+001
+3.781922e+004	   -1.828672e+001
+3.790445e+004	   -1.827844e+001
+3.798986e+004	   -1.830224e+001
+3.807546e+004	   -1.833093e+001
+3.816126e+004	   -1.839463e+001
+3.824725e+004	   -1.834616e+001
+3.833343e+004	   -1.843248e+001
+3.841981e+004	   -1.850953e+001
+3.850639e+004	   -1.852930e+001
+3.859315e+004	   -1.859370e+001
+3.868012e+004	   -1.861976e+001
+3.876728e+004	   -1.864318e+001
+3.885463e+004	   -1.861123e+001
+3.894219e+004	   -1.869202e+001
+3.902994e+004	   -1.882945e+001
+3.911789e+004	   -1.887330e+001
+3.920603e+004	   -1.892098e+001
+3.929438e+004	   -1.902203e+001
+3.938292e+004	   -1.895551e+001
+3.947166e+004	   -1.898203e+001
+3.956061e+004	   -1.897528e+001
+3.964975e+004	   -1.892248e+001
+3.973910e+004	   -1.892676e+001
+3.982864e+004	   -1.895717e+001
+3.991839e+004	   -1.897824e+001
+4.000834e+004	   -1.901818e+001
+4.009849e+004	   -1.905565e+001
+4.018885e+004	   -1.906447e+001
+4.027941e+004	   -1.910776e+001
+4.037017e+004	   -1.908958e+001
+4.046114e+004	   -1.913915e+001
+4.055231e+004	   -1.911722e+001
+4.064369e+004	   -1.915954e+001
+4.073528e+004	   -1.917772e+001
+4.082707e+004	   -1.912301e+001
+4.091907e+004	   -1.908164e+001
+4.101127e+004	   -1.913942e+001
+4.110368e+004	   -1.916115e+001
+4.119630e+004	   -1.918324e+001
+4.128913e+004	   -1.920464e+001
+4.138217e+004	   -1.922446e+001
+4.147542e+004	   -1.924787e+001
+4.156888e+004	   -1.925379e+001
+4.166255e+004	   -1.929969e+001
+4.175643e+004	   -1.929559e+001
+4.185052e+004	   -1.933228e+001
+4.194482e+004	   -1.928049e+001
+4.203934e+004	   -1.933531e+001
+4.213407e+004	   -1.934245e+001
+4.222902e+004	   -1.933207e+001
+4.232417e+004	   -1.933712e+001
+4.241954e+004	   -1.940502e+001
+4.251513e+004	   -1.945059e+001
+4.261093e+004	   -1.957614e+001
+4.270695e+004	   -1.961968e+001
+4.280318e+004	   -1.972148e+001
+4.289963e+004	   -1.972757e+001
+4.299630e+004	   -1.973698e+001
+4.309319e+004	   -1.971697e+001
+4.319029e+004	   -1.966527e+001
+4.328761e+004	   -1.959410e+001
+4.338516e+004	   -1.952628e+001
+4.348292e+004	   -1.958133e+001
+4.358090e+004	   -1.958434e+001
+4.367910e+004	   -1.960242e+001
+4.377753e+004	   -1.961149e+001
+4.387617e+004	   -1.971572e+001
+4.397504e+004	   -1.960822e+001
+4.407413e+004	   -1.968040e+001
+4.417345e+004	   -1.986436e+001
+4.427298e+004	   -2.000449e+001
+4.437275e+004	   -2.004992e+001
+4.447273e+004	   -2.022917e+001
+4.457295e+004	   -2.049969e+001
+4.467339e+004	   -2.054611e+001
+4.477405e+004	   -2.051287e+001
+4.487494e+004	   -2.058254e+001
+4.497606e+004	   -2.074371e+001
+4.507741e+004	   -2.063255e+001
+4.517898e+004	   -2.046733e+001
+4.528079e+004	   -2.060347e+001
+4.538282e+004	   -2.057886e+001
+4.548509e+004	   -2.052625e+001
+4.558758e+004	   -2.053734e+001
+4.569030e+004	   -2.051398e+001
+4.579326e+004	   -2.050912e+001
+4.589645e+004	   -2.040259e+001
+4.599987e+004	   -2.040352e+001
+4.610352e+004	   -2.050490e+001
+4.620741e+004	   -2.053901e+001
+4.631153e+004	   -2.058166e+001
+4.641589e+004	   -2.056396e+001
+4.652048e+004	   -2.040581e+001
+4.662530e+004	   -2.009150e+001
+4.673037e+004	   -1.984095e+001
+4.683567e+004	   -1.962690e+001
+4.694121e+004	   -1.934551e+001
+4.704698e+004	   -1.903380e+001
+4.715300e+004	   -1.880175e+001
+4.725925e+004	   -1.881354e+001
+4.736574e+004	   -1.876661e+001
+4.747247e+004	   -1.892087e+001
+4.757944e+004	   -1.917090e+001
+4.768666e+004	   -1.909632e+001
+4.779411e+004	   -1.893483e+001
+4.790181e+004	   -1.894466e+001
+4.800975e+004	   -1.882464e+001
+4.811793e+004	   -1.898279e+001
+4.822636e+004	   -1.905799e+001
+4.833503e+004	   -1.924581e+001
+4.844395e+004	   -1.916955e+001
+4.855311e+004	   -1.910275e+001
+4.866251e+004	   -1.901823e+001
+4.877216e+004	   -1.904575e+001
+4.888207e+004	   -1.872036e+001
+4.899221e+004	   -1.862480e+001
+4.910261e+004	   -1.865434e+001
+4.921326e+004	   -1.849694e+001
+4.932415e+004	   -1.849101e+001
+4.943530e+004	   -1.853654e+001
+4.954669e+004	   -1.849496e+001
+4.965834e+004	   -1.858975e+001
+4.977023e+004	   -1.857377e+001
+4.988239e+004	   -1.864157e+001
+4.999479e+004	   -1.871138e+001
+5.010745e+004	   -1.876136e+001
+5.022035e+004	   -1.885110e+001
+5.033352e+004	   -1.874743e+001
+5.044694e+004	   -1.872318e+001
+5.056061e+004	   -1.872137e+001
+5.067454e+004	   -1.872678e+001
+5.078873e+004	   -1.881586e+001
+5.090318e+004	   -1.878407e+001
+5.101788e+004	   -1.881428e+001
+5.113284e+004	   -1.882553e+001
+5.124806e+004	   -1.871969e+001
+5.136354e+004	   -1.868066e+001
+5.147928e+004	   -1.889407e+001
+5.159528e+004	   -1.891831e+001
+5.171154e+004	   -1.890240e+001
+5.182807e+004	   -1.900932e+001
+5.194485e+004	   -1.901341e+001
+5.206190e+004	   -1.919771e+001
+5.217922e+004	   -1.924726e+001
+5.229679e+004	   -1.926241e+001
+5.241464e+004	   -1.917116e+001
+5.253275e+004	   -1.928941e+001
+5.265112e+004	   -1.912880e+001
+5.276976e+004	   -1.919783e+001
+5.288867e+004	   -1.920885e+001
+5.300785e+004	   -1.916358e+001
+5.312729e+004	   -1.913570e+001
+5.324701e+004	   -1.912586e+001
+5.336699e+004	   -1.911952e+001
+5.348725e+004	   -1.911538e+001
+5.360777e+004	   -1.911258e+001
+5.372857e+004	   -1.912429e+001
+5.384964e+004	   -1.909543e+001
+5.397098e+004	   -1.909616e+001
+5.409260e+004	   -1.912548e+001
+5.421448e+004	   -1.912549e+001
+5.433665e+004	   -1.913177e+001
+5.445909e+004	   -1.906062e+001
+5.458180e+004	   -1.910418e+001
+5.470480e+004	   -1.905363e+001
+5.482807e+004	   -1.900904e+001
+5.495161e+004	   -1.895886e+001
+5.507544e+004	   -1.897606e+001
+5.519954e+004	   -1.897270e+001
+5.532393e+004	   -1.904634e+001
+5.544859e+004	   -1.916237e+001
+5.557354e+004	   -1.915903e+001
+5.569876e+004	   -1.922400e+001
+5.582427e+004	   -1.926895e+001
+5.595006e+004	   -1.920352e+001
+5.607614e+004	   -1.917525e+001
+5.620250e+004	   -1.912359e+001
+5.632914e+004	   -1.910351e+001
+5.645607e+004	   -1.907234e+001
+5.658329e+004	   -1.905112e+001
+5.671079e+004	   -1.904839e+001
+5.683858e+004	   -1.904520e+001
+5.696666e+004	   -1.906290e+001
+5.709502e+004	   -1.909405e+001
+5.722368e+004	   -1.911167e+001
+5.735262e+004	   -1.895378e+001
+5.748186e+004	   -1.893114e+001
+5.761138e+004	   -1.886455e+001
+5.774120e+004	   -1.880348e+001
+5.787131e+004	   -1.873483e+001
+5.800172e+004	   -1.876779e+001
+5.813242e+004	   -1.867194e+001
+5.826341e+004	   -1.855886e+001
+5.839470e+004	   -1.846815e+001
+5.852628e+004	   -1.843322e+001
+5.865816e+004	   -1.831679e+001
+5.879034e+004	   -1.839286e+001
+5.892281e+004	   -1.823506e+001
+5.905559e+004	   -1.821014e+001
+5.918866e+004	   -1.831859e+001
+5.932204e+004	   -1.844959e+001
+5.945571e+004	   -1.895955e+001
+5.958968e+004	   -1.961136e+001
+5.972396e+004	   -2.002951e+001
+5.985854e+004	   -2.069790e+001
+5.999342e+004	   -2.169703e+001
+6.012861e+004	   -2.240057e+001
+6.026410e+004	   -2.236207e+001
+6.039989e+004	   -2.213774e+001
+6.053600e+004	   -2.179841e+001
+6.067240e+004	   -2.201370e+001
+6.080912e+004	   -2.214464e+001
+6.094614e+004	   -2.187551e+001
+6.108348e+004	   -2.168489e+001
+6.122112e+004	   -2.182887e+001
+6.135907e+004	   -2.222000e+001
+6.149734e+004	   -2.258785e+001
+6.163591e+004	   -2.233405e+001
+6.177480e+004	   -2.239257e+001
+6.191400e+004	   -2.232555e+001
+6.205351e+004	   -2.200459e+001
+6.219334e+004	   -2.177667e+001
+6.233348e+004	   -2.177624e+001
+6.247395e+004	   -2.168299e+001
+6.261472e+004	   -2.157051e+001
+6.275581e+004	   -2.162624e+001
+6.289722e+004	   -2.265425e+001
+6.303895e+004	   -2.231329e+001
+6.318100e+004	   -2.189746e+001
+6.332337e+004	   -2.196962e+001
+6.346606e+004	   -2.210390e+001
+6.360907e+004	   -2.221467e+001
+6.375241e+004	   -2.228272e+001
+6.389606e+004	   -2.202780e+001
+6.404004e+004	   -2.213589e+001
+6.418435e+004	   -2.213151e+001
+6.432898e+004	   -2.240984e+001
+6.447393e+004	   -2.260702e+001
+6.461921e+004	   -2.234251e+001
+6.476482e+004	   -2.219870e+001
+6.491076e+004	   -2.230262e+001
+6.505703e+004	   -2.261042e+001
+6.520363e+004	   -2.286791e+001
+6.535055e+004	   -2.296244e+001
+6.549781e+004	   -2.273874e+001
+6.564540e+004	   -2.257467e+001
+6.579332e+004	   -2.237316e+001
+6.594158e+004	   -2.226037e+001
+6.609016e+004	   -2.214292e+001
+6.623909e+004	   -2.201223e+001
+6.638835e+004	   -2.202485e+001
+6.653795e+004	   -2.205143e+001
+6.668788e+004	   -2.201481e+001
+6.683816e+004	   -2.209419e+001
+6.698877e+004	   -2.216799e+001
+6.713971e+004	   -2.217717e+001
+6.729100e+004	   -2.225555e+001
+6.744263e+004	   -2.241012e+001
+6.759460e+004	   -2.287420e+001
+6.774691e+004	   -2.319598e+001
+6.789958e+004	   -2.348289e+001
+6.805258e+004	   -2.388157e+001
+6.820592e+004	   -2.394411e+001
+6.835962e+004	   -2.375156e+001
+6.851366e+004	   -2.352289e+001
+6.866804e+004	   -2.327679e+001
+6.882277e+004	   -2.343507e+001
+6.897785e+004	   -2.357799e+001
+6.913328e+004	   -2.382408e+001
+6.928907e+004	   -2.399814e+001
+6.944520e+004	   -2.392641e+001
+6.960169e+004	   -2.393013e+001
+6.975852e+004	   -2.389057e+001
+6.991571e+004	   -2.376666e+001
+7.007326e+004	   -2.371896e+001
+7.023116e+004	   -2.358792e+001
+7.038941e+004	   -2.349872e+001
+7.054802e+004	   -2.365243e+001
+7.070699e+004	   -2.390265e+001
+7.086632e+004	   -2.399192e+001
+7.102601e+004	   -2.391487e+001
+7.118605e+004	   -2.380493e+001
+7.134646e+004	   -2.373486e+001
+7.150723e+004	   -2.381532e+001
+7.166836e+004	   -2.384027e+001
+7.182985e+004	   -2.381010e+001
+7.199171e+004	   -2.373984e+001
+7.215394e+004	   -2.367739e+001
+7.231652e+004	   -2.368992e+001
+7.247948e+004	   -2.346615e+001
+7.264280e+004	   -2.340426e+001
+7.280649e+004	   -2.334587e+001
+7.297055e+004	   -2.341050e+001
+7.313498e+004	   -2.343667e+001
+7.329977e+004	   -2.351661e+001
+7.346495e+004	   -2.354398e+001
+7.363048e+004	   -2.362279e+001
+7.379641e+004	   -2.373966e+001
+7.396270e+004	   -2.384481e+001
+7.412936e+004	   -2.394766e+001
+7.429640e+004	   -2.406593e+001
+7.446381e+004	   -2.393346e+001
+7.463160e+004	   -2.387360e+001
+7.479977e+004	   -2.421301e+001
+7.496833e+004	   -2.441733e+001
+7.513726e+004	   -2.450738e+001
+7.530656e+004	   -2.452272e+001
+7.547626e+004	   -2.461494e+001
+7.564634e+004	   -2.460776e+001
+7.581679e+004	   -2.467503e+001
+7.598763e+004	   -2.478342e+001
+7.615886e+004	   -2.469149e+001
+7.633047e+004	   -2.449779e+001
+7.650247e+004	   -2.425791e+001
+7.667486e+004	   -2.402497e+001
+7.684763e+004	   -2.396769e+001
+7.702080e+004	   -2.386501e+001
+7.719435e+004	   -2.389705e+001
+7.736830e+004	   -2.392224e+001
+7.754264e+004	   -2.394158e+001
+7.771737e+004	   -2.392994e+001
+7.789249e+004	   -2.374895e+001
+7.806801e+004	   -2.354050e+001
+7.824393e+004	   -2.324106e+001
+7.842023e+004	   -2.294891e+001
+7.859695e+004	   -2.272021e+001
+7.877405e+004	   -2.262545e+001
+7.895155e+004	   -2.338256e+001
+7.912946e+004	   -2.490309e+001
+7.930777e+004	   -2.526854e+001
+7.948648e+004	   -2.461335e+001
+7.966559e+004	   -2.421641e+001
+7.984510e+004	   -2.447252e+001
+8.002502e+004	   -2.466368e+001
+8.020534e+004	   -2.479533e+001
+8.038608e+004	   -2.480209e+001
+8.056722e+004	   -2.476745e+001
+8.074877e+004	   -2.434519e+001
+8.093072e+004	   -2.398722e+001
+8.111309e+004	   -2.368949e+001
+8.129586e+004	   -2.338022e+001
+8.147905e+004	   -2.338603e+001
+8.166265e+004	   -2.337045e+001
+8.184666e+004	   -2.308418e+001
+8.203109e+004	   -2.340110e+001
+8.221594e+004	   -2.433653e+001
+8.240120e+004	   -2.517401e+001
+8.258688e+004	   -2.561101e+001
+8.277298e+004	   -2.552399e+001
+8.295949e+004	   -2.563457e+001
+8.314643e+004	   -2.496739e+001
+8.333379e+004	   -2.423291e+001
+8.352157e+004	   -2.679330e+001
+8.370977e+004	   -2.890077e+001
+8.389840e+004	   -2.914124e+001
+8.408745e+004	   -2.899745e+001
+8.427693e+004	   -2.870820e+001
+8.446684e+004	   -2.843222e+001
+8.465716e+004	   -2.811369e+001
+8.484793e+004	   -2.795321e+001
+8.503913e+004	   -2.779618e+001
+8.523074e+004	   -2.749186e+001
+8.542280e+004	   -2.749910e+001
+8.561529e+004	   -2.790616e+001
+8.580821e+004	   -2.789091e+001
+8.600156e+004	   -2.772112e+001
+8.619536e+004	   -2.745170e+001
+8.638959e+004	   -2.734511e+001
+8.658425e+004	   -2.736231e+001
+8.677936e+004	   -2.740046e+001
+8.697490e+004	   -2.716252e+001
+8.717088e+004	   -2.703066e+001
+8.736731e+004	   -2.694171e+001
+8.756418e+004	   -2.721734e+001
+8.776149e+004	   -2.741587e+001
+8.795925e+004	   -2.761220e+001
+8.815745e+004	   -2.758651e+001
+8.835610e+004	   -2.785950e+001
+8.855520e+004	   -2.819678e+001
+8.875475e+004	   -2.818655e+001
+8.895474e+004	   -2.804648e+001
+8.915519e+004	   -2.782746e+001
+8.935609e+004	   -2.766790e+001
+8.955744e+004	   -2.765655e+001
+8.975924e+004	   -2.758764e+001
+8.996150e+004	   -2.746233e+001
+9.016422e+004	   -2.750780e+001
+9.036739e+004	   -2.747781e+001
+9.057102e+004	   -2.735813e+001
+9.077511e+004	   -2.747331e+001
+9.097966e+004	   -2.770620e+001
+9.118466e+004	   -2.777390e+001
+9.139013e+004	   -2.790702e+001
+9.159607e+004	   -2.803162e+001
+9.180247e+004	   -2.811216e+001
+9.200933e+004	   -2.831780e+001
+9.221666e+004	   -2.856897e+001
+9.242445e+004	   -2.883924e+001
+9.263272e+004	   -2.908451e+001
+9.284145e+004	   -2.941511e+001
+9.305066e+004	   -2.967198e+001
+9.326034e+004	   -3.005002e+001
+9.347048e+004	   -3.042782e+001
+9.368110e+004	   -3.063234e+001
+9.389220e+004	   -3.060206e+001
+9.410377e+004	   -3.034403e+001
+9.431582e+004	   -3.051061e+001
+9.452835e+004	   -3.043950e+001
+9.474135e+004	   -3.070331e+001
+9.495484e+004	   -3.078913e+001
+9.516880e+004	   -3.039853e+001
+9.538326e+004	   -3.088802e+001
+9.559819e+004	   -3.110241e+001
+9.581360e+004	   -3.118790e+001
+9.602951e+004	   -3.111647e+001
+9.624589e+004	   -3.135761e+001
+9.646277e+004	   -3.141961e+001
+9.668013e+004	   -3.147274e+001
+9.689798e+004	   -3.152386e+001
+9.711634e+004	   -3.154330e+001
+9.733517e+004	   -3.161742e+001
+9.755450e+004	   -3.176806e+001
+9.777433e+004	   -3.181735e+001
+9.799465e+004	   -3.205511e+001
+9.821546e+004	   -3.212625e+001
+9.843677e+004	   -3.206177e+001
+9.865859e+004	   -3.208999e+001
+9.888090e+004	   -3.218844e+001
+9.910371e+004	   -3.220810e+001
+9.932703e+004	   -3.250570e+001
+9.955085e+004	   -3.228608e+001
+9.977517e+004	   -3.244882e+001
+1.000000e+005	   -3.268053e+001
