+1.000000e+003	   +2.649930e+001
+1.002253e+003	   +2.783760e+001
+1.004512e+003	   +2.594942e+001
+1.006775e+003	   +3.256276e+001
+1.009044e+003	   +2.679160e+001
+1.011318e+003	   +2.708033e+001
+1.013596e+003	   +2.544560e+001
+1.015880e+003	   +2.651533e+001
+1.018170e+003	   +2.332396e+001
+1.020464e+003	   +1.650954e+001
+1.022763e+003	   +3.187319e+001
+1.025068e+003	   +1.441052e+001
+1.027378e+003	   +3.461140e+001
+1.029693e+003	   +2.156729e+001
+1.032013e+003	   +2.359056e+001
+1.034339e+003	   +3.515621e+001
+1.036669e+003	   +2.361276e+001
+1.039005e+003	   +2.768860e+001
+1.041347e+003	   +3.420927e+001
+1.043693e+003	   +2.988700e+001
+1.046045e+003	   +2.077203e+001
+1.048402e+003	   +3.399555e+001
+1.050764e+003	   +2.561434e+001
+1.053132e+003	   +3.557063e+001
+1.055505e+003	   +3.148515e+001
+1.057884e+003	   +2.407507e+001
+1.060267e+003	   +2.665198e+001
+1.062657e+003	   +2.468091e+001
+1.065051e+003	   +2.899018e+001
+1.067451e+003	   +2.727056e+001
+1.069856e+003	   +2.988715e+001
+1.072267e+003	   +2.620045e+001
+1.074683e+003	   +2.813818e+001
+1.077105e+003	   +2.705447e+001
+1.079532e+003	   +2.706929e+001
+1.081965e+003	   +2.792446e+001
+1.084403e+003	   +3.039389e+001
+1.086846e+003	   +2.837344e+001
+1.089295e+003	   +2.637369e+001
+1.091750e+003	   +2.626706e+001
+1.094210e+003	   +2.690021e+001
+1.096676e+003	   +2.570076e+001
+1.099147e+003	   +2.685114e+001
+1.101624e+003	   +2.709764e+001
+1.104106e+003	   +3.043120e+001
+1.106594e+003	   +2.741668e+001
+1.109087e+003	   +2.390089e+001
+1.111587e+003	   +2.652847e+001
+1.114091e+003	   +2.541678e+001
+1.116602e+003	   +2.608317e+001
+1.119118e+003	   +2.600803e+001
+1.121640e+003	   +2.326490e+001
+1.124167e+003	   +2.622557e+001
+1.126700e+003	   +2.536363e+001
+1.129239e+003	   +2.655117e+001
+1.131784e+003	   +2.706358e+001
+1.134334e+003	   +2.646331e+001
+1.136890e+003	   +2.862618e+001
+1.139452e+003	   +2.742126e+001
+1.142020e+003	   +2.765947e+001
+1.144593e+003	   +2.705009e+001
+1.147172e+003	   +2.666337e+001
+1.149757e+003	   +2.659892e+001
+1.152348e+003	   +2.752848e+001
+1.154944e+003	   +2.505771e+001
+1.157547e+003	   +2.791921e+001
+1.160155e+003	   +2.616547e+001
+1.162770e+003	   +2.711752e+001
+1.165390e+003	   +2.540013e+001
+1.168016e+003	   +2.960514e+001
+1.170648e+003	   +2.729317e+001
+1.173286e+003	   +2.952378e+001
+1.175929e+003	   +2.587720e+001
+1.178579e+003	   +2.680408e+001
+1.181235e+003	   +2.771783e+001
+1.183897e+003	   +2.653073e+001
+1.186564e+003	   +2.811051e+001
+1.189238e+003	   +2.896356e+001
+1.191918e+003	   +2.762109e+001
+1.194604e+003	   +2.729107e+001
+1.197296e+003	   +2.712965e+001
+1.199994e+003	   +2.751423e+001
+1.202698e+003	   +2.990350e+001
+1.205408e+003	   +2.715297e+001
+1.208124e+003	   +2.817470e+001
+1.210846e+003	   +2.851023e+001
+1.213575e+003	   +2.815312e+001
+1.216309e+003	   +2.563915e+001
+1.219050e+003	   +2.856324e+001
+1.221797e+003	   +2.797776e+001
+1.224550e+003	   +2.681098e+001
+1.227309e+003	   +2.669877e+001
+1.230075e+003	   +2.868723e+001
+1.232847e+003	   +2.617089e+001
+1.235625e+003	   +2.599530e+001
+1.238409e+003	   +2.284695e+001
+1.241200e+003	   +2.860866e+001
+1.243996e+003	   +2.985808e+001
+1.246800e+003	   +2.869945e+001
+1.249609e+003	   +2.817481e+001
+1.252425e+003	   +2.948811e+001
+1.255247e+003	   +2.665198e+001
+1.258076e+003	   +2.804954e+001
+1.260911e+003	   +2.464483e+001
+1.263752e+003	   +2.776948e+001
+1.266599e+003	   +2.829743e+001
+1.269453e+003	   +2.750028e+001
+1.272314e+003	   +2.714878e+001
+1.275181e+003	   +2.697669e+001
+1.278054e+003	   +3.010695e+001
+1.280934e+003	   +2.678979e+001
+1.283821e+003	   +2.867673e+001
+1.286714e+003	   +3.041132e+001
+1.289613e+003	   +2.760478e+001
+1.292519e+003	   +2.786809e+001
+1.295432e+003	   +2.948260e+001
+1.298351e+003	   +2.662839e+001
+1.301276e+003	   +3.193797e+001
+1.304208e+003	   +2.806595e+001
+1.307147e+003	   +2.773985e+001
+1.310093e+003	   +2.987564e+001
+1.313045e+003	   +2.892542e+001
+1.316004e+003	   +2.969580e+001
+1.318969e+003	   +2.815543e+001
+1.321941e+003	   +2.809344e+001
+1.324920e+003	   +2.906529e+001
+1.327905e+003	   +2.753732e+001
+1.330898e+003	   +2.815437e+001
+1.333897e+003	   +2.809567e+001
+1.336902e+003	   +3.138658e+001
+1.339915e+003	   +3.115151e+001
+1.342934e+003	   +2.968181e+001
+1.345960e+003	   +2.774504e+001
+1.348993e+003	   +2.837594e+001
+1.352033e+003	   +2.801979e+001
+1.355080e+003	   +2.872718e+001
+1.358133e+003	   +3.068497e+001
+1.361193e+003	   +2.937325e+001
+1.364261e+003	   +2.842458e+001
+1.367335e+003	   +2.931613e+001
+1.370416e+003	   +2.968446e+001
+1.373504e+003	   +2.892863e+001
+1.376599e+003	   +2.765468e+001
+1.379701e+003	   +2.982059e+001
+1.382810e+003	   +2.974403e+001
+1.385926e+003	   +2.891444e+001
+1.389049e+003	   +2.834663e+001
+1.392179e+003	   +2.838239e+001
+1.395316e+003	   +2.952384e+001
+1.398460e+003	   +2.857402e+001
+1.401611e+003	   +2.910203e+001
+1.404770e+003	   +2.900516e+001
+1.407935e+003	   +2.873297e+001
+1.411108e+003	   +2.766723e+001
+1.414287e+003	   +2.982206e+001
+1.417474e+003	   +2.745269e+001
+1.420668e+003	   +2.913666e+001
+1.423870e+003	   +2.905481e+001
+1.427078e+003	   +2.934182e+001
+1.430294e+003	   +2.925684e+001
+1.433517e+003	   +2.763341e+001
+1.436747e+003	   +2.897734e+001
+1.439984e+003	   +2.780512e+001
+1.443229e+003	   +2.847770e+001
+1.446481e+003	   +2.921159e+001
+1.449741e+003	   +2.893847e+001
+1.453007e+003	   +3.045440e+001
+1.456282e+003	   +2.990861e+001
+1.459563e+003	   +2.915926e+001
+1.462852e+003	   +3.203451e+001
+1.466148e+003	   +3.049535e+001
+1.469452e+003	   +2.990418e+001
+1.472763e+003	   +2.931497e+001
+1.476082e+003	   +3.123367e+001
+1.479408e+003	   +3.061664e+001
+1.482742e+003	   +3.057779e+001
+1.486083e+003	   +3.040561e+001
+1.489432e+003	   +3.014618e+001
+1.492788e+003	   +3.082911e+001
+1.496151e+003	   +3.098030e+001
+1.499523e+003	   +3.139280e+001
+1.502902e+003	   +2.766481e+001
+1.506288e+003	   +2.901349e+001
+1.509682e+003	   +2.852674e+001
+1.513084e+003	   +3.050352e+001
+1.516494e+003	   +2.905135e+001
+1.519911e+003	   +3.013712e+001
+1.523336e+003	   +3.094000e+001
+1.526769e+003	   +3.251654e+001
+1.530209e+003	   +3.038074e+001
+1.533657e+003	   +3.038472e+001
+1.537113e+003	   +3.175450e+001
+1.540577e+003	   +2.941134e+001
+1.544048e+003	   +3.048717e+001
+1.547527e+003	   +3.109659e+001
+1.551014e+003	   +3.134225e+001
+1.554509e+003	   +2.998073e+001
+1.558012e+003	   +3.100407e+001
+1.561523e+003	   +3.184960e+001
+1.565042e+003	   +2.937906e+001
+1.568568e+003	   +3.078521e+001
+1.572103e+003	   +3.176631e+001
+1.575645e+003	   +2.925623e+001
+1.579196e+003	   +3.139620e+001
+1.582754e+003	   +3.096339e+001
+1.586321e+003	   +3.149863e+001
+1.589895e+003	   +3.080332e+001
+1.593478e+003	   +3.033446e+001
+1.597069e+003	   +3.200486e+001
+1.600667e+003	   +3.111972e+001
+1.604274e+003	   +3.138793e+001
+1.607889e+003	   +3.078794e+001
+1.611512e+003	   +3.083863e+001
+1.615144e+003	   +3.113733e+001
+1.618783e+003	   +3.193694e+001
+1.622431e+003	   +3.150396e+001
+1.626087e+003	   +3.099329e+001
+1.629751e+003	   +3.173903e+001
+1.633423e+003	   +3.212570e+001
+1.637104e+003	   +3.099430e+001
+1.640793e+003	   +3.221366e+001
+1.644490e+003	   +3.194440e+001
+1.648196e+003	   +3.201682e+001
+1.651910e+003	   +3.159597e+001
+1.655632e+003	   +3.223304e+001
+1.659363e+003	   +3.309127e+001
+1.663102e+003	   +3.178759e+001
+1.666849e+003	   +3.262963e+001
+1.670605e+003	   +3.150023e+001
+1.674370e+003	   +3.197435e+001
+1.678143e+003	   +3.130762e+001
+1.681924e+003	   +3.205250e+001
+1.685714e+003	   +3.233369e+001
+1.689513e+003	   +3.218110e+001
+1.693320e+003	   +3.196804e+001
+1.697135e+003	   +3.151756e+001
+1.700960e+003	   +3.236716e+001
+1.704793e+003	   +3.264805e+001
+1.708634e+003	   +3.239786e+001
+1.712484e+003	   +3.222048e+001
+1.716343e+003	   +3.255032e+001
+1.720211e+003	   +3.240852e+001
+1.724087e+003	   +3.255127e+001
+1.727972e+003	   +3.205773e+001
+1.731866e+003	   +3.180129e+001
+1.735768e+003	   +3.362002e+001
+1.739679e+003	   +3.248127e+001
+1.743599e+003	   +3.407906e+001
+1.747528e+003	   +3.327491e+001
+1.751466e+003	   +3.329190e+001
+1.755413e+003	   +3.180241e+001
+1.759368e+003	   +3.262144e+001
+1.763333e+003	   +3.400185e+001
+1.767306e+003	   +3.350742e+001
+1.771289e+003	   +3.282738e+001
+1.775280e+003	   +3.259494e+001
+1.779280e+003	   +3.256244e+001
+1.783290e+003	   +3.346132e+001
+1.787308e+003	   +3.315478e+001
+1.791335e+003	   +3.330009e+001
+1.795372e+003	   +3.285558e+001
+1.799418e+003	   +3.291798e+001
+1.803472e+003	   +3.333241e+001
+1.807536e+003	   +3.331606e+001
+1.811609e+003	   +3.309549e+001
+1.815691e+003	   +3.274102e+001
+1.819783e+003	   +3.291016e+001
+1.823883e+003	   +3.391575e+001
+1.827993e+003	   +3.365280e+001
+1.832112e+003	   +3.359351e+001
+1.836241e+003	   +3.408021e+001
+1.840378e+003	   +3.358096e+001
+1.844526e+003	   +3.425435e+001
+1.848682e+003	   +3.398298e+001
+1.852848e+003	   +3.365772e+001
+1.857023e+003	   +3.386258e+001
+1.861207e+003	   +3.470626e+001
+1.865401e+003	   +3.390566e+001
+1.869604e+003	   +3.411725e+001
+1.873817e+003	   +3.452767e+001
+1.878040e+003	   +3.347383e+001
+1.882272e+003	   +3.371903e+001
+1.886513e+003	   +3.475043e+001
+1.890764e+003	   +3.471848e+001
+1.895025e+003	   +3.387062e+001
+1.899295e+003	   +3.473785e+001
+1.903575e+003	   +3.561547e+001
+1.907864e+003	   +3.416246e+001
+1.912163e+003	   +3.437376e+001
+1.916472e+003	   +3.399745e+001
+1.920790e+003	   +3.450254e+001
+1.925119e+003	   +3.465834e+001
+1.929457e+003	   +3.406536e+001
+1.933804e+003	   +3.416533e+001
+1.938162e+003	   +3.477311e+001
+1.942529e+003	   +3.443415e+001
+1.946906e+003	   +3.479251e+001
+1.951293e+003	   +3.443015e+001
+1.955690e+003	   +3.562849e+001
+1.960097e+003	   +3.462847e+001
+1.964514e+003	   +3.488071e+001
+1.968941e+003	   +3.487327e+001
+1.973377e+003	   +3.494544e+001
+1.977824e+003	   +3.516338e+001
+1.982281e+003	   +3.552356e+001
+1.986748e+003	   +3.536170e+001
+1.991224e+003	   +3.512418e+001
+1.995711e+003	   +3.471581e+001
+2.000208e+003	   +3.529455e+001
+2.004716e+003	   +3.547667e+001
+2.009233e+003	   +3.529351e+001
+2.013760e+003	   +3.551512e+001
+2.018298e+003	   +3.576834e+001
+2.022846e+003	   +3.577781e+001
+2.027404e+003	   +3.582241e+001
+2.031973e+003	   +3.552037e+001
+2.036552e+003	   +3.593701e+001
+2.041141e+003	   +3.450952e+001
+2.045740e+003	   +3.634161e+001
+2.050350e+003	   +3.534389e+001
+2.054970e+003	   +3.408351e+001
+2.059601e+003	   +3.649509e+001
+2.064241e+003	   +3.606107e+001
+2.068893e+003	   +3.612797e+001
+2.073555e+003	   +3.595379e+001
+2.078227e+003	   +3.652915e+001
+2.082910e+003	   +3.540669e+001
+2.087604e+003	   +3.648792e+001
+2.092308e+003	   +3.580854e+001
+2.097023e+003	   +3.621825e+001
+2.101748e+003	   +3.593132e+001
+2.106484e+003	   +3.617837e+001
+2.111231e+003	   +3.625582e+001
+2.115988e+003	   +3.605752e+001
+2.120756e+003	   +3.659050e+001
+2.125535e+003	   +3.692406e+001
+2.130324e+003	   +3.606242e+001
+2.135125e+003	   +3.658718e+001
+2.139936e+003	   +3.668599e+001
+2.144758e+003	   +3.670899e+001
+2.149591e+003	   +3.683434e+001
+2.154435e+003	   +3.705920e+001
+2.159289e+003	   +3.718559e+001
+2.164155e+003	   +3.694803e+001
+2.169032e+003	   +3.740479e+001
+2.173919e+003	   +3.750985e+001
+2.178818e+003	   +3.740604e+001
+2.183728e+003	   +3.720727e+001
+2.188648e+003	   +3.750827e+001
+2.193580e+003	   +3.752446e+001
+2.198523e+003	   +3.694576e+001
+2.203477e+003	   +3.762627e+001
+2.208442e+003	   +3.742608e+001
+2.213418e+003	   +3.736718e+001
+2.218406e+003	   +3.806654e+001
+2.223405e+003	   +3.760735e+001
+2.228415e+003	   +3.833589e+001
+2.233437e+003	   +3.759305e+001
+2.238469e+003	   +3.770438e+001
+2.243513e+003	   +3.823841e+001
+2.248569e+003	   +3.783069e+001
+2.253635e+003	   +3.770002e+001
+2.258714e+003	   +3.811293e+001
+2.263803e+003	   +3.818970e+001
+2.268905e+003	   +3.813419e+001
+2.274017e+003	   +3.768544e+001
+2.279141e+003	   +3.846313e+001
+2.284277e+003	   +3.844427e+001
+2.289424e+003	   +3.825307e+001
+2.294583e+003	   +3.840516e+001
+2.299754e+003	   +3.821844e+001
+2.304936e+003	   +3.863411e+001
+2.310130e+003	   +3.827827e+001
+2.315335e+003	   +3.846475e+001
+2.320552e+003	   +3.876360e+001
+2.325781e+003	   +3.870012e+001
+2.331022e+003	   +3.867583e+001
+2.336275e+003	   +3.897922e+001
+2.341539e+003	   +3.830871e+001
+2.346816e+003	   +3.896205e+001
+2.352104e+003	   +3.913342e+001
+2.357404e+003	   +3.929561e+001
+2.362716e+003	   +3.917753e+001
+2.368040e+003	   +3.910690e+001
+2.373376e+003	   +3.931702e+001
+2.378724e+003	   +3.939196e+001
+2.384084e+003	   +3.950029e+001
+2.389457e+003	   +3.937720e+001
+2.394841e+003	   +3.948101e+001
+2.400237e+003	   +4.017882e+001
+2.405646e+003	   +3.968756e+001
+2.411066e+003	   +3.944009e+001
+2.416500e+003	   +3.964145e+001
+2.421945e+003	   +3.934158e+001
+2.427402e+003	   +4.029776e+001
+2.432872e+003	   +3.981091e+001
+2.438354e+003	   +3.984529e+001
+2.443849e+003	   +4.024761e+001
+2.449355e+003	   +4.033537e+001
+2.454875e+003	   +4.012439e+001
+2.460406e+003	   +4.015292e+001
+2.465950e+003	   +3.973257e+001
+2.471507e+003	   +4.027605e+001
+2.477076e+003	   +4.038922e+001
+2.482658e+003	   +4.039592e+001
+2.488252e+003	   +4.052033e+001
+2.493859e+003	   +4.056598e+001
+2.499479e+003	   +4.068164e+001
+2.505111e+003	   +4.077431e+001
+2.510756e+003	   +4.059208e+001
+2.516414e+003	   +4.082726e+001
+2.522084e+003	   +4.097709e+001
+2.527767e+003	   +4.128139e+001
+2.533463e+003	   +4.059058e+001
+2.539172e+003	   +4.096593e+001
+2.544893e+003	   +4.112164e+001
+2.550628e+003	   +4.089091e+001
+2.556375e+003	   +4.110788e+001
+2.562136e+003	   +4.129279e+001
+2.567909e+003	   +4.099606e+001
+2.573696e+003	   +4.113193e+001
+2.579495e+003	   +4.139944e+001
+2.585308e+003	   +4.126194e+001
+2.591133e+003	   +4.155045e+001
+2.596972e+003	   +4.154940e+001
+2.602824e+003	   +4.154969e+001
+2.608689e+003	   +4.173692e+001
+2.614567e+003	   +4.141463e+001
+2.620459e+003	   +4.142570e+001
+2.626364e+003	   +4.196574e+001
+2.632282e+003	   +4.190191e+001
+2.638213e+003	   +4.185604e+001
+2.644158e+003	   +4.147835e+001
+2.650116e+003	   +4.224204e+001
+2.656088e+003	   +4.245109e+001
+2.662073e+003	   +4.211434e+001
+2.668072e+003	   +4.232639e+001
+2.674083e+003	   +4.238747e+001
+2.680109e+003	   +4.217292e+001
+2.686148e+003	   +4.228923e+001
+2.692201e+003	   +4.254664e+001
+2.698268e+003	   +4.268087e+001
+2.704348e+003	   +4.269303e+001
+2.710442e+003	   +4.268486e+001
+2.716549e+003	   +4.258554e+001
+2.722671e+003	   +4.194809e+001
+2.728806e+003	   +4.281112e+001
+2.734955e+003	   +4.276999e+001
+2.741118e+003	   +4.331394e+001
+2.747294e+003	   +4.295460e+001
+2.753485e+003	   +4.276578e+001
+2.759689e+003	   +4.285792e+001
+2.765908e+003	   +4.305997e+001
+2.772141e+003	   +4.333074e+001
+2.778387e+003	   +4.292870e+001
+2.784648e+003	   +4.330851e+001
+2.790923e+003	   +4.354179e+001
+2.797212e+003	   +4.336190e+001
+2.803515e+003	   +4.319054e+001
+2.809832e+003	   +4.353412e+001
+2.816164e+003	   +4.376370e+001
+2.822509e+003	   +4.387986e+001
+2.828869e+003	   +4.389169e+001
+2.835244e+003	   +4.396803e+001
+2.841633e+003	   +4.374706e+001
+2.848036e+003	   +4.421235e+001
+2.854454e+003	   +4.389616e+001
+2.860885e+003	   +4.403400e+001
+2.867332e+003	   +4.465788e+001
+2.873793e+003	   +4.401996e+001
+2.880269e+003	   +4.430387e+001
+2.886759e+003	   +4.450860e+001
+2.893264e+003	   +4.460715e+001
+2.899784e+003	   +4.439012e+001
+2.906318e+003	   +4.472421e+001
+2.912867e+003	   +4.474353e+001
+2.919430e+003	   +4.478008e+001
+2.926009e+003	   +4.483511e+001
+2.932602e+003	   +4.479684e+001
+2.939210e+003	   +4.455190e+001
+2.945833e+003	   +4.513454e+001
+2.952472e+003	   +4.517069e+001
+2.959125e+003	   +4.524570e+001
+2.965792e+003	   +4.489617e+001
+2.972476e+003	   +4.528366e+001
+2.979174e+003	   +4.493807e+001
+2.985887e+003	   +4.523080e+001
+2.992615e+003	   +4.561797e+001
+2.999358e+003	   +4.580496e+001
+3.006117e+003	   +4.556895e+001
+3.012891e+003	   +4.550041e+001
+3.019680e+003	   +4.572284e+001
+3.026484e+003	   +4.587200e+001
+3.033304e+003	   +4.619196e+001
+3.040139e+003	   +4.566873e+001
+3.046990e+003	   +4.588087e+001
+3.053855e+003	   +4.630164e+001
+3.060737e+003	   +4.596019e+001
+3.067634e+003	   +4.622305e+001
+3.074546e+003	   +4.627595e+001
+3.081474e+003	   +4.606009e+001
+3.088418e+003	   +4.633998e+001
+3.095377e+003	   +4.636992e+001
+3.102352e+003	   +4.617823e+001
+3.109343e+003	   +4.644682e+001
+3.116349e+003	   +4.678181e+001
+3.123372e+003	   +4.614095e+001
+3.130410e+003	   +4.683037e+001
+3.137464e+003	   +4.665017e+001
+3.144533e+003	   +4.670023e+001
+3.151619e+003	   +4.696793e+001
+3.158721e+003	   +4.740369e+001
+3.165839e+003	   +4.712119e+001
+3.172972e+003	   +4.705917e+001
+3.180122e+003	   +4.709565e+001
+3.187288e+003	   +4.704045e+001
+3.194470e+003	   +4.733957e+001
+3.201668e+003	   +4.766457e+001
+3.208883e+003	   +4.734044e+001
+3.216114e+003	   +4.774749e+001
+3.223361e+003	   +4.806273e+001
+3.230624e+003	   +4.771267e+001
+3.237904e+003	   +4.765756e+001
+3.245200e+003	   +4.788083e+001
+3.252512e+003	   +4.822166e+001
+3.259842e+003	   +4.773655e+001
+3.267187e+003	   +4.784946e+001
+3.274549e+003	   +4.841966e+001
+3.281928e+003	   +4.844332e+001
+3.289323e+003	   +4.848690e+001
+3.296735e+003	   +4.820955e+001
+3.304164e+003	   +4.830765e+001
+3.311609e+003	   +4.840704e+001
+3.319072e+003	   +4.837823e+001
+3.326551e+003	   +4.816407e+001
+3.334046e+003	   +4.877199e+001
+3.341559e+003	   +4.887766e+001
+3.349089e+003	   +4.884058e+001
+3.356636e+003	   +4.913588e+001
+3.364199e+003	   +4.920435e+001
+3.371780e+003	   +4.885305e+001
+3.379378e+003	   +4.891000e+001
+3.386993e+003	   +4.997935e+001
+3.394625e+003	   +4.943783e+001
+3.402274e+003	   +5.052571e+001
+3.409941e+003	   +4.918692e+001
+3.417625e+003	   +4.782867e+001
+3.425326e+003	   +4.992244e+001
+3.433044e+003	   +5.007788e+001
+3.440780e+003	   +5.003542e+001
+3.448533e+003	   +4.987583e+001
+3.456304e+003	   +4.948785e+001
+3.464092e+003	   +4.943007e+001
+3.471898e+003	   +5.013275e+001
+3.479721e+003	   +5.009372e+001
+3.487563e+003	   +4.989418e+001
+3.495421e+003	   +4.952917e+001
+3.503298e+003	   +5.080389e+001
+3.511192e+003	   +5.009502e+001
+3.519104e+003	   +4.961224e+001
+3.527033e+003	   +4.982967e+001
+3.534981e+003	   +5.057532e+001
+3.542947e+003	   +5.015567e+001
+3.550930e+003	   +5.042702e+001
+3.558932e+003	   +5.019173e+001
+3.566951e+003	   +5.044579e+001
+3.574989e+003	   +5.070832e+001
+3.583044e+003	   +5.090021e+001
+3.591118e+003	   +5.072941e+001
+3.599210e+003	   +5.092628e+001
+3.607321e+003	   +5.078037e+001
+3.615449e+003	   +5.060719e+001
+3.623596e+003	   +5.084504e+001
+3.631761e+003	   +5.113882e+001
+3.639945e+003	   +5.132130e+001
+3.648147e+003	   +5.099920e+001
+3.656368e+003	   +5.158901e+001
+3.664607e+003	   +5.117432e+001
+3.672864e+003	   +5.125831e+001
+3.681141e+003	   +5.127710e+001
+3.689436e+003	   +5.158002e+001
+3.697749e+003	   +5.186819e+001
+3.706081e+003	   +5.173115e+001
+3.714433e+003	   +5.184302e+001
+3.722802e+003	   +5.216742e+001
+3.731191e+003	   +5.220288e+001
+3.739599e+003	   +5.215014e+001
+3.748026e+003	   +5.206016e+001
+3.756471e+003	   +5.210990e+001
+3.764936e+003	   +5.259348e+001
+3.773419e+003	   +5.228585e+001
+3.781922e+003	   +5.248606e+001
+3.790444e+003	   +5.252186e+001
+3.798986e+003	   +5.260558e+001
+3.807546e+003	   +5.288846e+001
+3.816126e+003	   +5.287688e+001
+3.824725e+003	   +5.269401e+001
+3.833343e+003	   +5.270885e+001
+3.841981e+003	   +5.286679e+001
+3.850638e+003	   +5.346724e+001
+3.859315e+003	   +5.283681e+001
+3.868012e+003	   +5.316077e+001
+3.876728e+003	   +5.303090e+001
+3.885463e+003	   +5.334715e+001
+3.894219e+003	   +5.330647e+001
+3.902994e+003	   +5.339880e+001
+3.911789e+003	   +5.368468e+001
+3.920603e+003	   +5.367425e+001
+3.929438e+003	   +5.345083e+001
+3.938292e+003	   +5.346900e+001
+3.947167e+003	   +5.390400e+001
+3.956061e+003	   +5.322041e+001
+3.964975e+003	   +5.380929e+001
+3.973910e+003	   +5.395371e+001
+3.982864e+003	   +5.369538e+001
+3.991839e+003	   +5.386394e+001
+4.000834e+003	   +5.384875e+001
+4.009849e+003	   +5.463817e+001
+4.018885e+003	   +5.340002e+001
+4.027941e+003	   +5.441344e+001
+4.037017e+003	   +5.451704e+001
+4.046114e+003	   +5.418172e+001
+4.055231e+003	   +5.454389e+001
+4.064369e+003	   +5.458530e+001
+4.073528e+003	   +5.454556e+001
+4.082707e+003	   +5.474238e+001
+4.091906e+003	   +5.454350e+001
+4.101127e+003	   +5.502468e+001
+4.110368e+003	   +5.486583e+001
+4.119630e+003	   +5.505355e+001
+4.128914e+003	   +5.519817e+001
+4.138217e+003	   +5.537386e+001
+4.147542e+003	   +5.490477e+001
+4.156888e+003	   +5.533942e+001
+4.166255e+003	   +5.530270e+001
+4.175643e+003	   +5.543230e+001
+4.185052e+003	   +5.559538e+001
+4.194482e+003	   +5.550428e+001
+4.203934e+003	   +5.573249e+001
+4.213407e+003	   +5.561308e+001
+4.222901e+003	   +5.574735e+001
+4.232417e+003	   +5.600480e+001
+4.241954e+003	   +5.589694e+001
+4.251513e+003	   +5.595207e+001
+4.261093e+003	   +5.623100e+001
+4.270695e+003	   +5.549618e+001
+4.280318e+003	   +5.617461e+001
+4.289963e+003	   +5.607841e+001
+4.299630e+003	   +5.636525e+001
+4.309318e+003	   +5.621341e+001
+4.319029e+003	   +5.649191e+001
+4.328761e+003	   +5.656952e+001
+4.338516e+003	   +5.674982e+001
+4.348292e+003	   +5.680348e+001
+4.358090e+003	   +5.670663e+001
+4.367910e+003	   +5.677652e+001
+4.377752e+003	   +5.682555e+001
+4.387617e+003	   +5.704323e+001
+4.397504e+003	   +5.685605e+001
+4.407413e+003	   +5.722866e+001
+4.417345e+003	   +5.714772e+001
+4.427298e+003	   +5.730125e+001
+4.437275e+003	   +5.728539e+001
+4.447273e+003	   +5.743972e+001
+4.457295e+003	   +5.751870e+001
+4.467339e+003	   +5.736519e+001
+4.477405e+003	   +5.775793e+001
+4.487494e+003	   +5.757861e+001
+4.497606e+003	   +5.777182e+001
+4.507741e+003	   +5.772837e+001
+4.517898e+003	   +5.801064e+001
+4.528079e+003	   +5.775880e+001
+4.538282e+003	   +5.799929e+001
+4.548508e+003	   +5.794589e+001
+4.558758e+003	   +5.852757e+001
+4.569030e+003	   +5.839299e+001
+4.579326e+003	   +5.832389e+001
+4.589645e+003	   +5.829045e+001
+4.599987e+003	   +5.825266e+001
+4.610353e+003	   +5.870651e+001
+4.620741e+003	   +5.864281e+001
+4.631153e+003	   +5.843946e+001
+4.641589e+003	   +5.852440e+001
+4.652048e+003	   +5.853436e+001
+4.662531e+003	   +5.860499e+001
+4.673037e+003	   +5.890858e+001
+4.683567e+003	   +5.884554e+001
+4.694121e+003	   +5.868236e+001
+4.704698e+003	   +5.897753e+001
+4.715299e+003	   +5.911023e+001
+4.725925e+003	   +5.921943e+001
+4.736574e+003	   +5.945595e+001
+4.747247e+003	   +5.930357e+001
+4.757944e+003	   +5.950777e+001
+4.768666e+003	   +5.957441e+001
+4.779411e+003	   +5.958717e+001
+4.790181e+003	   +5.956443e+001
+4.800975e+003	   +5.967003e+001
+4.811793e+003	   +5.959971e+001
+4.822636e+003	   +5.979663e+001
+4.833503e+003	   +5.987149e+001
+4.844395e+003	   +5.983052e+001
+4.855311e+003	   +6.011818e+001
+4.866251e+003	   +6.022726e+001
+4.877217e+003	   +6.032417e+001
+4.888207e+003	   +6.012561e+001
+4.899222e+003	   +6.035993e+001
+4.910261e+003	   +6.031330e+001
+4.921326e+003	   +6.033692e+001
+4.932415e+003	   +6.038178e+001
+4.943530e+003	   +6.041822e+001
+4.954669e+003	   +6.053837e+001
+4.965834e+003	   +6.067123e+001
+4.977023e+003	   +6.054113e+001
+4.988239e+003	   +6.075598e+001
+4.999479e+003	   +6.070994e+001
+5.010744e+003	   +6.106164e+001
+5.022035e+003	   +6.095018e+001
+5.033352e+003	   +6.133847e+001
+5.044694e+003	   +6.106729e+001
+5.056061e+003	   +6.116593e+001
+5.067454e+003	   +6.141495e+001
+5.078873e+003	   +6.144296e+001
+5.090317e+003	   +6.107398e+001
+5.101788e+003	   +6.150178e+001
+5.113284e+003	   +6.127691e+001
+5.124806e+003	   +6.185740e+001
+5.136354e+003	   +6.166592e+001
+5.147928e+003	   +6.162586e+001
+5.159528e+003	   +6.210426e+001
+5.171154e+003	   +6.198767e+001
+5.182807e+003	   +6.181315e+001
+5.194485e+003	   +6.198015e+001
+5.206190e+003	   +6.177450e+001
+5.217922e+003	   +6.200385e+001
+5.229680e+003	   +6.240520e+001
+5.241464e+003	   +6.221982e+001
+5.253274e+003	   +6.198237e+001
+5.265112e+003	   +6.228085e+001
+5.276976e+003	   +6.252971e+001
+5.288867e+003	   +6.250485e+001
+5.300785e+003	   +6.261298e+001
+5.312729e+003	   +6.261675e+001
+5.324701e+003	   +6.247957e+001
+5.336699e+003	   +6.294146e+001
+5.348725e+003	   +6.288006e+001
+5.360777e+003	   +6.310035e+001
+5.372857e+003	   +6.279787e+001
+5.384964e+003	   +6.301020e+001
+5.397098e+003	   +6.305216e+001
+5.409260e+003	   +6.306425e+001
+5.421449e+003	   +6.350193e+001
+5.433665e+003	   +6.329514e+001
+5.445909e+003	   +6.342424e+001
+5.458181e+003	   +6.335725e+001
+5.470480e+003	   +6.345189e+001
+5.482807e+003	   +6.338863e+001
+5.495161e+003	   +6.349253e+001
+5.507544e+003	   +6.373615e+001
+5.519954e+003	   +6.375712e+001
+5.532393e+003	   +6.383736e+001
+5.544859e+003	   +6.385949e+001
+5.557354e+003	   +6.392994e+001
+5.569876e+003	   +6.376237e+001
+5.582427e+003	   +6.416284e+001
+5.595006e+003	   +6.398711e+001
+5.607614e+003	   +6.429935e+001
+5.620250e+003	   +6.407500e+001
+5.632914e+003	   +6.464623e+001
+5.645607e+003	   +6.428133e+001
+5.658329e+003	   +6.496384e+001
+5.671079e+003	   +6.474451e+001
+5.683858e+003	   +6.467618e+001
+5.696666e+003	   +6.456116e+001
+5.709502e+003	   +6.460345e+001
+5.722368e+003	   +6.451505e+001
+5.735262e+003	   +6.443259e+001
+5.748186e+003	   +6.487945e+001
+5.761138e+003	   +6.418832e+001
+5.774120e+003	   +6.488834e+001
+5.787131e+003	   +6.475407e+001
+5.800172e+003	   +6.504710e+001
+5.813242e+003	   +6.515977e+001
+5.826341e+003	   +6.528741e+001
+5.839470e+003	   +6.525533e+001
+5.852628e+003	   +6.550354e+001
+5.865816e+003	   +6.532401e+001
+5.879034e+003	   +6.533247e+001
+5.892281e+003	   +6.541714e+001
+5.905559e+003	   +6.549902e+001
+5.918866e+003	   +6.560255e+001
+5.932204e+003	   +6.593262e+001
+5.945571e+003	   +6.574263e+001
+5.958968e+003	   +6.577174e+001
+5.972396e+003	   +6.603837e+001
+5.985854e+003	   +6.559129e+001
+5.999342e+003	   +6.601796e+001
+6.012860e+003	   +6.612080e+001
+6.026410e+003	   +6.592249e+001
+6.039989e+003	   +6.608557e+001
+6.053600e+003	   +6.614690e+001
+6.067240e+003	   +6.622812e+001
+6.080912e+003	   +6.643774e+001
+6.094614e+003	   +6.626875e+001
+6.108348e+003	   +6.647873e+001
+6.122112e+003	   +6.630537e+001
+6.135907e+003	   +6.656291e+001
+6.149733e+003	   +6.671227e+001
+6.163591e+003	   +6.673601e+001
+6.177480e+003	   +6.663664e+001
+6.191400e+003	   +6.676569e+001
+6.205351e+003	   +6.692006e+001
+6.219334e+003	   +6.697631e+001
+6.233349e+003	   +6.669188e+001
+6.247395e+003	   +6.698169e+001
+6.261472e+003	   +6.731981e+001
+6.275581e+003	   +6.716095e+001
+6.289722e+003	   +6.735625e+001
+6.303896e+003	   +6.742609e+001
+6.318100e+003	   +6.750176e+001
+6.332337e+003	   +6.782346e+001
+6.346606e+003	   +6.743459e+001
+6.360907e+003	   +6.769348e+001
+6.375241e+003	   +6.777377e+001
+6.389606e+003	   +6.774641e+001
+6.404004e+003	   +6.745279e+001
+6.418435e+003	   +6.763878e+001
+6.432898e+003	   +6.782880e+001
+6.447393e+003	   +6.751330e+001
+6.461921e+003	   +6.781461e+001
+6.476482e+003	   +6.800027e+001
+6.491076e+003	   +6.801907e+001
+6.505703e+003	   +6.805350e+001
+6.520363e+003	   +6.823045e+001
+6.535055e+003	   +6.824599e+001
+6.549781e+003	   +6.787784e+001
+6.564540e+003	   +6.824122e+001
+6.579332e+003	   +6.837334e+001
+6.594158e+003	   +6.818818e+001
+6.609017e+003	   +6.857592e+001
+6.623909e+003	   +6.857793e+001
+6.638835e+003	   +6.865623e+001
+6.653795e+003	   +6.849541e+001
+6.668788e+003	   +6.898933e+001
+6.683815e+003	   +6.865758e+001
+6.698876e+003	   +6.864677e+001
+6.713971e+003	   +6.892277e+001
+6.729100e+003	   +6.907467e+001
+6.744263e+003	   +6.904194e+001
+6.759460e+003	   +6.898315e+001
+6.774692e+003	   +6.905791e+001
+6.789958e+003	   +6.903928e+001
+6.805258e+003	   +6.928996e+001
+6.820592e+003	   +6.898478e+001
+6.835961e+003	   +6.936493e+001
+6.851365e+003	   +6.937055e+001
+6.866804e+003	   +6.927481e+001
+6.882277e+003	   +6.940997e+001
+6.897785e+003	   +6.944143e+001
+6.913329e+003	   +6.963165e+001
+6.928907e+003	   +6.946740e+001
+6.944520e+003	   +6.955055e+001
+6.960168e+003	   +6.976130e+001
+6.975852e+003	   +6.969145e+001
+6.991571e+003	   +6.965932e+001
+7.007326e+003	   +6.991647e+001
+7.023116e+003	   +6.976866e+001
+7.038941e+003	   +6.963075e+001
+7.054802e+003	   +6.989837e+001
+7.070699e+003	   +7.009274e+001
+7.086632e+003	   +7.009753e+001
+7.102601e+003	   +7.000401e+001
+7.118605e+003	   +7.023324e+001
+7.134646e+003	   +7.035185e+001
+7.150723e+003	   +7.025474e+001
+7.166836e+003	   +7.025683e+001
+7.182985e+003	   +7.035236e+001
+7.199171e+003	   +7.055858e+001
+7.215394e+003	   +7.049277e+001
+7.231652e+003	   +7.083236e+001
+7.247948e+003	   +7.054192e+001
+7.264280e+003	   +7.065797e+001
+7.280649e+003	   +7.062633e+001
+7.297055e+003	   +7.050075e+001
+7.313498e+003	   +7.104243e+001
+7.329978e+003	   +7.105988e+001
+7.346495e+003	   +7.095981e+001
+7.363049e+003	   +7.109982e+001
+7.379640e+003	   +7.096422e+001
+7.396269e+003	   +7.074346e+001
+7.412936e+003	   +7.076122e+001
+7.429640e+003	   +7.096189e+001
+7.446381e+003	   +7.104186e+001
+7.463161e+003	   +7.128934e+001
+7.479978e+003	   +7.128811e+001
+7.496833e+003	   +7.131308e+001
+7.513726e+003	   +7.135226e+001
+7.530657e+003	   +7.134930e+001
+7.547626e+003	   +7.134744e+001
+7.564633e+003	   +7.143993e+001
+7.581679e+003	   +7.122890e+001
+7.598763e+003	   +7.154079e+001
+7.615886e+003	   +7.140277e+001
+7.633047e+003	   +7.176453e+001
+7.650247e+003	   +7.156094e+001
+7.667486e+003	   +7.176438e+001
+7.684763e+003	   +7.177162e+001
+7.702080e+003	   +7.179204e+001
+7.719436e+003	   +7.199587e+001
+7.736830e+003	   +7.181194e+001
+7.754264e+003	   +7.186570e+001
+7.771737e+003	   +7.197593e+001
+7.789249e+003	   +7.191344e+001
+7.806801e+003	   +7.195316e+001
+7.824393e+003	   +7.216673e+001
+7.842024e+003	   +7.182817e+001
+7.859694e+003	   +7.222656e+001
+7.877405e+003	   +7.222671e+001
+7.895156e+003	   +7.197616e+001
+7.912946e+003	   +7.229942e+001
+7.930777e+003	   +7.238813e+001
+7.948648e+003	   +7.242800e+001
+7.966559e+003	   +7.253773e+001
+7.984510e+003	   +7.238964e+001
+8.002502e+003	   +7.288132e+001
+8.020535e+003	   +7.281445e+001
+8.038608e+003	   +7.244072e+001
+8.056722e+003	   +7.270834e+001
+8.074876e+003	   +7.267603e+001
+8.093072e+003	   +7.285783e+001
+8.111308e+003	   +7.298731e+001
+8.129586e+003	   +7.304788e+001
+8.147905e+003	   +7.295897e+001
+8.166265e+003	   +7.308793e+001
+8.184667e+003	   +7.292303e+001
+8.203109e+003	   +7.324918e+001
+8.221594e+003	   +7.301471e+001
+8.240120e+003	   +7.345866e+001
+8.258688e+003	   +7.325744e+001
+8.277298e+003	   +7.292465e+001
+8.295949e+003	   +7.314627e+001
+8.314643e+003	   +7.335107e+001
+8.333379e+003	   +7.338818e+001
+8.352156e+003	   +7.330661e+001
+8.370977e+003	   +7.346516e+001
+8.389840e+003	   +7.334857e+001
+8.408745e+003	   +7.351064e+001
+8.427692e+003	   +7.333435e+001
+8.446684e+003	   +7.334081e+001
+8.465717e+003	   +7.384538e+001
+8.484793e+003	   +7.361658e+001
+8.503912e+003	   +7.393700e+001
+8.523074e+003	   +7.374620e+001
+8.542280e+003	   +7.360063e+001
+8.561528e+003	   +7.391340e+001
+8.580821e+003	   +7.378271e+001
+8.600156e+003	   +7.387309e+001
+8.619536e+003	   +7.379250e+001
+8.638959e+003	   +7.391317e+001
+8.658425e+003	   +7.392838e+001
+8.677936e+003	   +7.373220e+001
+8.697490e+003	   +7.404131e+001
+8.717089e+003	   +7.398008e+001
+8.736731e+003	   +7.449532e+001
+8.756418e+003	   +7.422328e+001
+8.776149e+003	   +7.430297e+001
+8.795925e+003	   +7.479259e+001
+8.815745e+003	   +7.416101e+001
+8.835610e+003	   +7.428298e+001
+8.855521e+003	   +7.449616e+001
+8.875475e+003	   +7.431405e+001
+8.895475e+003	   +7.440249e+001
+8.915519e+003	   +7.444139e+001
+8.935608e+003	   +7.465598e+001
+8.955744e+003	   +7.425135e+001
+8.975924e+003	   +7.458542e+001
+8.996150e+003	   +7.475919e+001
+9.016422e+003	   +7.486598e+001
+9.036739e+003	   +7.467397e+001
+9.057102e+003	   +7.460495e+001
+9.077511e+003	   +7.474345e+001
+9.097966e+003	   +7.492850e+001
+9.118467e+003	   +7.437374e+001
+9.139014e+003	   +7.473398e+001
+9.159606e+003	   +7.461677e+001
+9.180247e+003	   +7.479203e+001
+9.200933e+003	   +7.448377e+001
+9.221666e+003	   +7.477905e+001
+9.242445e+003	   +7.503212e+001
+9.263272e+003	   +7.471432e+001
+9.284146e+003	   +7.508916e+001
+9.305065e+003	   +7.484357e+001
+9.326033e+003	   +7.501074e+001
+9.347048e+003	   +7.502947e+001
+9.368110e+003	   +7.514780e+001
+9.389220e+003	   +7.506773e+001
+9.410377e+003	   +7.509287e+001
+9.431582e+003	   +7.579242e+001
+9.452835e+003	   +7.524038e+001
+9.474136e+003	   +7.479337e+001
+9.495484e+003	   +7.496028e+001
+9.516881e+003	   +7.542083e+001
+9.538325e+003	   +7.546522e+001
+9.559818e+003	   +7.538213e+001
+9.581360e+003	   +7.554071e+001
+9.602950e+003	   +7.544936e+001
+9.624590e+003	   +7.551039e+001
+9.646277e+003	   +7.548866e+001
+9.668014e+003	   +7.546041e+001
+9.689799e+003	   +7.532236e+001
+9.711634e+003	   +7.577412e+001
+9.733517e+003	   +7.578506e+001
+9.755450e+003	   +7.562432e+001
+9.777433e+003	   +7.591991e+001
+9.799465e+003	   +7.556355e+001
+9.821546e+003	   +7.549166e+001
+9.843678e+003	   +7.596818e+001
+9.865858e+003	   +7.607543e+001
+9.888090e+003	   +7.609290e+001
+9.910371e+003	   +7.561090e+001
+9.932703e+003	   +7.589366e+001
+9.955085e+003	   +7.613585e+001
+9.977518e+003	   +7.584637e+001
+1.000000e+004	   +7.604153e+001
+1.002253e+004	   +7.593305e+001
+1.004512e+004	   +7.605340e+001
+1.006775e+004	   +7.549046e+001
+1.009044e+004	   +7.591521e+001
+1.011318e+004	   +7.573956e+001
+1.013596e+004	   +7.616504e+001
+1.015880e+004	   +7.587126e+001
+1.018170e+004	   +7.608614e+001
+1.020464e+004	   +7.584437e+001
+1.022763e+004	   +7.574955e+001
+1.025068e+004	   +7.620991e+001
+1.027378e+004	   +7.624495e+001
+1.029693e+004	   +7.644344e+001
+1.032013e+004	   +7.623370e+001
+1.034339e+004	   +7.630058e+001
+1.036669e+004	   +7.626524e+001
+1.039005e+004	   +7.640804e+001
+1.041347e+004	   +7.627806e+001
+1.043693e+004	   +7.636199e+001
+1.046045e+004	   +7.652298e+001
+1.048402e+004	   +7.620093e+001
+1.050764e+004	   +7.643370e+001
+1.053132e+004	   +7.670345e+001
+1.055505e+004	   +7.651401e+001
+1.057884e+004	   +7.656646e+001
+1.060267e+004	   +7.658719e+001
+1.062657e+004	   +7.678154e+001
+1.065051e+004	   +7.640503e+001
+1.067451e+004	   +7.671138e+001
+1.069856e+004	   +7.672842e+001
+1.072267e+004	   +7.658983e+001
+1.074683e+004	   +7.658207e+001
+1.077105e+004	   +7.691405e+001
+1.079532e+004	   +7.667446e+001
+1.081965e+004	   +7.681136e+001
+1.084403e+004	   +7.674866e+001
+1.086846e+004	   +7.672512e+001
+1.089295e+004	   +7.684704e+001
+1.091750e+004	   +7.665496e+001
+1.094210e+004	   +7.658791e+001
+1.096676e+004	   +7.683710e+001
+1.099147e+004	   +7.669830e+001
+1.101624e+004	   +7.667185e+001
+1.104106e+004	   +7.677824e+001
+1.106594e+004	   +7.686597e+001
+1.109087e+004	   +7.706248e+001
+1.111587e+004	   +7.702451e+001
+1.114091e+004	   +7.667957e+001
+1.116602e+004	   +7.672412e+001
+1.119118e+004	   +7.696506e+001
+1.121640e+004	   +7.711979e+001
+1.124167e+004	   +7.709109e+001
+1.126700e+004	   +7.744968e+001
+1.129239e+004	   +7.710524e+001
+1.131784e+004	   +7.693141e+001
+1.134334e+004	   +7.697115e+001
+1.136890e+004	   +7.714501e+001
+1.139452e+004	   +7.698492e+001
+1.142019e+004	   +7.714257e+001
+1.144593e+004	   +7.707924e+001
+1.147172e+004	   +7.749741e+001
+1.149757e+004	   +7.720790e+001
+1.152348e+004	   +7.735751e+001
+1.154944e+004	   +7.721489e+001
+1.157547e+004	   +7.710504e+001
+1.160155e+004	   +7.728560e+001
+1.162770e+004	   +7.743962e+001
+1.165390e+004	   +7.722153e+001
+1.168016e+004	   +7.734294e+001
+1.170648e+004	   +7.739365e+001
+1.173286e+004	   +7.722801e+001
+1.175929e+004	   +7.747511e+001
+1.178579e+004	   +7.729440e+001
+1.181235e+004	   +7.761865e+001
+1.183897e+004	   +7.742696e+001
+1.186564e+004	   +7.741695e+001
+1.189238e+004	   +7.746565e+001
+1.191918e+004	   +7.745398e+001
+1.194604e+004	   +7.732999e+001
+1.197296e+004	   +7.729178e+001
+1.199993e+004	   +7.745626e+001
+1.202697e+004	   +7.757894e+001
+1.205408e+004	   +7.727956e+001
+1.208124e+004	   +7.681259e+001
+1.210846e+004	   +7.740356e+001
+1.213575e+004	   +7.749752e+001
+1.216309e+004	   +7.733105e+001
+1.219050e+004	   +7.718820e+001
+1.221797e+004	   +7.743112e+001
+1.224550e+004	   +7.764989e+001
+1.227309e+004	   +7.740588e+001
+1.230075e+004	   +7.751978e+001
+1.232847e+004	   +7.749777e+001
+1.235625e+004	   +7.753543e+001
+1.238409e+004	   +7.760624e+001
+1.241200e+004	   +7.757976e+001
+1.243996e+004	   +7.796181e+001
+1.246800e+004	   +7.758618e+001
+1.249609e+004	   +7.782043e+001
+1.252425e+004	   +7.751691e+001
+1.255247e+004	   +7.758511e+001
+1.258076e+004	   +7.739332e+001
+1.260911e+004	   +7.761546e+001
+1.263752e+004	   +7.764251e+001
+1.266599e+004	   +7.778247e+001
+1.269454e+004	   +7.778958e+001
+1.272314e+004	   +7.767160e+001
+1.275181e+004	   +7.769445e+001
+1.278054e+004	   +7.773826e+001
+1.280934e+004	   +7.761372e+001
+1.283821e+004	   +7.779900e+001
+1.286714e+004	   +7.768691e+001
+1.289613e+004	   +7.784284e+001
+1.292519e+004	   +7.725056e+001
+1.295432e+004	   +7.793279e+001
+1.298351e+004	   +7.722669e+001
+1.301276e+004	   +7.748395e+001
+1.304208e+004	   +7.770856e+001
+1.307147e+004	   +7.778776e+001
+1.310093e+004	   +7.782780e+001
+1.313045e+004	   +7.744495e+001
+1.316004e+004	   +7.781966e+001
+1.318969e+004	   +7.764757e+001
+1.321941e+004	   +7.773301e+001
+1.324920e+004	   +7.744513e+001
+1.327905e+004	   +7.768116e+001
+1.330898e+004	   +7.780897e+001
+1.333897e+004	   +7.775893e+001
+1.336902e+004	   +7.776104e+001
+1.339915e+004	   +7.773672e+001
+1.342934e+004	   +7.769817e+001
+1.345960e+004	   +7.773195e+001
+1.348993e+004	   +7.777101e+001
+1.352033e+004	   +7.771632e+001
+1.355080e+004	   +7.780678e+001
+1.358133e+004	   +7.774886e+001
+1.361193e+004	   +7.756638e+001
+1.364261e+004	   +7.762740e+001
+1.367335e+004	   +7.800254e+001
+1.370416e+004	   +7.770035e+001
+1.373504e+004	   +7.770648e+001
+1.376599e+004	   +7.774791e+001
+1.379701e+004	   +7.778976e+001
+1.382810e+004	   +7.765182e+001
+1.385926e+004	   +7.775507e+001
+1.389049e+004	   +7.767023e+001
+1.392179e+004	   +7.790847e+001
+1.395316e+004	   +7.793120e+001
+1.398460e+004	   +7.801775e+001
+1.401611e+004	   +7.787906e+001
+1.404770e+004	   +7.739122e+001
+1.407935e+004	   +7.775167e+001
+1.411108e+004	   +7.755786e+001
+1.414287e+004	   +7.773059e+001
+1.417474e+004	   +7.782293e+001
+1.420668e+004	   +7.755380e+001
+1.423870e+004	   +7.773203e+001
+1.427078e+004	   +7.808092e+001
+1.430294e+004	   +7.739848e+001
+1.433517e+004	   +7.784503e+001
+1.436747e+004	   +7.735549e+001
+1.439984e+004	   +7.768599e+001
+1.443229e+004	   +7.790364e+001
+1.446481e+004	   +7.782036e+001
+1.449741e+004	   +7.786275e+001
+1.453007e+004	   +7.794343e+001
+1.456282e+004	   +7.787958e+001
+1.459563e+004	   +7.769090e+001
+1.462852e+004	   +7.768663e+001
+1.466148e+004	   +7.779467e+001
+1.469452e+004	   +7.762492e+001
+1.472763e+004	   +7.787703e+001
+1.476082e+004	   +7.769233e+001
+1.479408e+004	   +7.769581e+001
+1.482742e+004	   +7.768758e+001
+1.486083e+004	   +7.788203e+001
+1.489431e+004	   +7.790108e+001
+1.492788e+004	   +7.752354e+001
+1.496151e+004	   +7.747964e+001
+1.499523e+004	   +7.770943e+001
+1.502902e+004	   +7.777197e+001
+1.506288e+004	   +7.794309e+001
+1.509683e+004	   +7.788438e+001
+1.513084e+004	   +7.742720e+001
+1.516494e+004	   +7.762142e+001
+1.519911e+004	   +7.747765e+001
+1.523336e+004	   +7.793163e+001
+1.526769e+004	   +7.769927e+001
+1.530209e+004	   +7.743975e+001
+1.533657e+004	   +7.748547e+001
+1.537113e+004	   +7.736103e+001
+1.540577e+004	   +7.776278e+001
+1.544048e+004	   +7.787959e+001
+1.547527e+004	   +7.765852e+001
+1.551014e+004	   +7.766242e+001
+1.554509e+004	   +7.733221e+001
+1.558012e+004	   +7.752652e+001
+1.561523e+004	   +7.755759e+001
+1.565042e+004	   +7.763763e+001
+1.568568e+004	   +7.715228e+001
+1.572103e+004	   +7.745229e+001
+1.575645e+004	   +7.730760e+001
+1.579196e+004	   +7.738535e+001
+1.582754e+004	   +7.748232e+001
+1.586321e+004	   +7.719070e+001
+1.589895e+004	   +7.729717e+001
+1.593478e+004	   +7.734338e+001
+1.597069e+004	   +7.701600e+001
+1.600667e+004	   +7.710022e+001
+1.604274e+004	   +7.691550e+001
+1.607889e+004	   +7.696645e+001
+1.611512e+004	   +7.710149e+001
+1.615144e+004	   +7.718829e+001
+1.618783e+004	   +7.753260e+001
+1.622431e+004	   +7.697275e+001
+1.626087e+004	   +7.706507e+001
+1.629751e+004	   +7.726042e+001
+1.633423e+004	   +7.721499e+001
+1.637104e+004	   +7.712397e+001
+1.640793e+004	   +7.718658e+001
+1.644490e+004	   +7.713649e+001
+1.648196e+004	   +7.707573e+001
+1.651910e+004	   +7.715249e+001
+1.655632e+004	   +7.677914e+001
+1.659363e+004	   +7.704460e+001
+1.663102e+004	   +7.697038e+001
+1.666849e+004	   +7.687035e+001
+1.670605e+004	   +7.697623e+001
+1.674370e+004	   +7.698017e+001
+1.678143e+004	   +7.682497e+001
+1.681924e+004	   +7.685320e+001
+1.685714e+004	   +7.700555e+001
+1.689513e+004	   +7.700926e+001
+1.693320e+004	   +7.677758e+001
+1.697136e+004	   +7.670564e+001
+1.700960e+004	   +7.682777e+001
+1.704793e+004	   +7.673096e+001
+1.708634e+004	   +7.678344e+001
+1.712484e+004	   +7.657344e+001
+1.716343e+004	   +7.675099e+001
+1.720211e+004	   +7.687336e+001
+1.724087e+004	   +7.611109e+001
+1.727972e+004	   +7.665504e+001
+1.731866e+004	   +7.674385e+001
+1.735768e+004	   +7.657470e+001
+1.739679e+004	   +7.667062e+001
+1.743599e+004	   +7.662747e+001
+1.747528e+004	   +7.663343e+001
+1.751466e+004	   +7.659274e+001
+1.755413e+004	   +7.636323e+001
+1.759368e+004	   +7.685075e+001
+1.763333e+004	   +7.664149e+001
+1.767306e+004	   +7.671021e+001
+1.771289e+004	   +7.658186e+001
+1.775280e+004	   +7.667107e+001
+1.779280e+004	   +7.685635e+001
+1.783290e+004	   +7.654743e+001
+1.787308e+004	   +7.659055e+001
+1.791336e+004	   +7.669315e+001
+1.795372e+004	   +7.610039e+001
+1.799418e+004	   +7.626157e+001
+1.803472e+004	   +7.602130e+001
+1.807536e+004	   +7.629915e+001
+1.811609e+004	   +7.637901e+001
+1.815691e+004	   +7.621412e+001
+1.819783e+004	   +7.641250e+001
+1.823883e+004	   +7.611979e+001
+1.827993e+004	   +7.641474e+001
+1.832112e+004	   +7.655267e+001
+1.836241e+004	   +7.615775e+001
+1.840379e+004	   +7.640251e+001
+1.844525e+004	   +7.597580e+001
+1.848682e+004	   +7.642410e+001
+1.852847e+004	   +7.655258e+001
+1.857023e+004	   +7.613196e+001
+1.861207e+004	   +7.593526e+001
+1.865401e+004	   +7.614466e+001
+1.869604e+004	   +7.636367e+001
+1.873817e+004	   +7.576461e+001
+1.878040e+004	   +7.604927e+001
+1.882272e+004	   +7.595419e+001
+1.886513e+004	   +7.572536e+001
+1.890764e+004	   +7.568575e+001
+1.895025e+004	   +7.554234e+001
+1.899295e+004	   +7.552296e+001
+1.903575e+004	   +7.561324e+001
+1.907864e+004	   +7.522369e+001
+1.912163e+004	   +7.550292e+001
+1.916472e+004	   +7.557140e+001
+1.920790e+004	   +7.534823e+001
+1.925119e+004	   +7.523935e+001
+1.929456e+004	   +7.511862e+001
+1.933804e+004	   +7.586391e+001
+1.938162e+004	   +7.560585e+001
+1.942529e+004	   +7.561282e+001
+1.946906e+004	   +7.552675e+001
+1.951293e+004	   +7.509961e+001
+1.955690e+004	   +7.536729e+001
+1.960097e+004	   +7.532030e+001
+1.964514e+004	   +7.526251e+001
+1.968941e+004	   +7.520493e+001
+1.973378e+004	   +7.526003e+001
+1.977824e+004	   +7.519395e+001
+1.982281e+004	   +7.488642e+001
+1.986748e+004	   +7.487388e+001
+1.991225e+004	   +7.484588e+001
+1.995712e+004	   +7.462617e+001
+2.000209e+004	   +7.506408e+001
+2.004716e+004	   +7.483186e+001
+2.009233e+004	   +7.437786e+001
+2.013761e+004	   +7.454341e+001
+2.018298e+004	   +7.442090e+001
+2.022846e+004	   +7.412194e+001
+2.027404e+004	   +7.393843e+001
+2.031973e+004	   +7.409155e+001
+2.036552e+004	   +7.396265e+001
+2.041141e+004	   +7.391203e+001
+2.045740e+004	   +7.387012e+001
+2.050350e+004	   +7.403497e+001
+2.054970e+004	   +7.421736e+001
+2.059601e+004	   +7.397618e+001
+2.064242e+004	   +7.416617e+001
+2.068893e+004	   +7.407724e+001
+2.073555e+004	   +7.423105e+001
+2.078227e+004	   +7.404953e+001
+2.082910e+004	   +7.423446e+001
+2.087604e+004	   +7.443529e+001
+2.092308e+004	   +7.440541e+001
+2.097023e+004	   +7.430147e+001
+2.101748e+004	   +7.425711e+001
+2.106484e+004	   +7.468060e+001
+2.111231e+004	   +7.454252e+001
+2.115988e+004	   +7.431483e+001
+2.120756e+004	   +7.431327e+001
+2.125535e+004	   +7.468695e+001
+2.130324e+004	   +7.420640e+001
+2.135125e+004	   +7.455322e+001
+2.139936e+004	   +7.454811e+001
+2.144758e+004	   +7.482029e+001
+2.149591e+004	   +7.451594e+001
+2.154435e+004	   +7.426756e+001
+2.159289e+004	   +7.435461e+001
+2.164155e+004	   +7.433450e+001
+2.169032e+004	   +7.447383e+001
+2.173919e+004	   +7.437172e+001
+2.178818e+004	   +7.444894e+001
+2.183728e+004	   +7.434260e+001
+2.188648e+004	   +7.450251e+001
+2.193580e+004	   +7.402711e+001
+2.198523e+004	   +7.445717e+001
+2.203477e+004	   +7.409200e+001
+2.208442e+004	   +7.413658e+001
+2.213419e+004	   +7.405304e+001
+2.218406e+004	   +7.384783e+001
+2.223405e+004	   +7.413092e+001
+2.228415e+004	   +7.368967e+001
+2.233437e+004	   +7.387405e+001
+2.238469e+004	   +7.356640e+001
+2.243513e+004	   +7.378925e+001
+2.248569e+004	   +7.374310e+001
+2.253636e+004	   +7.422185e+001
+2.258714e+004	   +7.377055e+001
+2.263803e+004	   +7.377954e+001
+2.268904e+004	   +7.372926e+001
+2.274017e+004	   +7.367334e+001
+2.279141e+004	   +7.375194e+001
+2.284277e+004	   +7.358281e+001
+2.289424e+004	   +7.337315e+001
+2.294583e+004	   +7.366802e+001
+2.299754e+004	   +7.348486e+001
+2.304936e+004	   +7.328617e+001
+2.310130e+004	   +7.316707e+001
+2.315335e+004	   +7.330557e+001
+2.320553e+004	   +7.340012e+001
+2.325781e+004	   +7.321491e+001
+2.331022e+004	   +7.333880e+001
+2.336275e+004	   +7.328812e+001
+2.341539e+004	   +7.312956e+001
+2.346816e+004	   +7.285815e+001
+2.352104e+004	   +7.303374e+001
+2.357404e+004	   +7.284759e+001
+2.362716e+004	   +7.265967e+001
+2.368040e+004	   +7.300900e+001
+2.373376e+004	   +7.294040e+001
+2.378724e+004	   +7.303501e+001
+2.384084e+004	   +7.287132e+001
+2.389456e+004	   +7.271462e+001
+2.394841e+004	   +7.282293e+001
+2.400237e+004	   +7.271677e+001
+2.405646e+004	   +7.282702e+001
+2.411066e+004	   +7.268408e+001
+2.416499e+004	   +7.255914e+001
+2.421945e+004	   +7.286964e+001
+2.427402e+004	   +7.276091e+001
+2.432872e+004	   +7.264997e+001
+2.438354e+004	   +7.254377e+001
+2.443849e+004	   +7.228683e+001
+2.449355e+004	   +7.249056e+001
+2.454875e+004	   +7.247592e+001
+2.460406e+004	   +7.255197e+001
+2.465951e+004	   +7.253538e+001
+2.471507e+004	   +7.255370e+001
+2.477076e+004	   +7.233038e+001
+2.482658e+004	   +7.216091e+001
+2.488252e+004	   +7.239304e+001
+2.493859e+004	   +7.230421e+001
+2.499479e+004	   +7.245616e+001
+2.505111e+004	   +7.242129e+001
+2.510756e+004	   +7.234828e+001
+2.516413e+004	   +7.225810e+001
+2.522084e+004	   +7.215760e+001
+2.527767e+004	   +7.212204e+001
+2.533463e+004	   +7.208096e+001
+2.539172e+004	   +7.219111e+001
+2.544893e+004	   +7.205673e+001
+2.550628e+004	   +7.199204e+001
+2.556375e+004	   +7.201527e+001
+2.562136e+004	   +7.201846e+001
+2.567909e+004	   +7.225512e+001
+2.573696e+004	   +7.233736e+001
+2.579495e+004	   +7.189365e+001
+2.585308e+004	   +7.207422e+001
+2.591133e+004	   +7.171852e+001
+2.596972e+004	   +7.183772e+001
+2.602824e+004	   +7.190269e+001
+2.608689e+004	   +7.175433e+001
+2.614567e+004	   +7.179954e+001
+2.620459e+004	   +7.194250e+001
+2.626363e+004	   +7.221368e+001
+2.632282e+004	   +7.195829e+001
+2.638213e+004	   +7.184143e+001
+2.644158e+004	   +7.154164e+001
+2.650116e+004	   +7.183619e+001
+2.656088e+004	   +7.190391e+001
+2.662073e+004	   +7.182416e+001
+2.668071e+004	   +7.196784e+001
+2.674084e+004	   +7.180448e+001
+2.680109e+004	   +7.160775e+001
+2.686148e+004	   +7.169047e+001
+2.692201e+004	   +7.186271e+001
+2.698268e+004	   +7.167915e+001
+2.704348e+004	   +7.207124e+001
+2.710442e+004	   +7.178307e+001
+2.716549e+004	   +7.164853e+001
+2.722671e+004	   +7.153915e+001
+2.728806e+004	   +7.162013e+001
+2.734955e+004	   +7.150316e+001
+2.741118e+004	   +7.161893e+001
+2.747294e+004	   +7.169533e+001
+2.753485e+004	   +7.164404e+001
+2.759689e+004	   +7.128964e+001
+2.765908e+004	   +7.149154e+001
+2.772141e+004	   +7.168189e+001
+2.778387e+004	   +7.155833e+001
+2.784648e+004	   +7.166613e+001
+2.790923e+004	   +7.115116e+001
+2.797212e+004	   +7.124715e+001
+2.803515e+004	   +7.138367e+001
+2.809832e+004	   +7.163444e+001
+2.816163e+004	   +7.196663e+001
+2.822509e+004	   +7.191475e+001
+2.828870e+004	   +7.135495e+001
+2.835244e+004	   +7.154673e+001
+2.841633e+004	   +7.140749e+001
+2.848036e+004	   +7.071156e+001
+2.854454e+004	   +7.176985e+001
+2.860886e+004	   +7.173228e+001
+2.867332e+004	   +7.092744e+001
+2.873793e+004	   +7.113994e+001
+2.880269e+004	   +7.123727e+001
+2.886759e+004	   +7.145750e+001
+2.893264e+004	   +7.186914e+001
+2.899784e+004	   +7.093250e+001
+2.906318e+004	   +7.072276e+001
+2.912867e+004	   +7.147818e+001
+2.919430e+004	   +7.058422e+001
+2.926009e+004	   +7.154636e+001
+2.932602e+004	   +7.108365e+001
+2.939211e+004	   +7.068301e+001
+2.945834e+004	   +7.191664e+001
+2.952472e+004	   +7.179161e+001
+2.959125e+004	   +7.149912e+001
+2.965793e+004	   +7.145464e+001
+2.972475e+004	   +7.118002e+001
+2.979173e+004	   +7.131346e+001
+2.985887e+004	   +7.130221e+001
+2.992615e+004	   +7.118134e+001
+2.999358e+004	   +7.114160e+001
+3.006117e+004	   +7.159049e+001
+3.012891e+004	   +7.137798e+001
+3.019680e+004	   +7.119440e+001
+3.026484e+004	   +7.132027e+001
+3.033304e+004	   +7.164900e+001
+3.040139e+004	   +7.129130e+001
+3.046990e+004	   +7.080054e+001
+3.053855e+004	   +7.124534e+001
+3.060737e+004	   +7.134705e+001
+3.067634e+004	   +7.102640e+001
+3.074546e+004	   +7.126508e+001
+3.081474e+004	   +7.144820e+001
+3.088418e+004	   +7.097467e+001
+3.095377e+004	   +7.114008e+001
+3.102352e+004	   +7.130026e+001
+3.109343e+004	   +7.161597e+001
+3.116349e+004	   +7.119220e+001
+3.123372e+004	   +7.159412e+001
+3.130410e+004	   +7.096118e+001
+3.137463e+004	   +7.112241e+001
+3.144533e+004	   +7.127557e+001
+3.151619e+004	   +7.135648e+001
+3.158721e+004	   +7.130896e+001
+3.165838e+004	   +7.130083e+001
+3.172972e+004	   +7.129737e+001
+3.180122e+004	   +7.150282e+001
+3.187288e+004	   +7.126783e+001
+3.194470e+004	   +7.115144e+001
+3.201668e+004	   +7.120950e+001
+3.208883e+004	   +7.122008e+001
+3.216114e+004	   +7.170385e+001
+3.223361e+004	   +7.102306e+001
+3.230624e+004	   +7.126476e+001
+3.237904e+004	   +7.102543e+001
+3.245200e+004	   +7.072440e+001
+3.252513e+004	   +7.113868e+001
+3.259841e+004	   +7.094500e+001
+3.267187e+004	   +7.112707e+001
+3.274549e+004	   +7.127808e+001
+3.281928e+004	   +7.137774e+001
+3.289323e+004	   +7.118073e+001
+3.296735e+004	   +7.109783e+001
+3.304164e+004	   +7.127093e+001
+3.311609e+004	   +7.147575e+001
+3.319071e+004	   +7.104224e+001
+3.326551e+004	   +7.094508e+001
+3.334046e+004	   +7.206142e+001
+3.341559e+004	   +7.149535e+001
+3.349089e+004	   +7.163708e+001
+3.356636e+004	   +7.169193e+001
+3.364199e+004	   +7.127473e+001
+3.371780e+004	   +7.126071e+001
+3.379378e+004	   +7.151707e+001
+3.386993e+004	   +7.143998e+001
+3.394625e+004	   +7.177631e+001
+3.402274e+004	   +7.142191e+001
+3.409941e+004	   +7.161073e+001
+3.417625e+004	   +7.186501e+001
+3.425325e+004	   +7.150519e+001
+3.433044e+004	   +7.144652e+001
+3.440780e+004	   +7.176332e+001
+3.448533e+004	   +7.181151e+001
+3.456304e+004	   +7.152158e+001
+3.464092e+004	   +7.174644e+001
+3.471898e+004	   +7.172879e+001
+3.479721e+004	   +7.155484e+001
+3.487563e+004	   +7.132739e+001
+3.495421e+004	   +7.161018e+001
+3.503298e+004	   +7.187642e+001
+3.511192e+004	   +7.167464e+001
+3.519104e+004	   +7.150021e+001
+3.527034e+004	   +7.144058e+001
+3.534981e+004	   +7.143906e+001
+3.542946e+004	   +7.152969e+001
+3.550930e+004	   +7.149549e+001
+3.558932e+004	   +7.130469e+001
+3.566951e+004	   +7.146582e+001
+3.574989e+004	   +7.141226e+001
+3.583045e+004	   +7.119959e+001
+3.591118e+004	   +7.112604e+001
+3.599211e+004	   +7.112709e+001
+3.607321e+004	   +7.102184e+001
+3.615449e+004	   +7.058559e+001
+3.623596e+004	   +7.117813e+001
+3.631761e+004	   +7.090244e+001
+3.639945e+004	   +7.074654e+001
+3.648147e+004	   +7.105415e+001
+3.656368e+004	   +7.086001e+001
+3.664607e+004	   +7.051402e+001
+3.672864e+004	   +7.035362e+001
+3.681141e+004	   +7.077547e+001
+3.689436e+004	   +6.993690e+001
+3.697749e+004	   +7.033768e+001
+3.706081e+004	   +7.126186e+001
+3.714432e+004	   +7.131341e+001
+3.722802e+004	   +7.157523e+001
+3.731191e+004	   +7.210243e+001
+3.739599e+004	   +7.215821e+001
+3.748025e+004	   +7.237132e+001
+3.756471e+004	   +7.237919e+001
+3.764936e+004	   +7.218941e+001
+3.773420e+004	   +7.231860e+001
+3.781922e+004	   +7.212247e+001
+3.790445e+004	   +7.143305e+001
+3.798986e+004	   +7.169867e+001
+3.807546e+004	   +7.152773e+001
+3.816126e+004	   +7.074352e+001
+3.824725e+004	   +7.048364e+001
+3.833343e+004	   +7.055304e+001
+3.841981e+004	   +7.090852e+001
+3.850639e+004	   +7.060823e+001
+3.859315e+004	   +7.080933e+001
+3.868012e+004	   +7.111295e+001
+3.876728e+004	   +7.136475e+001
+3.885463e+004	   +7.112350e+001
+3.894219e+004	   +7.104180e+001
+3.902994e+004	   +7.116413e+001
+3.911789e+004	   +7.104813e+001
+3.920603e+004	   +7.159666e+001
+3.929438e+004	   +7.157877e+001
+3.938292e+004	   +7.148382e+001
+3.947166e+004	   +7.141674e+001
+3.956061e+004	   +7.112803e+001
+3.964975e+004	   +7.146001e+001
+3.973910e+004	   +7.139729e+001
+3.982864e+004	   +7.157894e+001
+3.991839e+004	   +7.132585e+001
+4.000834e+004	   +7.134932e+001
+4.009849e+004	   +7.177743e+001
+4.018885e+004	   +7.103078e+001
+4.027941e+004	   +7.119217e+001
+4.037017e+004	   +7.144196e+001
+4.046114e+004	   +7.198109e+001
+4.055231e+004	   +7.164380e+001
+4.064369e+004	   +7.151504e+001
+4.073528e+004	   +7.184216e+001
+4.082707e+004	   +7.173485e+001
+4.091907e+004	   +7.129082e+001
+4.101127e+004	   +7.136592e+001
+4.110368e+004	   +7.126209e+001
+4.119630e+004	   +7.104537e+001
+4.128913e+004	   +7.096525e+001
+4.138217e+004	   +7.115496e+001
+4.147542e+004	   +7.153757e+001
+4.156888e+004	   +7.133289e+001
+4.166255e+004	   +7.127718e+001
+4.175643e+004	   +7.140074e+001
+4.185052e+004	   +7.139856e+001
+4.194482e+004	   +7.093994e+001
+4.203934e+004	   +7.103277e+001
+4.213407e+004	   +7.121503e+001
+4.222902e+004	   +7.128215e+001
+4.232417e+004	   +7.062985e+001
+4.241954e+004	   +7.057726e+001
+4.251513e+004	   +7.064787e+001
+4.261093e+004	   +7.030276e+001
+4.270695e+004	   +7.117766e+001
+4.280318e+004	   +7.057434e+001
+4.289963e+004	   +7.162042e+001
+4.299630e+004	   +7.185520e+001
+4.309319e+004	   +7.223669e+001
+4.319029e+004	   +7.187375e+001
+4.328761e+004	   +7.249936e+001
+4.338516e+004	   +7.187350e+001
+4.348292e+004	   +7.145244e+001
+4.358090e+004	   +7.094210e+001
+4.367910e+004	   +7.102871e+001
+4.377753e+004	   +6.963462e+001
+4.387617e+004	   +7.006371e+001
+4.397504e+004	   +7.001156e+001
+4.407413e+004	   +6.991022e+001
+4.417345e+004	   +6.928440e+001
+4.427298e+004	   +7.023273e+001
+4.437275e+004	   +7.034095e+001
+4.447273e+004	   +7.196624e+001
+4.457295e+004	   +7.208018e+001
+4.467339e+004	   +7.371667e+001
+4.477405e+004	   +7.349990e+001
+4.487494e+004	   +7.245464e+001
+4.497606e+004	   +7.373907e+001
+4.507741e+004	   +7.348523e+001
+4.517898e+004	   +7.368523e+001
+4.528079e+004	   +7.395927e+001
+4.538282e+004	   +7.499628e+001
+4.548509e+004	   +7.573883e+001
+4.558758e+004	   +7.603868e+001
+4.569030e+004	   +7.698029e+001
+4.579326e+004	   +7.759235e+001
+4.589645e+004	   +7.828602e+001
+4.599987e+004	   +7.798138e+001
+4.610352e+004	   +7.855063e+001
+4.620741e+004	   +7.953554e+001
+4.631153e+004	   +8.055328e+001
+4.641589e+004	   +8.124299e+001
+4.652048e+004	   +8.201070e+001
+4.662530e+004	   +8.357096e+001
+4.673037e+004	   +8.370472e+001
+4.683567e+004	   +8.381557e+001
+4.694121e+004	   +8.375548e+001
+4.704698e+004	   +8.245227e+001
+4.715300e+004	   +8.111229e+001
+4.725925e+004	   +7.907729e+001
+4.736574e+004	   +7.753525e+001
+4.747247e+004	   +7.645722e+001
+4.757944e+004	   +7.697871e+001
+4.768666e+004	   +7.683922e+001
+4.779411e+004	   +7.698711e+001
+4.790181e+004	   +7.641113e+001
+4.800975e+004	   +7.557099e+001
+4.811793e+004	   +7.456280e+001
+4.822636e+004	   +7.490446e+001
+4.833503e+004	   +7.593457e+001
+4.844395e+004	   +7.676470e+001
+4.855311e+004	   +7.632189e+001
+4.866251e+004	   +7.682515e+001
+4.877216e+004	   +7.717523e+001
+4.888207e+004	   +7.676771e+001
+4.899221e+004	   +7.654597e+001
+4.910261e+004	   +7.589792e+001
+4.921326e+004	   +7.526608e+001
+4.932415e+004	   +7.365375e+001
+4.943530e+004	   +7.302346e+001
+4.954669e+004	   +7.219138e+001
+4.965834e+004	   +7.157358e+001
+4.977023e+004	   +7.146797e+001
+4.988239e+004	   +7.005782e+001
+4.999479e+004	   +7.034081e+001
+5.010745e+004	   +6.930391e+001
+5.022035e+004	   +6.966576e+001
+5.033352e+004	   +7.004491e+001
+5.044694e+004	   +7.004509e+001
+5.056061e+004	   +6.911333e+001
+5.067454e+004	   +6.874570e+001
+5.078873e+004	   +6.921768e+001
+5.090318e+004	   +6.893407e+001
+5.101788e+004	   +6.853978e+001
+5.113284e+004	   +6.782759e+001
+5.124806e+004	   +6.887127e+001
+5.136354e+004	   +6.732612e+001
+5.147928e+004	   +6.694269e+001
+5.159528e+004	   +6.727232e+001
+5.171154e+004	   +6.758212e+001
+5.182807e+004	   +6.727055e+001
+5.194485e+004	   +6.690887e+001
+5.206190e+004	   +6.643551e+001
+5.217922e+004	   +6.675920e+001
+5.229679e+004	   +6.636596e+001
+5.241464e+004	   +6.593284e+001
+5.253275e+004	   +6.521993e+001
+5.265112e+004	   +6.578015e+001
+5.276976e+004	   +6.579597e+001
+5.288867e+004	   +6.520380e+001
+5.300785e+004	   +6.498614e+001
+5.312729e+004	   +6.488984e+001
+5.324701e+004	   +6.488860e+001
+5.336699e+004	   +6.479606e+001
+5.348725e+004	   +6.452560e+001
+5.360777e+004	   +6.416975e+001
+5.372857e+004	   +6.391666e+001
+5.384964e+004	   +6.356485e+001
+5.397098e+004	   +6.340064e+001
+5.409260e+004	   +6.307524e+001
+5.421448e+004	   +6.289961e+001
+5.433665e+004	   +6.322929e+001
+5.445909e+004	   +6.303238e+001
+5.458180e+004	   +6.238205e+001
+5.470480e+004	   +6.203910e+001
+5.482807e+004	   +6.190572e+001
+5.495161e+004	   +6.132148e+001
+5.507544e+004	   +6.106209e+001
+5.519954e+004	   +6.028335e+001
+5.532393e+004	   +5.935551e+001
+5.544859e+004	   +5.913591e+001
+5.557354e+004	   +5.921037e+001
+5.569876e+004	   +5.927635e+001
+5.582427e+004	   +5.931058e+001
+5.595006e+004	   +5.988196e+001
+5.607614e+004	   +5.966984e+001
+5.620250e+004	   +5.924476e+001
+5.632914e+004	   +5.913428e+001
+5.645607e+004	   +5.857774e+001
+5.658329e+004	   +5.806684e+001
+5.671079e+004	   +5.780734e+001
+5.683858e+004	   +5.752396e+001
+5.696666e+004	   +5.700679e+001
+5.709502e+004	   +5.668105e+001
+5.722368e+004	   +5.671789e+001
+5.735262e+004	   +5.682210e+001
+5.748186e+004	   +5.630127e+001
+5.761138e+004	   +5.546613e+001
+5.774120e+004	   +5.488446e+001
+5.787131e+004	   +5.392734e+001
+5.800172e+004	   +5.320401e+001
+5.813242e+004	   +5.270887e+001
+5.826341e+004	   +5.154536e+001
+5.839470e+004	   +5.013113e+001
+5.852628e+004	   +4.944423e+001
+5.865816e+004	   +4.798854e+001
+5.879034e+004	   +4.658931e+001
+5.892281e+004	   +4.481914e+001
+5.905559e+004	   +4.240915e+001
+5.918866e+004	   +3.944058e+001
+5.932204e+004	   +3.612054e+001
+5.945571e+004	   +3.265072e+001
+5.958968e+004	   +3.077419e+001
+5.972396e+004	   +3.065558e+001
+5.985854e+004	   +2.830247e+001
+5.999342e+004	   +2.892083e+001
+6.012861e+004	   +3.383696e+001
+6.026410e+004	   +3.904179e+001
+6.039989e+004	   +4.119991e+001
+6.053600e+004	   +4.148658e+001
+6.067240e+004	   +4.049519e+001
+6.080912e+004	   +4.273755e+001
+6.094614e+004	   +4.462592e+001
+6.108348e+004	   +4.237697e+001
+6.122112e+004	   +4.165371e+001
+6.135907e+004	   +4.009389e+001
+6.149734e+004	   +4.417323e+001
+6.163591e+004	   +4.667619e+001
+6.177480e+004	   +4.633514e+001
+6.191400e+004	   +4.825396e+001
+6.205351e+004	   +4.912093e+001
+6.219334e+004	   +4.835687e+001
+6.233348e+004	   +4.722728e+001
+6.247395e+004	   +4.722892e+001
+6.261472e+004	   +4.594038e+001
+6.275581e+004	   +4.243852e+001
+6.289722e+004	   +4.357175e+001
+6.303895e+004	   +4.811887e+001
+6.318100e+004	   +4.718575e+001
+6.332337e+004	   +4.550940e+001
+6.346606e+004	   +4.505165e+001
+6.360907e+004	   +4.494287e+001
+6.375241e+004	   +4.586050e+001
+6.389606e+004	   +4.565868e+001
+6.404004e+004	   +4.488034e+001
+6.418435e+004	   +4.379188e+001
+6.432898e+004	   +4.301395e+001
+6.447393e+004	   +4.457505e+001
+6.461921e+004	   +4.606655e+001
+6.476482e+004	   +4.446312e+001
+6.491076e+004	   +4.250392e+001
+6.505703e+004	   +4.234771e+001
+6.520363e+004	   +4.349180e+001
+6.535055e+004	   +4.582183e+001
+6.549781e+004	   +4.687105e+001
+6.564540e+004	   +4.766956e+001
+6.579332e+004	   +4.726205e+001
+6.594158e+004	   +4.700423e+001
+6.609016e+004	   +4.627383e+001
+6.623909e+004	   +4.554295e+001
+6.638835e+004	   +4.458224e+001
+6.653795e+004	   +4.310734e+001
+6.668788e+004	   +4.245630e+001
+6.683816e+004	   +4.172561e+001
+6.698877e+004	   +4.054288e+001
+6.713971e+004	   +4.013245e+001
+6.729100e+004	   +3.879954e+001
+6.744263e+004	   +3.633707e+001
+6.759460e+004	   +3.613317e+001
+6.774691e+004	   +3.653059e+001
+6.789958e+004	   +3.633115e+001
+6.805258e+004	   +3.762795e+001
+6.820592e+004	   +4.094879e+001
+6.835962e+004	   +4.273531e+001
+6.851366e+004	   +4.333859e+001
+6.866804e+004	   +4.192871e+001
+6.882277e+004	   +4.114297e+001
+6.897785e+004	   +3.983862e+001
+6.913328e+004	   +3.994098e+001
+6.928907e+004	   +4.143600e+001
+6.944520e+004	   +4.290413e+001
+6.960169e+004	   +4.321386e+001
+6.975852e+004	   +4.357270e+001
+6.991571e+004	   +4.372275e+001
+7.007326e+004	   +4.424965e+001
+7.023116e+004	   +4.379358e+001
+7.038941e+004	   +4.274184e+001
+7.054802e+004	   +4.159011e+001
+7.070699e+004	   +4.148326e+001
+7.086632e+004	   +4.298574e+001
+7.102601e+004	   +4.358904e+001
+7.118605e+004	   +4.376413e+001
+7.134646e+004	   +4.293822e+001
+7.150723e+004	   +4.299142e+001
+7.166836e+004	   +4.294577e+001
+7.182985e+004	   +4.351292e+001
+7.199171e+004	   +4.312762e+001
+7.215394e+004	   +4.319363e+001
+7.231652e+004	   +4.303563e+001
+7.247948e+004	   +4.326880e+001
+7.264280e+004	   +4.252084e+001
+7.280649e+004	   +4.101208e+001
+7.297055e+004	   +4.023623e+001
+7.313498e+004	   +3.973793e+001
+7.329977e+004	   +3.901279e+001
+7.346495e+004	   +3.859167e+001
+7.363048e+004	   +3.835594e+001
+7.379641e+004	   +3.740506e+001
+7.396270e+004	   +3.666390e+001
+7.412936e+004	   +3.715822e+001
+7.429640e+004	   +3.767333e+001
+7.446381e+004	   +3.776199e+001
+7.463160e+004	   +3.550180e+001
+7.479977e+004	   +3.449561e+001
+7.496833e+004	   +3.573003e+001
+7.513726e+004	   +3.662625e+001
+7.530656e+004	   +3.667311e+001
+7.547626e+004	   +3.711384e+001
+7.564634e+004	   +3.761762e+001
+7.581679e+004	   +3.785525e+001
+7.598763e+004	   +3.884525e+001
+7.615886e+004	   +4.095241e+001
+7.633047e+004	   +4.139341e+001
+7.650247e+004	   +4.141289e+001
+7.667486e+004	   +4.043978e+001
+7.684763e+004	   +3.960977e+001
+7.702080e+004	   +3.811135e+001
+7.719435e+004	   +3.806166e+001
+7.736830e+004	   +3.722158e+001
+7.754264e+004	   +3.715631e+001
+7.771737e+004	   +3.733898e+001
+7.789249e+004	   +3.798975e+001
+7.806801e+004	   +3.755192e+001
+7.824393e+004	   +3.614251e+001
+7.842023e+004	   +3.483214e+001
+7.859695e+004	   +3.104344e+001
+7.877405e+004	   +2.615270e+001
+7.895155e+004	   +1.956150e+001
+7.912946e+004	   +1.968642e+001
+7.930777e+004	   +2.858632e+001
+7.948648e+004	   +3.113031e+001
+7.966559e+004	   +2.929373e+001
+7.984510e+004	   +2.727098e+001
+8.002502e+004	   +2.759583e+001
+8.020534e+004	   +2.886794e+001
+8.038608e+004	   +2.930270e+001
+8.056722e+004	   +3.107071e+001
+8.074877e+004	   +3.248331e+001
+8.093072e+004	   +3.073256e+001
+8.111309e+004	   +2.929091e+001
+8.129586e+004	   +2.646537e+001
+8.147905e+004	   +2.344548e+001
+8.166265e+004	   +2.174977e+001
+8.184666e+004	   +1.797694e+001
+8.203109e+004	   +1.167598e+001
+8.221594e+004	   +8.202612e+000
+8.240120e+004	   +8.382497e+000
+8.258688e+004	   +1.156956e+001
+8.277298e+004	   +1.342914e+001
+8.295949e+004	   +1.339956e+001
+8.314643e+004	   +1.465148e+001
+8.333379e+004	   +3.294143e+000
+8.352157e+004	   -7.736995e+000
+8.370977e+004	   +1.729649e+000
+8.389840e+004	   +1.195962e+001
+8.408745e+004	   +1.690384e+001
+8.427693e+004	   +2.034298e+001
+8.446684e+004	   +2.230894e+001
+8.465716e+004	   +2.287197e+001
+8.484793e+004	   +2.425439e+001
+8.503913e+004	   +2.456203e+001
+8.523074e+004	   +2.345349e+001
+8.542280e+004	   +2.170300e+001
+8.561529e+004	   +2.202625e+001
+8.580821e+004	   +2.530047e+001
+8.600156e+004	   +2.613387e+001
+8.619536e+004	   +2.467278e+001
+8.638959e+004	   +2.426406e+001
+8.658425e+004	   +2.419439e+001
+8.677936e+004	   +2.382930e+001
+8.697490e+004	   +2.382126e+001
+8.717088e+004	   +2.234274e+001
+8.736731e+004	   +2.087739e+001
+8.756418e+004	   +1.951338e+001
+8.776149e+004	   +1.818385e+001
+8.795925e+004	   +1.860216e+001
+8.815745e+004	   +1.810040e+001
+8.835610e+004	   +1.756514e+001
+8.855520e+004	   +1.826682e+001
+8.875475e+004	   +2.027338e+001
+8.895474e+004	   +2.170201e+001
+8.915519e+004	   +2.163570e+001
+8.935609e+004	   +2.088537e+001
+8.955744e+004	   +2.034931e+001
+8.975924e+004	   +1.968460e+001
+8.996150e+004	   +1.908409e+001
+9.016422e+004	   +1.747518e+001
+9.036739e+004	   +1.627260e+001
+9.057102e+004	   +1.478479e+001
+9.077511e+004	   +1.300907e+001
+9.097966e+004	   +1.179384e+001
+9.118466e+004	   +1.080298e+001
+9.139013e+004	   +9.421038e+000
+9.159607e+004	   +8.596777e+000
+9.180247e+004	   +7.619815e+000
+9.200933e+004	   +6.639490e+000
+9.221666e+004	   +4.841228e+000
+9.242445e+004	   +3.703498e+000
+9.263272e+004	   +3.667383e+000
+9.284145e+004	   +3.005256e+000
+9.305066e+004	   +2.850243e+000
+9.326034e+004	   +3.008022e+000
+9.347048e+004	   +2.733075e+000
+9.368110e+004	   +7.014633e+000
+9.389220e+004	   +1.008296e+001
+9.410377e+004	   +8.145048e+000
+9.431582e+004	   +7.087528e+000
+9.452835e+004	   +7.735197e+000
+9.474135e+004	   +6.756716e+000
+9.495484e+004	   +8.578932e+000
+9.516880e+004	   +7.879818e+000
+9.538326e+004	   +6.706157e+000
+9.559819e+004	   +7.920979e+000
+9.581360e+004	   +8.213727e+000
+9.602951e+004	   +6.155119e+000
+9.624589e+004	   +6.562173e+000
+9.646277e+004	   +7.169335e+000
+9.668013e+004	   +7.795702e+000
+9.689798e+004	   +8.091369e+000
+9.711634e+004	   +8.550884e+000
+9.733517e+004	   +7.986782e+000
+9.755450e+004	   +7.175556e+000
+9.777433e+004	   +6.858974e+000
+9.799465e+004	   +7.442280e+000
+9.821546e+004	   +7.743227e+000
+9.843677e+004	   +7.227158e+000
+9.865859e+004	   +7.709740e+000
+9.888090e+004	   +6.826334e+000
+9.910371e+004	   +6.122401e+000
+9.932703e+004	   +6.328409e+000
+9.955085e+004	   +7.231177e+000
+9.977517e+004	   +6.415705e+000
+1.000000e+005	   +5.520355e+000
