+1.000000e+003	   -3.563655e+001
+1.002253e+003	   -3.592474e+001
+1.004512e+003	   -3.606374e+001
+1.006775e+003	   -3.606548e+001
+1.009044e+003	   -3.589923e+001
+1.011318e+003	   -3.580553e+001
+1.013596e+003	   -3.575829e+001
+1.015880e+003	   -3.569506e+001
+1.018170e+003	   -3.564450e+001
+1.020464e+003	   -3.546957e+001
+1.022763e+003	   -3.545687e+001
+1.025068e+003	   -3.549293e+001
+1.027378e+003	   -3.553864e+001
+1.029693e+003	   -3.541997e+001
+1.032013e+003	   -3.527280e+001
+1.034339e+003	   -3.516143e+001
+1.036669e+003	   -3.508971e+001
+1.039005e+003	   -3.544160e+001
+1.041347e+003	   -3.512356e+001
+1.043693e+003	   -3.492733e+001
+1.046045e+003	   -3.519906e+001
+1.048402e+003	   -3.507883e+001
+1.050764e+003	   -3.498018e+001
+1.053132e+003	   -3.491898e+001
+1.055505e+003	   -3.494687e+001
+1.057884e+003	   -3.482569e+001
+1.060267e+003	   -3.497358e+001
+1.062657e+003	   -3.485188e+001
+1.065051e+003	   -3.483670e+001
+1.067451e+003	   -3.484945e+001
+1.069856e+003	   -3.474327e+001
+1.072267e+003	   -3.469358e+001
+1.074683e+003	   -3.455227e+001
+1.077105e+003	   -3.478770e+001
+1.079532e+003	   -3.454274e+001
+1.081965e+003	   -3.461921e+001
+1.084403e+003	   -3.481361e+001
+1.086846e+003	   -3.441594e+001
+1.089295e+003	   -3.470784e+001
+1.091750e+003	   -3.474701e+001
+1.094210e+003	   -3.444748e+001
+1.096676e+003	   -3.469012e+001
+1.099147e+003	   -3.432030e+001
+1.101624e+003	   -3.445103e+001
+1.104106e+003	   -3.423907e+001
+1.106594e+003	   -3.386213e+001
+1.109087e+003	   -3.408937e+001
+1.111587e+003	   -3.450789e+001
+1.114091e+003	   -3.410473e+001
+1.116602e+003	   -3.423674e+001
+1.119118e+003	   -3.415590e+001
+1.121640e+003	   -3.444454e+001
+1.124167e+003	   -3.389199e+001
+1.126700e+003	   -3.419633e+001
+1.129239e+003	   -3.415013e+001
+1.131784e+003	   -3.419617e+001
+1.134334e+003	   -3.394542e+001
+1.136890e+003	   -3.410876e+001
+1.139452e+003	   -3.443924e+001
+1.142020e+003	   -3.421990e+001
+1.144593e+003	   -3.404774e+001
+1.147172e+003	   -3.400190e+001
+1.149757e+003	   -3.396078e+001
+1.152348e+003	   -3.401601e+001
+1.154944e+003	   -3.405169e+001
+1.157547e+003	   -3.410490e+001
+1.160155e+003	   -3.391753e+001
+1.162770e+003	   -3.383092e+001
+1.165390e+003	   -3.392039e+001
+1.168016e+003	   -3.399977e+001
+1.170648e+003	   -3.363448e+001
+1.173286e+003	   -3.412405e+001
+1.175929e+003	   -3.398869e+001
+1.178579e+003	   -3.434313e+001
+1.181235e+003	   -3.406374e+001
+1.183897e+003	   -3.426870e+001
+1.186564e+003	   -3.442992e+001
+1.189238e+003	   -3.448848e+001
+1.191918e+003	   -3.438250e+001
+1.194604e+003	   -3.489220e+001
+1.197296e+003	   -3.466280e+001
+1.199994e+003	   -3.466907e+001
+1.202698e+003	   -3.432937e+001
+1.205408e+003	   -3.413597e+001
+1.208124e+003	   -3.459529e+001
+1.210846e+003	   -3.493298e+001
+1.213575e+003	   -3.500999e+001
+1.216309e+003	   -3.447112e+001
+1.219050e+003	   -3.467913e+001
+1.221797e+003	   -3.499165e+001
+1.224550e+003	   -3.512595e+001
+1.227309e+003	   -3.459483e+001
+1.230075e+003	   -3.499514e+001
+1.232847e+003	   -3.490663e+001
+1.235625e+003	   -3.451174e+001
+1.238409e+003	   -3.532693e+001
+1.241200e+003	   -3.460770e+001
+1.243996e+003	   -3.492042e+001
+1.246800e+003	   -3.616053e+001
+1.249609e+003	   -3.503130e+001
+1.252425e+003	   -3.436444e+001
+1.255247e+003	   -3.507360e+001
+1.258076e+003	   -3.427710e+001
+1.260911e+003	   -3.421349e+001
+1.263752e+003	   -3.542979e+001
+1.266599e+003	   -3.504472e+001
+1.269453e+003	   -3.466265e+001
+1.272314e+003	   -3.469038e+001
+1.275181e+003	   -3.416433e+001
+1.278054e+003	   -3.363865e+001
+1.280934e+003	   -3.411942e+001
+1.283821e+003	   -3.534329e+001
+1.286714e+003	   -3.418584e+001
+1.289613e+003	   -3.381596e+001
+1.292519e+003	   -3.415465e+001
+1.295432e+003	   -3.434049e+001
+1.298351e+003	   -3.370605e+001
+1.301276e+003	   -3.435869e+001
+1.304208e+003	   -3.413823e+001
+1.307147e+003	   -3.378433e+001
+1.310093e+003	   -3.352024e+001
+1.313045e+003	   -3.346934e+001
+1.316004e+003	   -3.314897e+001
+1.318969e+003	   -3.385243e+001
+1.321941e+003	   -3.362830e+001
+1.324920e+003	   -3.357187e+001
+1.327905e+003	   -3.337141e+001
+1.330898e+003	   -3.316804e+001
+1.333897e+003	   -3.371589e+001
+1.336902e+003	   -3.330302e+001
+1.339915e+003	   -3.309065e+001
+1.342934e+003	   -3.313049e+001
+1.345960e+003	   -3.370238e+001
+1.348993e+003	   -3.357081e+001
+1.352033e+003	   -3.330458e+001
+1.355080e+003	   -3.351587e+001
+1.358133e+003	   -3.346618e+001
+1.361193e+003	   -3.340292e+001
+1.364261e+003	   -3.320189e+001
+1.367335e+003	   -3.321419e+001
+1.370416e+003	   -3.363807e+001
+1.373504e+003	   -3.332230e+001
+1.376599e+003	   -3.351307e+001
+1.379701e+003	   -3.311419e+001
+1.382810e+003	   -3.328484e+001
+1.385926e+003	   -3.325677e+001
+1.389049e+003	   -3.339568e+001
+1.392179e+003	   -3.347359e+001
+1.395316e+003	   -3.320187e+001
+1.398460e+003	   -3.327047e+001
+1.401611e+003	   -3.333093e+001
+1.404770e+003	   -3.330269e+001
+1.407935e+003	   -3.337114e+001
+1.411108e+003	   -3.326526e+001
+1.414287e+003	   -3.318518e+001
+1.417474e+003	   -3.328162e+001
+1.420668e+003	   -3.318663e+001
+1.423870e+003	   -3.310993e+001
+1.427078e+003	   -3.331686e+001
+1.430294e+003	   -3.326386e+001
+1.433517e+003	   -3.320069e+001
+1.436747e+003	   -3.318829e+001
+1.439984e+003	   -3.321259e+001
+1.443229e+003	   -3.304940e+001
+1.446481e+003	   -3.321346e+001
+1.449741e+003	   -3.317665e+001
+1.453007e+003	   -3.279019e+001
+1.456282e+003	   -3.293058e+001
+1.459563e+003	   -3.292580e+001
+1.462852e+003	   -3.280520e+001
+1.466148e+003	   -3.274370e+001
+1.469452e+003	   -3.278437e+001
+1.472763e+003	   -3.257782e+001
+1.476082e+003	   -3.253600e+001
+1.479408e+003	   -3.249668e+001
+1.482742e+003	   -3.257586e+001
+1.486083e+003	   -3.241928e+001
+1.489432e+003	   -3.261229e+001
+1.492788e+003	   -3.250301e+001
+1.496151e+003	   -3.239325e+001
+1.499523e+003	   -3.206784e+001
+1.502902e+003	   -3.216045e+001
+1.506288e+003	   -3.214427e+001
+1.509682e+003	   -3.194553e+001
+1.513084e+003	   -3.206711e+001
+1.516494e+003	   -3.195832e+001
+1.519911e+003	   -3.174585e+001
+1.523336e+003	   -3.150390e+001
+1.526769e+003	   -3.129568e+001
+1.530209e+003	   -3.094601e+001
+1.533657e+003	   -3.082116e+001
+1.537113e+003	   -3.050483e+001
+1.540577e+003	   -3.004295e+001
+1.544048e+003	   -2.969706e+001
+1.547527e+003	   -2.931641e+001
+1.551014e+003	   -2.878413e+001
+1.554509e+003	   -2.818442e+001
+1.558012e+003	   -2.799022e+001
+1.561523e+003	   -2.817733e+001
+1.565042e+003	   -2.801118e+001
+1.568568e+003	   -2.814087e+001
+1.572103e+003	   -2.836414e+001
+1.575645e+003	   -2.844859e+001
+1.579196e+003	   -2.893016e+001
+1.582754e+003	   -2.925735e+001
+1.586321e+003	   -2.949563e+001
+1.589895e+003	   -2.968957e+001
+1.593478e+003	   -2.964732e+001
+1.597069e+003	   -2.997137e+001
+1.600667e+003	   -3.020668e+001
+1.604274e+003	   -3.011212e+001
+1.607889e+003	   -3.027642e+001
+1.611512e+003	   -3.033372e+001
+1.615144e+003	   -3.042277e+001
+1.618783e+003	   -3.021155e+001
+1.622431e+003	   -3.009921e+001
+1.626087e+003	   -3.051794e+001
+1.629751e+003	   -3.065699e+001
+1.633423e+003	   -3.045890e+001
+1.637104e+003	   -3.038785e+001
+1.640793e+003	   -3.029619e+001
+1.644490e+003	   -3.042030e+001
+1.648196e+003	   -3.035246e+001
+1.651910e+003	   -3.028488e+001
+1.655632e+003	   -3.053934e+001
+1.659363e+003	   -3.031765e+001
+1.663102e+003	   -3.006380e+001
+1.666849e+003	   -2.997408e+001
+1.670605e+003	   -3.046443e+001
+1.674370e+003	   -2.999562e+001
+1.678143e+003	   -3.047308e+001
+1.681924e+003	   -3.018898e+001
+1.685714e+003	   -3.013909e+001
+1.689513e+003	   -3.030171e+001
+1.693320e+003	   -3.009913e+001
+1.697135e+003	   -3.025725e+001
+1.700960e+003	   -3.008681e+001
+1.704793e+003	   -3.015115e+001
+1.708634e+003	   -3.000659e+001
+1.712484e+003	   -2.995392e+001
+1.716343e+003	   -2.986592e+001
+1.720211e+003	   -2.999090e+001
+1.724087e+003	   -2.981592e+001
+1.727972e+003	   -2.994740e+001
+1.731866e+003	   -2.972263e+001
+1.735768e+003	   -2.952029e+001
+1.739679e+003	   -3.026956e+001
+1.743599e+003	   -2.972847e+001
+1.747528e+003	   -2.997371e+001
+1.751466e+003	   -2.971228e+001
+1.755413e+003	   -2.931565e+001
+1.759368e+003	   -2.998191e+001
+1.763333e+003	   -2.976366e+001
+1.767306e+003	   -2.950957e+001
+1.771289e+003	   -2.965328e+001
+1.775280e+003	   -2.966053e+001
+1.779280e+003	   -2.964968e+001
+1.783290e+003	   -2.949549e+001
+1.787308e+003	   -2.988528e+001
+1.791335e+003	   -2.972820e+001
+1.795372e+003	   -2.939394e+001
+1.799418e+003	   -2.968191e+001
+1.803472e+003	   -2.951191e+001
+1.807536e+003	   -2.951999e+001
+1.811609e+003	   -2.946270e+001
+1.815691e+003	   -2.950483e+001
+1.819783e+003	   -2.953141e+001
+1.823883e+003	   -2.933884e+001
+1.827993e+003	   -2.935615e+001
+1.832112e+003	   -2.937216e+001
+1.836241e+003	   -2.912899e+001
+1.840378e+003	   -2.927351e+001
+1.844526e+003	   -2.929788e+001
+1.848682e+003	   -2.937534e+001
+1.852848e+003	   -2.925017e+001
+1.857023e+003	   -2.917311e+001
+1.861207e+003	   -2.919547e+001
+1.865401e+003	   -2.923254e+001
+1.869604e+003	   -2.919103e+001
+1.873817e+003	   -2.951967e+001
+1.878040e+003	   -2.900129e+001
+1.882272e+003	   -2.902561e+001
+1.886513e+003	   -2.883978e+001
+1.890764e+003	   -2.849282e+001
+1.895025e+003	   -2.879883e+001
+1.899295e+003	   -2.879913e+001
+1.903575e+003	   -2.880657e+001
+1.907864e+003	   -2.869473e+001
+1.912163e+003	   -2.881323e+001
+1.916472e+003	   -2.880651e+001
+1.920790e+003	   -2.865588e+001
+1.925119e+003	   -2.857562e+001
+1.929457e+003	   -2.842303e+001
+1.933804e+003	   -2.858764e+001
+1.938162e+003	   -2.860056e+001
+1.942529e+003	   -2.849002e+001
+1.946906e+003	   -2.869660e+001
+1.951293e+003	   -2.865539e+001
+1.955690e+003	   -2.846543e+001
+1.960097e+003	   -2.854777e+001
+1.964514e+003	   -2.845673e+001
+1.968941e+003	   -2.840708e+001
+1.973377e+003	   -2.824340e+001
+1.977824e+003	   -2.834071e+001
+1.982281e+003	   -2.832129e+001
+1.986748e+003	   -2.838228e+001
+1.991224e+003	   -2.826862e+001
+1.995711e+003	   -2.833111e+001
+2.000208e+003	   -2.835074e+001
+2.004716e+003	   -2.826796e+001
+2.009233e+003	   -2.825407e+001
+2.013760e+003	   -2.826104e+001
+2.018298e+003	   -2.821169e+001
+2.022846e+003	   -2.836909e+001
+2.027404e+003	   -2.827878e+001
+2.031973e+003	   -2.825607e+001
+2.036552e+003	   -2.837370e+001
+2.041141e+003	   -2.851454e+001
+2.045740e+003	   -2.836077e+001
+2.050350e+003	   -2.823943e+001
+2.054970e+003	   -2.828602e+001
+2.059601e+003	   -2.817413e+001
+2.064241e+003	   -2.830654e+001
+2.068893e+003	   -2.841429e+001
+2.073555e+003	   -2.846031e+001
+2.078227e+003	   -2.821869e+001
+2.082910e+003	   -2.821225e+001
+2.087604e+003	   -2.822942e+001
+2.092308e+003	   -2.826801e+001
+2.097023e+003	   -2.824733e+001
+2.101748e+003	   -2.839938e+001
+2.106484e+003	   -2.836246e+001
+2.111231e+003	   -2.826308e+001
+2.115988e+003	   -2.822481e+001
+2.120756e+003	   -2.815895e+001
+2.125535e+003	   -2.810608e+001
+2.130324e+003	   -2.811902e+001
+2.135125e+003	   -2.805556e+001
+2.139936e+003	   -2.813739e+001
+2.144758e+003	   -2.796565e+001
+2.149591e+003	   -2.799281e+001
+2.154435e+003	   -2.799810e+001
+2.159289e+003	   -2.799837e+001
+2.164155e+003	   -2.787698e+001
+2.169032e+003	   -2.798515e+001
+2.173919e+003	   -2.781425e+001
+2.178818e+003	   -2.783957e+001
+2.183728e+003	   -2.787576e+001
+2.188648e+003	   -2.783931e+001
+2.193580e+003	   -2.770804e+001
+2.198523e+003	   -2.769018e+001
+2.203477e+003	   -2.773897e+001
+2.208442e+003	   -2.756507e+001
+2.213418e+003	   -2.781162e+001
+2.218406e+003	   -2.772413e+001
+2.223405e+003	   -2.766567e+001
+2.228415e+003	   -2.746184e+001
+2.233437e+003	   -2.754889e+001
+2.238469e+003	   -2.752465e+001
+2.243513e+003	   -2.748136e+001
+2.248569e+003	   -2.746686e+001
+2.253635e+003	   -2.731749e+001
+2.258714e+003	   -2.757192e+001
+2.263803e+003	   -2.733018e+001
+2.268905e+003	   -2.712563e+001
+2.274017e+003	   -2.741829e+001
+2.279141e+003	   -2.709187e+001
+2.284277e+003	   -2.723315e+001
+2.289424e+003	   -2.715830e+001
+2.294583e+003	   -2.715277e+001
+2.299754e+003	   -2.717583e+001
+2.304936e+003	   -2.721539e+001
+2.310130e+003	   -2.697231e+001
+2.315335e+003	   -2.706675e+001
+2.320552e+003	   -2.695841e+001
+2.325781e+003	   -2.691702e+001
+2.331022e+003	   -2.675371e+001
+2.336275e+003	   -2.695185e+001
+2.341539e+003	   -2.676990e+001
+2.346816e+003	   -2.687836e+001
+2.352104e+003	   -2.686178e+001
+2.357404e+003	   -2.681041e+001
+2.362716e+003	   -2.669145e+001
+2.368040e+003	   -2.654891e+001
+2.373376e+003	   -2.669298e+001
+2.378724e+003	   -2.672297e+001
+2.384084e+003	   -2.664619e+001
+2.389457e+003	   -2.654092e+001
+2.394841e+003	   -2.678740e+001
+2.400237e+003	   -2.651171e+001
+2.405646e+003	   -2.653447e+001
+2.411066e+003	   -2.653605e+001
+2.416500e+003	   -2.652637e+001
+2.421945e+003	   -2.637606e+001
+2.427402e+003	   -2.640287e+001
+2.432872e+003	   -2.631879e+001
+2.438354e+003	   -2.631599e+001
+2.443849e+003	   -2.626305e+001
+2.449355e+003	   -2.624768e+001
+2.454875e+003	   -2.637363e+001
+2.460406e+003	   -2.617680e+001
+2.465950e+003	   -2.630159e+001
+2.471507e+003	   -2.620144e+001
+2.477076e+003	   -2.623682e+001
+2.482658e+003	   -2.612796e+001
+2.488252e+003	   -2.621589e+001
+2.493859e+003	   -2.600630e+001
+2.499479e+003	   -2.605775e+001
+2.505111e+003	   -2.599540e+001
+2.510756e+003	   -2.594720e+001
+2.516414e+003	   -2.599731e+001
+2.522084e+003	   -2.588167e+001
+2.527767e+003	   -2.584949e+001
+2.533463e+003	   -2.599417e+001
+2.539172e+003	   -2.609635e+001
+2.544893e+003	   -2.570703e+001
+2.550628e+003	   -2.591668e+001
+2.556375e+003	   -2.588849e+001
+2.562136e+003	   -2.583884e+001
+2.567909e+003	   -2.579547e+001
+2.573696e+003	   -2.580167e+001
+2.579495e+003	   -2.572120e+001
+2.585308e+003	   -2.537625e+001
+2.591133e+003	   -2.569419e+001
+2.596972e+003	   -2.548585e+001
+2.602824e+003	   -2.555343e+001
+2.608689e+003	   -2.563489e+001
+2.614567e+003	   -2.543250e+001
+2.620459e+003	   -2.538717e+001
+2.626364e+003	   -2.529956e+001
+2.632282e+003	   -2.501483e+001
+2.638213e+003	   -2.505471e+001
+2.644158e+003	   -2.552123e+001
+2.650116e+003	   -2.523528e+001
+2.656088e+003	   -2.537270e+001
+2.662073e+003	   -2.496656e+001
+2.668072e+003	   -2.565029e+001
+2.674083e+003	   -2.543510e+001
+2.680109e+003	   -2.507229e+001
+2.686148e+003	   -2.491359e+001
+2.692201e+003	   -2.481855e+001
+2.698268e+003	   -2.527734e+001
+2.704348e+003	   -2.499464e+001
+2.710442e+003	   -2.699804e+001
+2.716549e+003	   -2.485845e+001
+2.722671e+003	   -2.483640e+001
+2.728806e+003	   -2.451927e+001
+2.734955e+003	   -2.471832e+001
+2.741118e+003	   -2.467576e+001
+2.747294e+003	   -2.444897e+001
+2.753485e+003	   -2.457288e+001
+2.759689e+003	   -2.479505e+001
+2.765908e+003	   -2.466931e+001
+2.772141e+003	   -2.466060e+001
+2.778387e+003	   -2.467199e+001
+2.784648e+003	   -2.452342e+001
+2.790923e+003	   -2.471720e+001
+2.797212e+003	   -2.462118e+001
+2.803515e+003	   -2.436248e+001
+2.809832e+003	   -2.423195e+001
+2.816164e+003	   -2.467965e+001
+2.822509e+003	   -2.432469e+001
+2.828869e+003	   -2.425084e+001
+2.835244e+003	   -2.478381e+001
+2.841633e+003	   -2.455213e+001
+2.848036e+003	   -2.437038e+001
+2.854454e+003	   -2.415989e+001
+2.860885e+003	   -2.429603e+001
+2.867332e+003	   -2.417889e+001
+2.873793e+003	   -2.404473e+001
+2.880269e+003	   -2.422053e+001
+2.886759e+003	   -2.397930e+001
+2.893264e+003	   -2.370603e+001
+2.899784e+003	   -2.409139e+001
+2.906318e+003	   -2.433767e+001
+2.912867e+003	   -2.402926e+001
+2.919430e+003	   -2.372379e+001
+2.926009e+003	   -2.396540e+001
+2.932602e+003	   -2.376816e+001
+2.939210e+003	   -2.391661e+001
+2.945833e+003	   -2.385723e+001
+2.952472e+003	   -2.366414e+001
+2.959125e+003	   -2.371822e+001
+2.965792e+003	   -2.310274e+001
+2.972476e+003	   -2.383307e+001
+2.979174e+003	   -2.374531e+001
+2.985887e+003	   -2.361081e+001
+2.992615e+003	   -2.384029e+001
+2.999358e+003	   -2.375238e+001
+3.006117e+003	   -2.367977e+001
+3.012891e+003	   -2.353443e+001
+3.019680e+003	   -2.368478e+001
+3.026484e+003	   -2.369575e+001
+3.033304e+003	   -2.348310e+001
+3.040139e+003	   -2.398795e+001
+3.046990e+003	   -2.385574e+001
+3.053855e+003	   -2.364815e+001
+3.060737e+003	   -2.374724e+001
+3.067634e+003	   -2.338041e+001
+3.074546e+003	   -2.415666e+001
+3.081474e+003	   -2.370941e+001
+3.088418e+003	   -2.343409e+001
+3.095377e+003	   -2.380751e+001
+3.102352e+003	   -2.395729e+001
+3.109343e+003	   -2.424257e+001
+3.116349e+003	   -2.356651e+001
+3.123372e+003	   -2.378452e+001
+3.130410e+003	   -2.360044e+001
+3.137464e+003	   -2.378737e+001
+3.144533e+003	   -2.358432e+001
+3.151619e+003	   -2.326594e+001
+3.158721e+003	   -2.323166e+001
+3.165839e+003	   -2.282415e+001
+3.172972e+003	   -2.262420e+001
+3.180122e+003	   -2.327806e+001
+3.187288e+003	   -2.258992e+001
+3.194470e+003	   -2.264617e+001
+3.201668e+003	   -2.235265e+001
+3.208883e+003	   -2.250912e+001
+3.216114e+003	   -2.228935e+001
+3.223361e+003	   -2.225843e+001
+3.230624e+003	   -2.227584e+001
+3.237904e+003	   -2.196446e+001
+3.245200e+003	   -2.209966e+001
+3.252512e+003	   -2.198483e+001
+3.259842e+003	   -2.206901e+001
+3.267187e+003	   -2.245646e+001
+3.274549e+003	   -2.201775e+001
+3.281928e+003	   -2.277294e+001
+3.289323e+003	   -2.253499e+001
+3.296735e+003	   -2.268289e+001
+3.304164e+003	   -2.197632e+001
+3.311609e+003	   -2.213269e+001
+3.319072e+003	   -2.196562e+001
+3.326551e+003	   -2.244325e+001
+3.334046e+003	   -2.200879e+001
+3.341559e+003	   -2.235627e+001
+3.349089e+003	   -2.264178e+001
+3.356636e+003	   -2.116657e+001
+3.364199e+003	   -2.227730e+001
+3.371780e+003	   -2.228209e+001
+3.379378e+003	   -2.238458e+001
+3.386993e+003	   -2.155367e+001
+3.394625e+003	   -2.183618e+001
+3.402274e+003	   -2.158684e+001
+3.409941e+003	   -2.207743e+001
+3.417625e+003	   -2.172746e+001
+3.425326e+003	   -2.114538e+001
+3.433044e+003	   -2.130549e+001
+3.440780e+003	   -2.192947e+001
+3.448533e+003	   -2.068227e+001
+3.456304e+003	   -2.217298e+001
+3.464092e+003	   -2.193095e+001
+3.471898e+003	   -2.154192e+001
+3.479721e+003	   -2.180703e+001
+3.487563e+003	   -2.202817e+001
+3.495421e+003	   -2.021238e+001
+3.503298e+003	   -2.412981e+001
+3.511192e+003	   -2.079878e+001
+3.519104e+003	   -2.094408e+001
+3.527033e+003	   -2.112373e+001
+3.534981e+003	   -2.158885e+001
+3.542947e+003	   -2.211517e+001
+3.550930e+003	   -2.203492e+001
+3.558932e+003	   -2.089605e+001
+3.566951e+003	   -2.086291e+001
+3.574989e+003	   -2.183151e+001
+3.583044e+003	   -2.184077e+001
+3.591118e+003	   -2.122507e+001
+3.599210e+003	   -2.155422e+001
+3.607321e+003	   -2.172861e+001
+3.615449e+003	   -2.140487e+001
+3.623596e+003	   -2.132438e+001
+3.631761e+003	   -2.136622e+001
+3.639945e+003	   -2.145178e+001
+3.648147e+003	   -2.134523e+001
+3.656368e+003	   -2.121543e+001
+3.664607e+003	   -2.161748e+001
+3.672864e+003	   -2.115665e+001
+3.681141e+003	   -2.142937e+001
+3.689436e+003	   -2.096546e+001
+3.697749e+003	   -2.089929e+001
+3.706081e+003	   -2.121109e+001
+3.714433e+003	   -2.109440e+001
+3.722802e+003	   -2.114291e+001
+3.731191e+003	   -2.126789e+001
+3.739599e+003	   -2.109576e+001
+3.748026e+003	   -2.140071e+001
+3.756471e+003	   -2.115184e+001
+3.764936e+003	   -2.153350e+001
+3.773419e+003	   -2.102880e+001
+3.781922e+003	   -2.112963e+001
+3.790444e+003	   -2.111438e+001
+3.798986e+003	   -2.112296e+001
+3.807546e+003	   -2.096096e+001
+3.816126e+003	   -2.101667e+001
+3.824725e+003	   -2.101081e+001
+3.833343e+003	   -2.106641e+001
+3.841981e+003	   -2.083682e+001
+3.850638e+003	   -2.106954e+001
+3.859315e+003	   -2.107803e+001
+3.868012e+003	   -2.107766e+001
+3.876728e+003	   -2.080030e+001
+3.885463e+003	   -2.110381e+001
+3.894219e+003	   -2.082613e+001
+3.902994e+003	   -2.110655e+001
+3.911789e+003	   -2.091694e+001
+3.920603e+003	   -2.074300e+001
+3.929438e+003	   -2.078164e+001
+3.938292e+003	   -2.056851e+001
+3.947167e+003	   -2.055642e+001
+3.956061e+003	   -2.083623e+001
+3.964975e+003	   -2.071530e+001
+3.973910e+003	   -2.045313e+001
+3.982864e+003	   -2.066528e+001
+3.991839e+003	   -2.076940e+001
+4.000834e+003	   -2.050259e+001
+4.009849e+003	   -2.100934e+001
+4.018885e+003	   -2.114488e+001
+4.027941e+003	   -2.057015e+001
+4.037017e+003	   -2.098323e+001
+4.046114e+003	   -2.032168e+001
+4.055231e+003	   -2.114823e+001
+4.064369e+003	   -2.083363e+001
+4.073528e+003	   -2.037256e+001
+4.082707e+003	   -2.036967e+001
+4.091906e+003	   -2.063920e+001
+4.101127e+003	   -2.043332e+001
+4.110368e+003	   -2.064201e+001
+4.119630e+003	   -2.047417e+001
+4.128914e+003	   -2.063048e+001
+4.138217e+003	   -2.034582e+001
+4.147542e+003	   -2.031658e+001
+4.156888e+003	   -2.031487e+001
+4.166255e+003	   -2.045506e+001
+4.175643e+003	   -2.039920e+001
+4.185052e+003	   -2.041326e+001
+4.194482e+003	   -2.054068e+001
+4.203934e+003	   -2.051092e+001
+4.213407e+003	   -2.022101e+001
+4.222901e+003	   -2.032295e+001
+4.232417e+003	   -2.024239e+001
+4.241954e+003	   -2.018134e+001
+4.251513e+003	   -2.026564e+001
+4.261093e+003	   -2.021922e+001
+4.270695e+003	   -2.038211e+001
+4.280318e+003	   -2.015921e+001
+4.289963e+003	   -2.024517e+001
+4.299630e+003	   -2.014206e+001
+4.309318e+003	   -2.013144e+001
+4.319029e+003	   -2.001736e+001
+4.328761e+003	   -1.998776e+001
+4.338516e+003	   -2.008485e+001
+4.348292e+003	   -2.013100e+001
+4.358090e+003	   -1.989380e+001
+4.367910e+003	   -2.002583e+001
+4.377752e+003	   -2.013021e+001
+4.387617e+003	   -1.999120e+001
+4.397504e+003	   -2.008456e+001
+4.407413e+003	   -2.007471e+001
+4.417345e+003	   -1.998754e+001
+4.427298e+003	   -1.996091e+001
+4.437275e+003	   -2.002426e+001
+4.447273e+003	   -1.994132e+001
+4.457295e+003	   -2.004727e+001
+4.467339e+003	   -1.990938e+001
+4.477405e+003	   -1.987932e+001
+4.487494e+003	   -1.983566e+001
+4.497606e+003	   -1.978096e+001
+4.507741e+003	   -1.978838e+001
+4.517898e+003	   -1.971710e+001
+4.528079e+003	   -1.983110e+001
+4.538282e+003	   -1.976883e+001
+4.548508e+003	   -1.970267e+001
+4.558758e+003	   -1.978337e+001
+4.569030e+003	   -1.979265e+001
+4.579326e+003	   -1.969350e+001
+4.589645e+003	   -1.967904e+001
+4.599987e+003	   -1.970910e+001
+4.610353e+003	   -1.968809e+001
+4.620741e+003	   -1.962317e+001
+4.631153e+003	   -1.967840e+001
+4.641589e+003	   -1.972004e+001
+4.652048e+003	   -1.954151e+001
+4.662531e+003	   -1.964733e+001
+4.673037e+003	   -1.948121e+001
+4.683567e+003	   -1.955603e+001
+4.694121e+003	   -1.941650e+001
+4.704698e+003	   -1.948635e+001
+4.715299e+003	   -1.941815e+001
+4.725925e+003	   -1.938543e+001
+4.736574e+003	   -1.945290e+001
+4.747247e+003	   -1.938614e+001
+4.757944e+003	   -1.950647e+001
+4.768666e+003	   -1.944021e+001
+4.779411e+003	   -1.937364e+001
+4.790181e+003	   -1.946893e+001
+4.800975e+003	   -1.947135e+001
+4.811793e+003	   -1.951218e+001
+4.822636e+003	   -1.936350e+001
+4.833503e+003	   -1.934987e+001
+4.844395e+003	   -1.931842e+001
+4.855311e+003	   -1.938970e+001
+4.866251e+003	   -1.933950e+001
+4.877217e+003	   -1.932771e+001
+4.888207e+003	   -1.947752e+001
+4.899222e+003	   -1.923920e+001
+4.910261e+003	   -1.924715e+001
+4.921326e+003	   -1.922280e+001
+4.932415e+003	   -1.915926e+001
+4.943530e+003	   -1.912110e+001
+4.954669e+003	   -1.907264e+001
+4.965834e+003	   -1.903377e+001
+4.977023e+003	   -1.911511e+001
+4.988239e+003	   -1.925300e+001
+4.999479e+003	   -1.906893e+001
+5.010744e+003	   -1.903619e+001
+5.022035e+003	   -1.900512e+001
+5.033352e+003	   -1.898573e+001
+5.044694e+003	   -1.904790e+001
+5.056061e+003	   -1.908037e+001
+5.067454e+003	   -1.906126e+001
+5.078873e+003	   -1.897400e+001
+5.090317e+003	   -1.900177e+001
+5.101788e+003	   -1.887122e+001
+5.113284e+003	   -1.900732e+001
+5.124806e+003	   -1.874683e+001
+5.136354e+003	   -1.889783e+001
+5.147928e+003	   -1.878170e+001
+5.159528e+003	   -1.871206e+001
+5.171154e+003	   -1.866731e+001
+5.182807e+003	   -1.860988e+001
+5.194485e+003	   -1.860234e+001
+5.206190e+003	   -1.858471e+001
+5.217922e+003	   -1.849347e+001
+5.229680e+003	   -1.858994e+001
+5.241464e+003	   -1.856801e+001
+5.253274e+003	   -1.857565e+001
+5.265112e+003	   -1.873487e+001
+5.276976e+003	   -1.859214e+001
+5.288867e+003	   -1.848362e+001
+5.300785e+003	   -1.843527e+001
+5.312729e+003	   -1.842407e+001
+5.324701e+003	   -1.848322e+001
+5.336699e+003	   -1.834546e+001
+5.348725e+003	   -1.841196e+001
+5.360777e+003	   -1.830730e+001
+5.372857e+003	   -1.827275e+001
+5.384964e+003	   -1.834085e+001
+5.397098e+003	   -1.823569e+001
+5.409260e+003	   -1.828843e+001
+5.421449e+003	   -1.819342e+001
+5.433665e+003	   -1.814538e+001
+5.445909e+003	   -1.806954e+001
+5.458181e+003	   -1.810678e+001
+5.470480e+003	   -1.806573e+001
+5.482807e+003	   -1.801175e+001
+5.495161e+003	   -1.814785e+001
+5.507544e+003	   -1.795653e+001
+5.519954e+003	   -1.791518e+001
+5.532393e+003	   -1.793764e+001
+5.544859e+003	   -1.784577e+001
+5.557354e+003	   -1.795008e+001
+5.569876e+003	   -1.784346e+001
+5.582427e+003	   -1.793849e+001
+5.595006e+003	   -1.784499e+001
+5.607614e+003	   -1.784597e+001
+5.620250e+003	   -1.781882e+001
+5.632914e+003	   -1.782949e+001
+5.645607e+003	   -1.764240e+001
+5.658329e+003	   -1.765432e+001
+5.671079e+003	   -1.774843e+001
+5.683858e+003	   -1.760170e+001
+5.696666e+003	   -1.768491e+001
+5.709502e+003	   -1.766372e+001
+5.722368e+003	   -1.752754e+001
+5.735262e+003	   -1.768843e+001
+5.748186e+003	   -1.758262e+001
+5.761138e+003	   -1.744644e+001
+5.774120e+003	   -1.742056e+001
+5.787131e+003	   -1.747101e+001
+5.800172e+003	   -1.731018e+001
+5.813242e+003	   -1.735422e+001
+5.826341e+003	   -1.739621e+001
+5.839470e+003	   -1.745285e+001
+5.852628e+003	   -1.732274e+001
+5.865816e+003	   -1.737487e+001
+5.879034e+003	   -1.742412e+001
+5.892281e+003	   -1.723727e+001
+5.905559e+003	   -1.723037e+001
+5.918866e+003	   -1.719974e+001
+5.932204e+003	   -1.720354e+001
+5.945571e+003	   -1.719527e+001
+5.958968e+003	   -1.709214e+001
+5.972396e+003	   -1.713733e+001
+5.985854e+003	   -1.710381e+001
+5.999342e+003	   -1.713659e+001
+6.012860e+003	   -1.698670e+001
+6.026410e+003	   -1.691269e+001
+6.039989e+003	   -1.713683e+001
+6.053600e+003	   -1.698560e+001
+6.067240e+003	   -1.694538e+001
+6.080912e+003	   -1.694731e+001
+6.094614e+003	   -1.697419e+001
+6.108348e+003	   -1.683224e+001
+6.122112e+003	   -1.684828e+001
+6.135907e+003	   -1.677332e+001
+6.149733e+003	   -1.676367e+001
+6.163591e+003	   -1.671811e+001
+6.177480e+003	   -1.668182e+001
+6.191400e+003	   -1.684873e+001
+6.205351e+003	   -1.679585e+001
+6.219334e+003	   -1.683138e+001
+6.233349e+003	   -1.670469e+001
+6.247395e+003	   -1.670210e+001
+6.261472e+003	   -1.676804e+001
+6.275581e+003	   -1.670712e+001
+6.289722e+003	   -1.669919e+001
+6.303896e+003	   -1.672113e+001
+6.318100e+003	   -1.670796e+001
+6.332337e+003	   -1.676122e+001
+6.346606e+003	   -1.674849e+001
+6.360907e+003	   -1.682139e+001
+6.375241e+003	   -1.670171e+001
+6.389606e+003	   -1.672357e+001
+6.404004e+003	   -1.677190e+001
+6.418435e+003	   -1.676700e+001
+6.432898e+003	   -1.673553e+001
+6.447393e+003	   -1.676278e+001
+6.461921e+003	   -1.677397e+001
+6.476482e+003	   -1.669334e+001
+6.491076e+003	   -1.668479e+001
+6.505703e+003	   -1.662345e+001
+6.520363e+003	   -1.664324e+001
+6.535055e+003	   -1.663001e+001
+6.549781e+003	   -1.674967e+001
+6.564540e+003	   -1.671326e+001
+6.579332e+003	   -1.674624e+001
+6.594158e+003	   -1.672388e+001
+6.609017e+003	   -1.669774e+001
+6.623909e+003	   -1.671494e+001
+6.638835e+003	   -1.666186e+001
+6.653795e+003	   -1.670501e+001
+6.668788e+003	   -1.668615e+001
+6.683815e+003	   -1.672941e+001
+6.698876e+003	   -1.676644e+001
+6.713971e+003	   -1.677194e+001
+6.729100e+003	   -1.678032e+001
+6.744263e+003	   -1.674743e+001
+6.759460e+003	   -1.680125e+001
+6.774692e+003	   -1.671632e+001
+6.789958e+003	   -1.672634e+001
+6.805258e+003	   -1.666666e+001
+6.820592e+003	   -1.670649e+001
+6.835961e+003	   -1.676617e+001
+6.851365e+003	   -1.671969e+001
+6.866804e+003	   -1.675844e+001
+6.882277e+003	   -1.673900e+001
+6.897785e+003	   -1.672382e+001
+6.913329e+003	   -1.667242e+001
+6.928907e+003	   -1.679976e+001
+6.944520e+003	   -1.676934e+001
+6.960168e+003	   -1.681277e+001
+6.975852e+003	   -1.686275e+001
+6.991571e+003	   -1.684301e+001
+7.007326e+003	   -1.695123e+001
+7.023116e+003	   -1.687695e+001
+7.038941e+003	   -1.696345e+001
+7.054802e+003	   -1.688060e+001
+7.070699e+003	   -1.701136e+001
+7.086632e+003	   -1.693536e+001
+7.102601e+003	   -1.700746e+001
+7.118605e+003	   -1.711229e+001
+7.134646e+003	   -1.711233e+001
+7.150723e+003	   -1.718237e+001
+7.166836e+003	   -1.721295e+001
+7.182985e+003	   -1.723523e+001
+7.199171e+003	   -1.725753e+001
+7.215394e+003	   -1.724660e+001
+7.231652e+003	   -1.733586e+001
+7.247948e+003	   -1.741032e+001
+7.264280e+003	   -1.757703e+001
+7.280649e+003	   -1.758151e+001
+7.297055e+003	   -1.754290e+001
+7.313498e+003	   -1.763845e+001
+7.329978e+003	   -1.770231e+001
+7.346495e+003	   -1.774284e+001
+7.363049e+003	   -1.781936e+001
+7.379640e+003	   -1.799668e+001
+7.396269e+003	   -1.803356e+001
+7.412936e+003	   -1.812769e+001
+7.429640e+003	   -1.820407e+001
+7.446381e+003	   -1.835162e+001
+7.463161e+003	   -1.829693e+001
+7.479978e+003	   -1.830101e+001
+7.496833e+003	   -1.845789e+001
+7.513726e+003	   -1.853654e+001
+7.530657e+003	   -1.857579e+001
+7.547626e+003	   -1.869472e+001
+7.564633e+003	   -1.886589e+001
+7.581679e+003	   -1.891710e+001
+7.598763e+003	   -1.886847e+001
+7.615886e+003	   -1.901979e+001
+7.633047e+003	   -1.905693e+001
+7.650247e+003	   -1.929399e+001
+7.667486e+003	   -1.927580e+001
+7.684763e+003	   -1.943834e+001
+7.702080e+003	   -1.945562e+001
+7.719436e+003	   -1.952931e+001
+7.736830e+003	   -1.974436e+001
+7.754264e+003	   -1.976175e+001
+7.771737e+003	   -1.988539e+001
+7.789249e+003	   -1.998712e+001
+7.806801e+003	   -2.005960e+001
+7.824393e+003	   -2.018158e+001
+7.842024e+003	   -2.037347e+001
+7.859694e+003	   -2.036342e+001
+7.877405e+003	   -2.055829e+001
+7.895156e+003	   -2.063562e+001
+7.912946e+003	   -2.067635e+001
+7.930777e+003	   -2.087122e+001
+7.948648e+003	   -2.091070e+001
+7.966559e+003	   -2.093482e+001
+7.984510e+003	   -2.117394e+001
+8.002502e+003	   -2.121088e+001
+8.020535e+003	   -2.146524e+001
+8.038608e+003	   -2.155849e+001
+8.056722e+003	   -2.160133e+001
+8.074876e+003	   -2.173279e+001
+8.093072e+003	   -2.173639e+001
+8.111308e+003	   -2.189322e+001
+8.129586e+003	   -2.192502e+001
+8.147905e+003	   -2.209241e+001
+8.166265e+003	   -2.221782e+001
+8.184667e+003	   -2.232689e+001
+8.203109e+003	   -2.249365e+001
+8.221594e+003	   -2.266705e+001
+8.240120e+003	   -2.275207e+001
+8.258688e+003	   -2.286572e+001
+8.277298e+003	   -2.453160e+001
+8.295949e+003	   -2.316865e+001
+8.314643e+003	   -2.332531e+001
+8.333379e+003	   -2.341769e+001
+8.352156e+003	   -2.359794e+001
+8.370977e+003	   -2.376150e+001
+8.389840e+003	   -2.380595e+001
+8.408745e+003	   -2.405419e+001
+8.427692e+003	   -2.404266e+001
+8.446684e+003	   -2.452979e+001
+8.465717e+003	   -2.447025e+001
+8.484793e+003	   -2.466720e+001
+8.503912e+003	   -2.471866e+001
+8.523074e+003	   -2.485208e+001
+8.542280e+003	   -2.487515e+001
+8.561528e+003	   -2.509773e+001
+8.580821e+003	   -2.503904e+001
+8.600156e+003	   -2.515988e+001
+8.619536e+003	   -2.530214e+001
+8.638959e+003	   -2.540473e+001
+8.658425e+003	   -2.541856e+001
+8.677936e+003	   -2.540705e+001
+8.697490e+003	   -2.548473e+001
+8.717089e+003	   -2.562084e+001
+8.736731e+003	   -2.549401e+001
+8.756418e+003	   -2.556401e+001
+8.776149e+003	   -2.555089e+001
+8.795925e+003	   -2.558884e+001
+8.815745e+003	   -2.564240e+001
+8.835610e+003	   -2.557350e+001
+8.855521e+003	   -2.567669e+001
+8.875475e+003	   -2.569307e+001
+8.895475e+003	   -2.584011e+001
+8.915519e+003	   -2.574586e+001
+8.935608e+003	   -2.569347e+001
+8.955744e+003	   -2.570097e+001
+8.975924e+003	   -2.563025e+001
+8.996150e+003	   -2.561190e+001
+9.016422e+003	   -2.563334e+001
+9.036739e+003	   -2.566446e+001
+9.057102e+003	   -2.544736e+001
+9.077511e+003	   -2.548014e+001
+9.097966e+003	   -2.535594e+001
+9.118467e+003	   -2.540745e+001
+9.139014e+003	   -2.533736e+001
+9.159606e+003	   -2.540032e+001
+9.180247e+003	   -2.520179e+001
+9.200933e+003	   -2.520851e+001
+9.221666e+003	   -2.524345e+001
+9.242445e+003	   -2.513471e+001
+9.263272e+003	   -2.527578e+001
+9.284146e+003	   -2.514542e+001
+9.305065e+003	   -2.519320e+001
+9.326033e+003	   -2.518870e+001
+9.347048e+003	   -2.520931e+001
+9.368110e+003	   -2.542228e+001
+9.389220e+003	   -2.526063e+001
+9.410377e+003	   -2.546745e+001
+9.431582e+003	   -2.540296e+001
+9.452835e+003	   -2.567392e+001
+9.474136e+003	   -2.580888e+001
+9.495484e+003	   -2.582081e+001
+9.516881e+003	   -2.600756e+001
+9.538325e+003	   -2.605141e+001
+9.559818e+003	   -2.620923e+001
+9.581360e+003	   -2.630511e+001
+9.602950e+003	   -2.643229e+001
+9.624590e+003	   -2.656558e+001
+9.646277e+003	   -2.669603e+001
+9.668014e+003	   -2.677971e+001
+9.689799e+003	   -2.704247e+001
+9.711634e+003	   -2.703097e+001
+9.733517e+003	   -2.722729e+001
+9.755450e+003	   -2.731887e+001
+9.777433e+003	   -2.742433e+001
+9.799465e+003	   -2.765903e+001
+9.821546e+003	   -2.767234e+001
+9.843678e+003	   -2.789878e+001
+9.865858e+003	   -2.799944e+001
+9.888090e+003	   -2.804277e+001
+9.910371e+003	   -2.822066e+001
+9.932703e+003	   -2.833904e+001
+9.955085e+003	   -2.847499e+001
+9.977518e+003	   -2.871113e+001
+1.000000e+004	   -2.871142e+001
+1.002253e+004	   -2.888087e+001
+1.004512e+004	   -2.906259e+001
+1.006775e+004	   -2.918686e+001
+1.009044e+004	   -2.926409e+001
+1.011318e+004	   -2.942322e+001
+1.013596e+004	   -2.959105e+001
+1.015880e+004	   -2.969901e+001
+1.018170e+004	   -2.984522e+001
+1.020464e+004	   -3.001584e+001
+1.022763e+004	   -3.013611e+001
+1.025068e+004	   -3.034697e+001
+1.027378e+004	   -3.057020e+001
+1.029693e+004	   -3.067070e+001
+1.032013e+004	   -3.083792e+001
+1.034339e+004	   -3.095121e+001
+1.036669e+004	   -3.112325e+001
+1.039005e+004	   -3.132182e+001
+1.041347e+004	   -3.145319e+001
+1.043693e+004	   -3.166526e+001
+1.046045e+004	   -3.180678e+001
+1.048402e+004	   -3.197596e+001
+1.050764e+004	   -3.229646e+001
+1.053132e+004	   -3.233771e+001
+1.055505e+004	   -3.265883e+001
+1.057884e+004	   -3.269231e+001
+1.060267e+004	   -3.292657e+001
+1.062657e+004	   -3.311015e+001
+1.065051e+004	   -3.337646e+001
+1.067451e+004	   -3.353721e+001
+1.069856e+004	   -3.371669e+001
+1.072267e+004	   -3.389846e+001
+1.074683e+004	   -3.410331e+001
+1.077105e+004	   -3.423808e+001
+1.079532e+004	   -3.456018e+001
+1.081965e+004	   -3.470982e+001
+1.084403e+004	   -3.487213e+001
+1.086846e+004	   -3.518321e+001
+1.089295e+004	   -3.541682e+001
+1.091750e+004	   -3.571367e+001
+1.094210e+004	   -3.604672e+001
+1.096676e+004	   -3.617034e+001
+1.099147e+004	   -3.652053e+001
+1.101624e+004	   -3.675313e+001
+1.104106e+004	   -3.726017e+001
+1.106594e+004	   -3.759445e+001
+1.109087e+004	   -3.790816e+001
+1.111587e+004	   -3.835988e+001
+1.114091e+004	   -3.891786e+001
+1.116602e+004	   -3.929319e+001
+1.119118e+004	   -3.969914e+001
+1.121640e+004	   -4.011797e+001
+1.124167e+004	   -4.042410e+001
+1.126700e+004	   -4.056258e+001
+1.129239e+004	   -4.077804e+001
+1.131784e+004	   -4.054235e+001
+1.134334e+004	   -4.047920e+001
+1.136890e+004	   -4.020497e+001
+1.139452e+004	   -3.998358e+001
+1.142019e+004	   -3.928514e+001
+1.144593e+004	   -3.870804e+001
+1.147172e+004	   -3.827977e+001
+1.149757e+004	   -3.778517e+001
+1.152348e+004	   -3.698616e+001
+1.154944e+004	   -3.641872e+001
+1.157547e+004	   -3.569921e+001
+1.160155e+004	   -3.503378e+001
+1.162770e+004	   -3.439708e+001
+1.165390e+004	   -3.381844e+001
+1.168016e+004	   -3.317315e+001
+1.170648e+004	   -3.262304e+001
+1.173286e+004	   -3.200561e+001
+1.175929e+004	   -3.133842e+001
+1.178579e+004	   -3.075852e+001
+1.181235e+004	   -3.008862e+001
+1.183897e+004	   -2.953372e+001
+1.186564e+004	   -2.881711e+001
+1.189238e+004	   -2.826871e+001
+1.191918e+004	   -2.760412e+001
+1.194604e+004	   -2.693148e+001
+1.197296e+004	   -2.630517e+001
+1.199993e+004	   -2.570259e+001
+1.202697e+004	   -2.513081e+001
+1.205408e+004	   -2.444991e+001
+1.208124e+004	   -2.394142e+001
+1.210846e+004	   -2.326415e+001
+1.213575e+004	   -2.268247e+001
+1.216309e+004	   -2.225940e+001
+1.219050e+004	   -2.175980e+001
+1.221797e+004	   -2.131867e+001
+1.224550e+004	   -2.096934e+001
+1.227309e+004	   -2.057541e+001
+1.230075e+004	   -2.030904e+001
+1.232847e+004	   -2.018088e+001
+1.235625e+004	   -2.025335e+001
+1.238409e+004	   -2.029557e+001
+1.241200e+004	   -2.062058e+001
+1.243996e+004	   -2.086318e+001
+1.246800e+004	   -2.141854e+001
+1.249609e+004	   -2.158354e+001
+1.252425e+004	   -2.211882e+001
+1.255247e+004	   -2.238317e+001
+1.258076e+004	   -2.282045e+001
+1.260911e+004	   -2.313928e+001
+1.263752e+004	   -2.356648e+001
+1.266599e+004	   -2.411411e+001
+1.269454e+004	   -2.456907e+001
+1.272314e+004	   -2.491514e+001
+1.275181e+004	   -2.518441e+001
+1.278054e+004	   -2.529481e+001
+1.280934e+004	   -2.526244e+001
+1.283821e+004	   -2.520177e+001
+1.286714e+004	   -2.519605e+001
+1.289613e+004	   -2.538123e+001
+1.292519e+004	   -2.555960e+001
+1.295432e+004	   -2.582525e+001
+1.298351e+004	   -2.598254e+001
+1.301276e+004	   -2.624165e+001
+1.304208e+004	   -2.640795e+001
+1.307147e+004	   -2.669610e+001
+1.310093e+004	   -2.678576e+001
+1.313045e+004	   -2.705848e+001
+1.316004e+004	   -2.723022e+001
+1.318969e+004	   -2.746397e+001
+1.321941e+004	   -2.762461e+001
+1.324920e+004	   -2.790584e+001
+1.327905e+004	   -2.791785e+001
+1.330898e+004	   -2.804849e+001
+1.333897e+004	   -2.819609e+001
+1.336902e+004	   -2.823265e+001
+1.339915e+004	   -2.829988e+001
+1.342934e+004	   -2.839313e+001
+1.345960e+004	   -2.854659e+001
+1.348993e+004	   -2.881354e+001
+1.352033e+004	   -2.889127e+001
+1.355080e+004	   -2.900592e+001
+1.358133e+004	   -2.919721e+001
+1.361193e+004	   -2.930627e+001
+1.364261e+004	   -2.955317e+001
+1.367335e+004	   -2.965191e+001
+1.370416e+004	   -2.983923e+001
+1.373504e+004	   -3.009995e+001
+1.376599e+004	   -3.014711e+001
+1.379701e+004	   -3.026066e+001
+1.382810e+004	   -3.046015e+001
+1.385926e+004	   -3.050047e+001
+1.389049e+004	   -3.056565e+001
+1.392179e+004	   -3.054150e+001
+1.395316e+004	   -3.052854e+001
+1.398460e+004	   -3.054863e+001
+1.401611e+004	   -3.064535e+001
+1.404770e+004	   -3.080384e+001
+1.407935e+004	   -3.084951e+001
+1.411108e+004	   -3.099100e+001
+1.414287e+004	   -3.117171e+001
+1.417474e+004	   -3.133415e+001
+1.420668e+004	   -3.141742e+001
+1.423870e+004	   -3.156448e+001
+1.427078e+004	   -3.168430e+001
+1.430294e+004	   -3.180328e+001
+1.433517e+004	   -3.188113e+001
+1.436747e+004	   -3.201839e+001
+1.439984e+004	   -3.223579e+001
+1.443229e+004	   -3.239529e+001
+1.446481e+004	   -3.245855e+001
+1.449741e+004	   -3.270263e+001
+1.453007e+004	   -3.265120e+001
+1.456282e+004	   -3.266777e+001
+1.459563e+004	   -3.264513e+001
+1.462852e+004	   -3.268159e+001
+1.466148e+004	   -3.261348e+001
+1.469452e+004	   -3.296581e+001
+1.472763e+004	   -3.283775e+001
+1.476082e+004	   -3.307781e+001
+1.479408e+004	   -3.311940e+001
+1.482742e+004	   -3.320156e+001
+1.486083e+004	   -3.332020e+001
+1.489431e+004	   -3.342284e+001
+1.492788e+004	   -3.337276e+001
+1.496151e+004	   -3.349977e+001
+1.499523e+004	   -3.363555e+001
+1.502902e+004	   -3.381825e+001
+1.506288e+004	   -3.374113e+001
+1.509683e+004	   -3.386097e+001
+1.513084e+004	   -3.394210e+001
+1.516494e+004	   -3.407024e+001
+1.519911e+004	   -3.415108e+001
+1.523336e+004	   -3.423337e+001
+1.526769e+004	   -3.425288e+001
+1.530209e+004	   -3.448822e+001
+1.533657e+004	   -3.456829e+001
+1.537113e+004	   -3.463425e+001
+1.540577e+004	   -3.480036e+001
+1.544048e+004	   -3.489222e+001
+1.547527e+004	   -3.512146e+001
+1.551014e+004	   -3.505367e+001
+1.554509e+004	   -3.518189e+001
+1.558012e+004	   -3.534333e+001
+1.561523e+004	   -3.552255e+001
+1.565042e+004	   -3.575257e+001
+1.568568e+004	   -3.577961e+001
+1.572103e+004	   -3.591164e+001
+1.575645e+004	   -3.599046e+001
+1.579196e+004	   -3.606131e+001
+1.582754e+004	   -3.589440e+001
+1.586321e+004	   -3.583877e+001
+1.589895e+004	   -3.573451e+001
+1.593478e+004	   -3.552458e+001
+1.597069e+004	   -3.532219e+001
+1.600667e+004	   -3.532023e+001
+1.604274e+004	   -3.534044e+001
+1.607889e+004	   -3.539588e+001
+1.611512e+004	   -3.563091e+001
+1.615144e+004	   -3.568962e+001
+1.618783e+004	   -3.562992e+001
+1.622431e+004	   -3.567461e+001
+1.626087e+004	   -3.577096e+001
+1.629751e+004	   -3.584439e+001
+1.633423e+004	   -3.581247e+001
+1.637104e+004	   -3.583699e+001
+1.640793e+004	   -3.574607e+001
+1.644490e+004	   -3.553811e+001
+1.648196e+004	   -3.556610e+001
+1.651910e+004	   -3.549602e+001
+1.655632e+004	   -3.564417e+001
+1.659363e+004	   -3.566751e+001
+1.663102e+004	   -3.581369e+001
+1.666849e+004	   -3.590169e+001
+1.670605e+004	   -3.604633e+001
+1.674370e+004	   -3.618197e+001
+1.678143e+004	   -3.624246e+001
+1.681924e+004	   -3.651052e+001
+1.685714e+004	   -3.658152e+001
+1.689513e+004	   -3.654248e+001
+1.693320e+004	   -3.667220e+001
+1.697136e+004	   -3.666187e+001
+1.700960e+004	   -3.659871e+001
+1.704793e+004	   -3.653881e+001
+1.708634e+004	   -3.669410e+001
+1.712484e+004	   -3.677262e+001
+1.716343e+004	   -3.683604e+001
+1.720211e+004	   -3.693830e+001
+1.724087e+004	   -3.705685e+001
+1.727972e+004	   -3.713064e+001
+1.731866e+004	   -3.714517e+001
+1.735768e+004	   -3.741940e+001
+1.739679e+004	   -3.731791e+001
+1.743599e+004	   -3.741417e+001
+1.747528e+004	   -3.740231e+001
+1.751466e+004	   -3.743156e+001
+1.755413e+004	   -3.756397e+001
+1.759368e+004	   -3.770924e+001
+1.763333e+004	   -3.786603e+001
+1.767306e+004	   -3.803822e+001
+1.771289e+004	   -3.801998e+001
+1.775280e+004	   -3.787025e+001
+1.779280e+004	   -3.788779e+001
+1.783290e+004	   -3.798611e+001
+1.787308e+004	   -3.812024e+001
+1.791336e+004	   -3.821716e+001
+1.795372e+004	   -3.837014e+001
+1.799418e+004	   -3.831741e+001
+1.803472e+004	   -3.839662e+001
+1.807536e+004	   -3.845510e+001
+1.811609e+004	   -3.861115e+001
+1.815691e+004	   -3.874750e+001
+1.819783e+004	   -3.866400e+001
+1.823883e+004	   -3.882618e+001
+1.827993e+004	   -3.894518e+001
+1.832112e+004	   -3.894208e+001
+1.836241e+004	   -3.905215e+001
+1.840379e+004	   -3.921179e+001
+1.844525e+004	   -3.937417e+001
+1.848682e+004	   -3.939702e+001
+1.852847e+004	   -3.944427e+001
+1.857023e+004	   -3.933944e+001
+1.861207e+004	   -3.949381e+001
+1.865401e+004	   -3.962357e+001
+1.869604e+004	   -3.971416e+001
+1.873817e+004	   -3.974177e+001
+1.878040e+004	   -3.980127e+001
+1.882272e+004	   -3.996267e+001
+1.886513e+004	   -4.021722e+001
+1.890764e+004	   -4.036497e+001
+1.895025e+004	   -4.048082e+001
+1.899295e+004	   -4.044053e+001
+1.903575e+004	   -4.014899e+001
+1.907864e+004	   -4.004461e+001
+1.912163e+004	   -4.004029e+001
+1.916472e+004	   -3.988022e+001
+1.920790e+004	   -4.008455e+001
+1.925119e+004	   -4.033177e+001
+1.929456e+004	   -4.037548e+001
+1.933804e+004	   -4.058730e+001
+1.938162e+004	   -4.054736e+001
+1.942529e+004	   -4.057540e+001
+1.946906e+004	   -4.040679e+001
+1.951293e+004	   -4.028482e+001
+1.955690e+004	   -3.985635e+001
+1.960097e+004	   -3.960677e+001
+1.964514e+004	   -3.926252e+001
+1.968941e+004	   -3.913314e+001
+1.973378e+004	   -3.905840e+001
+1.977824e+004	   -3.911393e+001
+1.982281e+004	   -3.919203e+001
+1.986748e+004	   -3.916749e+001
+1.991225e+004	   -3.932442e+001
+1.995712e+004	   -3.941819e+001
+2.000209e+004	   -3.945921e+001
+2.004716e+004	   -3.952004e+001
+2.009233e+004	   -3.948770e+001
+2.013761e+004	   -3.949168e+001
+2.018298e+004	   -3.952459e+001
+2.022846e+004	   -3.939451e+001
+2.027404e+004	   -3.935393e+001
+2.031973e+004	   -3.930684e+001
+2.036552e+004	   -3.950856e+001
+2.041141e+004	   -3.950608e+001
+2.045740e+004	   -3.984224e+001
+2.050350e+004	   -4.006414e+001
+2.054970e+004	   -4.051575e+001
+2.059601e+004	   -4.074133e+001
+2.064242e+004	   -4.089001e+001
+2.068893e+004	   -4.120738e+001
+2.073555e+004	   -4.144414e+001
+2.078227e+004	   -4.169584e+001
+2.082910e+004	   -4.197046e+001
+2.087604e+004	   -4.204282e+001
+2.092308e+004	   -4.210130e+001
+2.097023e+004	   -4.205572e+001
+2.101748e+004	   -4.219366e+001
+2.106484e+004	   -4.210480e+001
+2.111231e+004	   -4.213146e+001
+2.115988e+004	   -4.215603e+001
+2.120756e+004	   -4.220190e+001
+2.125535e+004	   -4.204121e+001
+2.130324e+004	   -4.226464e+001
+2.135125e+004	   -4.234940e+001
+2.139936e+004	   -4.237573e+001
+2.144758e+004	   -4.219288e+001
+2.149591e+004	   -4.230390e+001
+2.154435e+004	   -4.241117e+001
+2.159289e+004	   -4.237516e+001
+2.164155e+004	   -4.248788e+001
+2.169032e+004	   -4.248730e+001
+2.173919e+004	   -4.266603e+001
+2.178818e+004	   -4.267822e+001
+2.183728e+004	   -4.272081e+001
+2.188648e+004	   -4.262774e+001
+2.193580e+004	   -4.293520e+001
+2.198523e+004	   -4.266429e+001
+2.203477e+004	   -4.272942e+001
+2.208442e+004	   -4.268514e+001
+2.213419e+004	   -4.274484e+001
+2.218406e+004	   -4.278321e+001
+2.223405e+004	   -4.280473e+001
+2.228415e+004	   -4.288956e+001
+2.233437e+004	   -4.287502e+001
+2.238469e+004	   -4.291113e+001
+2.243513e+004	   -4.301920e+001
+2.248569e+004	   -4.313023e+001
+2.253636e+004	   -4.317562e+001
+2.258714e+004	   -4.306358e+001
+2.263803e+004	   -4.347258e+001
+2.268904e+004	   -4.332967e+001
+2.274017e+004	   -4.348603e+001
+2.279141e+004	   -4.349213e+001
+2.284277e+004	   -4.357959e+001
+2.289424e+004	   -4.370238e+001
+2.294583e+004	   -4.375580e+001
+2.299754e+004	   -4.379732e+001
+2.304936e+004	   -4.369380e+001
+2.310130e+004	   -4.380710e+001
+2.315335e+004	   -4.394387e+001
+2.320553e+004	   -4.395404e+001
+2.325781e+004	   -4.404157e+001
+2.331022e+004	   -4.406802e+001
+2.336275e+004	   -4.403612e+001
+2.341539e+004	   -4.407302e+001
+2.346816e+004	   -4.411768e+001
+2.352104e+004	   -4.418798e+001
+2.357404e+004	   -4.421546e+001
+2.362716e+004	   -4.426404e+001
+2.368040e+004	   -4.448782e+001
+2.373376e+004	   -4.428184e+001
+2.378724e+004	   -4.429626e+001
+2.384084e+004	   -4.444004e+001
+2.389456e+004	   -4.445796e+001
+2.394841e+004	   -4.467709e+001
+2.400237e+004	   -4.455128e+001
+2.405646e+004	   -4.467005e+001
+2.411066e+004	   -4.481415e+001
+2.416499e+004	   -4.479256e+001
+2.421945e+004	   -4.484957e+001
+2.427402e+004	   -4.478246e+001
+2.432872e+004	   -4.482632e+001
+2.438354e+004	   -4.474712e+001
+2.443849e+004	   -4.482607e+001
+2.449355e+004	   -4.496609e+001
+2.454875e+004	   -4.478789e+001
+2.460406e+004	   -4.490480e+001
+2.465951e+004	   -4.502144e+001
+2.471507e+004	   -4.508531e+001
+2.477076e+004	   -4.536453e+001
+2.482658e+004	   -4.535157e+001
+2.488252e+004	   -4.527269e+001
+2.493859e+004	   -4.522073e+001
+2.499479e+004	   -4.534163e+001
+2.505111e+004	   -4.551826e+001
+2.510756e+004	   -4.558506e+001
+2.516413e+004	   -4.555203e+001
+2.522084e+004	   -4.568220e+001
+2.527767e+004	   -4.574797e+001
+2.533463e+004	   -4.563097e+001
+2.539172e+004	   -4.563245e+001
+2.544893e+004	   -4.572793e+001
+2.550628e+004	   -4.572781e+001
+2.556375e+004	   -4.569546e+001
+2.562136e+004	   -4.576516e+001
+2.567909e+004	   -4.580535e+001
+2.573696e+004	   -4.596547e+001
+2.579495e+004	   -4.598712e+001
+2.585308e+004	   -4.610594e+001
+2.591133e+004	   -4.610582e+001
+2.596972e+004	   -4.614614e+001
+2.602824e+004	   -4.612593e+001
+2.608689e+004	   -4.610972e+001
+2.614567e+004	   -4.630443e+001
+2.620459e+004	   -4.649926e+001
+2.626363e+004	   -4.649575e+001
+2.632282e+004	   -4.650955e+001
+2.638213e+004	   -4.668971e+001
+2.644158e+004	   -4.650648e+001
+2.650116e+004	   -4.651095e+001
+2.656088e+004	   -4.677976e+001
+2.662073e+004	   -4.669714e+001
+2.668071e+004	   -4.666782e+001
+2.674084e+004	   -4.661176e+001
+2.680109e+004	   -4.690606e+001
+2.686148e+004	   -4.688186e+001
+2.692201e+004	   -4.673014e+001
+2.698268e+004	   -4.660138e+001
+2.704348e+004	   -4.680877e+001
+2.710442e+004	   -4.688591e+001
+2.716549e+004	   -4.693837e+001
+2.722671e+004	   -4.692574e+001
+2.728806e+004	   -4.699450e+001
+2.734955e+004	   -4.693497e+001
+2.741118e+004	   -4.694566e+001
+2.747294e+004	   -4.688834e+001
+2.753485e+004	   -4.710490e+001
+2.759689e+004	   -4.699173e+001
+2.765908e+004	   -4.723600e+001
+2.772141e+004	   -4.720536e+001
+2.778387e+004	   -4.731428e+001
+2.784648e+004	   -4.726674e+001
+2.790923e+004	   -4.740910e+001
+2.797212e+004	   -4.741463e+001
+2.803515e+004	   -4.744913e+001
+2.809832e+004	   -4.735968e+001
+2.816163e+004	   -4.748154e+001
+2.822509e+004	   -4.754793e+001
+2.828870e+004	   -4.760096e+001
+2.835244e+004	   -4.765642e+001
+2.841633e+004	   -4.790593e+001
+2.848036e+004	   -4.778586e+001
+2.854454e+004	   -4.804882e+001
+2.860886e+004	   -4.803915e+001
+2.867332e+004	   -4.819339e+001
+2.873793e+004	   -4.816166e+001
+2.880269e+004	   -4.821458e+001
+2.886759e+004	   -4.832800e+001
+2.893264e+004	   -4.832952e+001
+2.899784e+004	   -4.842039e+001
+2.906318e+004	   -4.857079e+001
+2.912867e+004	   -4.849200e+001
+2.919430e+004	   -4.871749e+001
+2.926009e+004	   -4.867878e+001
+2.932602e+004	   -4.873070e+001
+2.939211e+004	   -4.878756e+001
+2.945834e+004	   -4.883907e+001
+2.952472e+004	   -4.892308e+001
+2.959125e+004	   -4.889713e+001
+2.965793e+004	   -4.892904e+001
+2.972475e+004	   -4.898392e+001
+2.979173e+004	   -4.898339e+001
+2.985887e+004	   -4.906669e+001
+2.992615e+004	   -4.904112e+001
+2.999358e+004	   -4.914715e+001
+3.006117e+004	   -4.918795e+001
+3.012891e+004	   -4.921732e+001
+3.019680e+004	   -4.937572e+001
+3.026484e+004	   -4.971649e+001
+3.033304e+004	   -4.920482e+001
+3.040139e+004	   -4.948436e+001
+3.046990e+004	   -4.950264e+001
+3.053855e+004	   -4.950819e+001
+3.060737e+004	   -4.960102e+001
+3.067634e+004	   -4.958654e+001
+3.074546e+004	   -4.962911e+001
+3.081474e+004	   -4.975742e+001
+3.088418e+004	   -4.976318e+001
+3.095377e+004	   -4.975849e+001
+3.102352e+004	   -4.990969e+001
+3.109343e+004	   -4.987502e+001
+3.116349e+004	   -4.976263e+001
+3.123372e+004	   -4.968496e+001
+3.130410e+004	   -4.978671e+001
+3.137463e+004	   -4.953296e+001
+3.144533e+004	   -4.948868e+001
+3.151619e+004	   -4.941066e+001
+3.158721e+004	   -4.931639e+001
+3.165838e+004	   -4.969129e+001
+3.172972e+004	   -4.948542e+001
+3.180122e+004	   -4.933554e+001
+3.187288e+004	   -4.933691e+001
+3.194470e+004	   -4.947746e+001
+3.201668e+004	   -4.931225e+001
+3.208883e+004	   -4.915153e+001
+3.216114e+004	   -4.875297e+001
+3.223361e+004	   -4.872930e+001
+3.230624e+004	   -4.912578e+001
+3.237904e+004	   -4.955357e+001
+3.245200e+004	   -4.978664e+001
+3.252513e+004	   -5.005492e+001
+3.259841e+004	   -5.009086e+001
+3.267187e+004	   -5.023457e+001
+3.274549e+004	   -5.038400e+001
+3.281928e+004	   -5.021718e+001
+3.289323e+004	   -5.025898e+001
+3.296735e+004	   -5.090552e+001
+3.304164e+004	   -5.131176e+001
+3.311609e+004	   -5.150259e+001
+3.319071e+004	   -5.147677e+001
+3.326551e+004	   -5.170697e+001
+3.334046e+004	   -5.157373e+001
+3.341559e+004	   -5.151631e+001
+3.349089e+004	   -5.145826e+001
+3.356636e+004	   -5.133324e+001
+3.364199e+004	   -5.134464e+001
+3.371780e+004	   -5.131669e+001
+3.379378e+004	   -5.187416e+001
+3.386993e+004	   -5.185209e+001
+3.394625e+004	   -5.206152e+001
+3.402274e+004	   -5.184285e+001
+3.409941e+004	   -5.211090e+001
+3.417625e+004	   -5.212704e+001
+3.425325e+004	   -5.224129e+001
+3.433044e+004	   -5.216547e+001
+3.440780e+004	   -5.217134e+001
+3.448533e+004	   -5.225427e+001
+3.456304e+004	   -5.222233e+001
+3.464092e+004	   -5.227645e+001
+3.471898e+004	   -5.229285e+001
+3.479721e+004	   -5.236096e+001
+3.487563e+004	   -5.231275e+001
+3.495421e+004	   -5.239579e+001
+3.503298e+004	   -5.246944e+001
+3.511192e+004	   -5.246207e+001
+3.519104e+004	   -5.257451e+001
+3.527034e+004	   -5.245840e+001
+3.534981e+004	   -5.258055e+001
+3.542946e+004	   -5.277855e+001
+3.550930e+004	   -5.261126e+001
+3.558932e+004	   -5.284280e+001
+3.566951e+004	   -5.268259e+001
+3.574989e+004	   -5.276975e+001
+3.583045e+004	   -5.291588e+001
+3.591118e+004	   -5.289026e+001
+3.599211e+004	   -5.257240e+001
+3.607321e+004	   -5.279683e+001
+3.615449e+004	   -5.276022e+001
+3.623596e+004	   -5.274867e+001
+3.631761e+004	   -5.278659e+001
+3.639945e+004	   -5.272194e+001
+3.648147e+004	   -5.287436e+001
+3.656368e+004	   -5.285572e+001
+3.664607e+004	   -5.293303e+001
+3.672864e+004	   -5.290993e+001
+3.681141e+004	   -5.324609e+001
+3.689436e+004	   -5.372573e+001
+3.697749e+004	   -5.356776e+001
+3.706081e+004	   -5.378006e+001
+3.714432e+004	   -5.395598e+001
+3.722802e+004	   -5.383025e+001
+3.731191e+004	   -5.365696e+001
+3.739599e+004	   -5.368834e+001
+3.748025e+004	   -5.339874e+001
+3.756471e+004	   -5.339161e+001
+3.764936e+004	   -5.377001e+001
+3.773420e+004	   -5.400058e+001
+3.781922e+004	   -5.390073e+001
+3.790445e+004	   -5.383102e+001
+3.798986e+004	   -5.357442e+001
+3.807546e+004	   -5.377594e+001
+3.816126e+004	   -5.345616e+001
+3.824725e+004	   -5.341960e+001
+3.833343e+004	   -5.335551e+001
+3.841981e+004	   -5.331756e+001
+3.850639e+004	   -5.343502e+001
+3.859315e+004	   -5.369492e+001
+3.868012e+004	   -5.403608e+001
+3.876728e+004	   -5.467945e+001
+3.885463e+004	   -5.480185e+001
+3.894219e+004	   -5.452540e+001
+3.902994e+004	   -5.511634e+001
+3.911789e+004	   -5.469783e+001
+3.920603e+004	   -5.463533e+001
+3.929438e+004	   -5.457067e+001
+3.938292e+004	   -5.435397e+001
+3.947166e+004	   -5.472755e+001
+3.956061e+004	   -5.461244e+001
+3.964975e+004	   -5.469110e+001
+3.973910e+004	   -5.467803e+001
+3.982864e+004	   -5.477988e+001
+3.991839e+004	   -5.483778e+001
+4.000834e+004	   -5.496003e+001
+4.009849e+004	   -5.511378e+001
+4.018885e+004	   -5.509990e+001
+4.027941e+004	   -5.516451e+001
+4.037017e+004	   -5.492295e+001
+4.046114e+004	   -5.522276e+001
+4.055231e+004	   -5.526571e+001
+4.064369e+004	   -5.528258e+001
+4.073528e+004	   -5.511617e+001
+4.082707e+004	   -5.521534e+001
+4.091907e+004	   -5.542278e+001
+4.101127e+004	   -5.527014e+001
+4.110368e+004	   -5.517968e+001
+4.119630e+004	   -5.537062e+001
+4.128913e+004	   -5.576015e+001
+4.138217e+004	   -5.570924e+001
+4.147542e+004	   -5.622893e+001
+4.156888e+004	   -5.580153e+001
+4.166255e+004	   -5.564602e+001
+4.175643e+004	   -5.590361e+001
+4.185052e+004	   -5.576501e+001
+4.194482e+004	   -5.613461e+001
+4.203934e+004	   -5.600077e+001
+4.213407e+004	   -5.638552e+001
+4.222902e+004	   -5.631696e+001
+4.232417e+004	   -5.624256e+001
+4.241954e+004	   -5.650345e+001
+4.251513e+004	   -5.609312e+001
+4.261093e+004	   -5.639753e+001
+4.270695e+004	   -5.664537e+001
+4.280318e+004	   -5.674380e+001
+4.289963e+004	   -5.711873e+001
+4.299630e+004	   -5.720329e+001
+4.309319e+004	   -5.705389e+001
+4.319029e+004	   -5.734879e+001
+4.328761e+004	   -5.733089e+001
+4.338516e+004	   -5.716710e+001
+4.348292e+004	   -5.719096e+001
+4.358090e+004	   -5.715171e+001
+4.367910e+004	   -5.705515e+001
+4.377753e+004	   -5.667438e+001
+4.387617e+004	   -5.753465e+001
+4.397504e+004	   -5.706693e+001
+4.407413e+004	   -5.739282e+001
+4.417345e+004	   -5.758456e+001
+4.427298e+004	   -5.768389e+001
+4.437275e+004	   -5.752975e+001
+4.447273e+004	   -5.765199e+001
+4.457295e+004	   -5.819963e+001
+4.467339e+004	   -5.772377e+001
+4.477405e+004	   -5.761242e+001
+4.487494e+004	   -5.794551e+001
+4.497606e+004	   -5.833749e+001
+4.507741e+004	   -5.797631e+001
+4.517898e+004	   -5.781948e+001
+4.528079e+004	   -5.815986e+001
+4.538282e+004	   -5.840243e+001
+4.548509e+004	   -5.822685e+001
+4.558758e+004	   -5.873389e+001
+4.569030e+004	   -5.795623e+001
+4.579326e+004	   -5.796284e+001
+4.589645e+004	   -5.780576e+001
+4.599987e+004	   -5.766691e+001
+4.610352e+004	   -5.803591e+001
+4.620741e+004	   -5.827889e+001
+4.631153e+004	   -5.837122e+001
+4.641589e+004	   -5.855740e+001
+4.652048e+004	   -5.831396e+001
+4.662530e+004	   -5.855066e+001
+4.673037e+004	   -5.885064e+001
+4.683567e+004	   -5.901279e+001
+4.694121e+004	   -5.879240e+001
+4.704698e+004	   -5.890683e+001
+4.715300e+004	   -5.897772e+001
+4.725925e+004	   -5.895571e+001
+4.736574e+004	   -5.926030e+001
+4.747247e+004	   -5.952101e+001
+4.757944e+004	   -5.927888e+001
+4.768666e+004	   -5.917714e+001
+4.779411e+004	   -5.961110e+001
+4.790181e+004	   -5.935469e+001
+4.800975e+004	   -5.940514e+001
+4.811793e+004	   -5.977823e+001
+4.822636e+004	   -5.967934e+001
+4.833503e+004	   -6.012887e+001
+4.844395e+004	   -5.973102e+001
+4.855311e+004	   -6.008549e+001
+4.866251e+004	   -6.046339e+001
+4.877216e+004	   -5.988244e+001
+4.888207e+004	   -6.038483e+001
+4.899221e+004	   -6.079205e+001
+4.910261e+004	   -6.054630e+001
+4.921326e+004	   -6.069269e+001
+4.932415e+004	   -6.071804e+001
+4.943530e+004	   -6.090306e+001
+4.954669e+004	   -6.158216e+001
+4.965834e+004	   -6.123842e+001
+4.977023e+004	   -6.146419e+001
+4.988239e+004	   -6.155158e+001
+4.999479e+004	   -6.157697e+001
+5.010745e+004	   -6.229720e+001
+5.022035e+004	   -6.254149e+001
+5.033352e+004	   -6.345882e+001
+5.044694e+004	   -6.322037e+001
+5.056061e+004	   -6.341399e+001
+5.067454e+004	   -6.454852e+001
+5.078873e+004	   -6.503549e+001
+5.090318e+004	   -6.634077e+001
+5.101788e+004	   -6.696890e+001
+5.113284e+004	   -6.881804e+001
+5.124806e+004	   -7.271712e+001
+5.136354e+004	   -7.837017e+001
+5.147928e+004	   -6.760577e+001
+5.159528e+004	   -6.333794e+001
+5.171154e+004	   -6.310136e+001
+5.182807e+004	   -6.384412e+001
+5.194485e+004	   -6.696918e+001
+5.206190e+004	   -7.195898e+001
+5.217922e+004	   -6.530745e+001
+5.229679e+004	   -5.905931e+001
+5.241464e+004	   -4.984709e+001
+5.253275e+004	   -4.631900e+001
+5.265112e+004	   -4.832495e+001
+5.276976e+004	   -5.110726e+001
+5.288867e+004	   -5.322810e+001
+5.300785e+004	   -5.391007e+001
+5.312729e+004	   -5.429585e+001
+5.324701e+004	   -5.518958e+001
+5.336699e+004	   -5.598629e+001
+5.348725e+004	   -5.666092e+001
+5.360777e+004	   -5.695861e+001
+5.372857e+004	   -5.732884e+001
+5.384964e+004	   -5.823460e+001
+5.397098e+004	   -5.812838e+001
+5.409260e+004	   -5.873405e+001
+5.421448e+004	   -5.893697e+001
+5.433665e+004	   -5.917700e+001
+5.445909e+004	   -5.950309e+001
+5.458180e+004	   -5.965414e+001
+5.470480e+004	   -5.998527e+001
+5.482807e+004	   -6.010848e+001
+5.495161e+004	   -6.038279e+001
+5.507544e+004	   -6.088078e+001
+5.519954e+004	   -6.048011e+001
+5.532393e+004	   -6.082507e+001
+5.544859e+004	   -6.087871e+001
+5.557354e+004	   -6.111968e+001
+5.569876e+004	   -6.135308e+001
+5.582427e+004	   -6.153957e+001
+5.595006e+004	   -6.171980e+001
+5.607614e+004	   -6.135749e+001
+5.620250e+004	   -6.176946e+001
+5.632914e+004	   -6.137646e+001
+5.645607e+004	   -6.167903e+001
+5.658329e+004	   -6.220642e+001
+5.671079e+004	   -6.230455e+001
+5.683858e+004	   -6.239635e+001
+5.696666e+004	   -6.242985e+001
+5.709502e+004	   -6.279585e+001
+5.722368e+004	   -6.272011e+001
+5.735262e+004	   -6.267400e+001
+5.748186e+004	   -6.287090e+001
+5.761138e+004	   -6.263638e+001
+5.774120e+004	   -6.276126e+001
+5.787131e+004	   -6.333471e+001
+5.800172e+004	   -6.322810e+001
+5.813242e+004	   -6.309115e+001
+5.826341e+004	   -6.277564e+001
+5.839470e+004	   -6.338856e+001
+5.852628e+004	   -6.309310e+001
+5.865816e+004	   -6.330045e+001
+5.879034e+004	   -6.363002e+001
+5.892281e+004	   -6.372821e+001
+5.905559e+004	   -6.435381e+001
+5.918866e+004	   -6.421449e+001
+5.932204e+004	   -6.442507e+001
+5.945571e+004	   -6.512069e+001
+5.958968e+004	   -6.481338e+001
+5.972396e+004	   -6.461571e+001
+5.985854e+004	   -6.527204e+001
+5.999342e+004	   -6.524586e+001
+6.012861e+004	   -6.578069e+001
+6.026410e+004	   -6.550366e+001
+6.039989e+004	   -6.613691e+001
+6.053600e+004	   -6.655584e+001
+6.067240e+004	   -6.634886e+001
+6.080912e+004	   -6.729069e+001
+6.094614e+004	   -6.781405e+001
+6.108348e+004	   -6.754897e+001
+6.122112e+004	   -6.579269e+001
+6.135907e+004	   -6.420509e+001
+6.149734e+004	   -6.455376e+001
+6.163591e+004	   -6.545161e+001
+6.177480e+004	   -6.586357e+001
+6.191400e+004	   -6.665884e+001
+6.205351e+004	   -6.652816e+001
+6.219334e+004	   -6.685426e+001
+6.233348e+004	   -6.647529e+001
+6.247395e+004	   -6.715768e+001
+6.261472e+004	   -6.712354e+001
+6.275581e+004	   -6.772794e+001
+6.289722e+004	   -6.794889e+001
+6.303895e+004	   -6.774016e+001
+6.318100e+004	   -6.820975e+001
+6.332337e+004	   -6.851055e+001
+6.346606e+004	   -6.978596e+001
+6.360907e+004	   -6.873895e+001
+6.375241e+004	   -7.004924e+001
+6.389606e+004	   -7.111990e+001
+6.404004e+004	   -7.126359e+001
+6.418435e+004	   -7.162469e+001
+6.432898e+004	   -7.171741e+001
+6.447393e+004	   -7.232170e+001
+6.461921e+004	   -7.334083e+001
+6.476482e+004	   -7.012666e+001
+6.491076e+004	   -7.201472e+001
+6.505703e+004	   -7.139021e+001
+6.520363e+004	   -7.131139e+001
+6.535055e+004	   -7.397050e+001
+6.549781e+004	   -7.505746e+001
+6.564540e+004	   -7.437206e+001
+6.579332e+004	   -7.512581e+001
+6.594158e+004	   -7.765509e+001
+6.609016e+004	   -7.585965e+001
+6.623909e+004	   -7.671783e+001
+6.638835e+004	   -8.143341e+001
+6.653795e+004	   -8.158733e+001
+6.668788e+004	   -8.271877e+001
+6.683816e+004	   -8.229524e+001
+6.698877e+004	   -8.007900e+001
+6.713971e+004	   -8.216959e+001
+6.729100e+004	   -8.398480e+001
+6.744263e+004	   -8.234260e+001
+6.759460e+004	   -8.391886e+001
+6.774691e+004	   -7.860533e+001
+6.789958e+004	   -7.780733e+001
+6.805258e+004	   -7.624609e+001
+6.820592e+004	   -7.341732e+001
+6.835962e+004	   -7.219255e+001
+6.851366e+004	   -7.031967e+001
+6.866804e+004	   -7.101229e+001
+6.882277e+004	   -7.027029e+001
+6.897785e+004	   -7.032558e+001
+6.913328e+004	   -6.948248e+001
+6.928907e+004	   -6.764145e+001
+6.944520e+004	   -6.750732e+001
+6.960169e+004	   -6.607336e+001
+6.975852e+004	   -6.596879e+001
+6.991571e+004	   -6.491585e+001
+7.007326e+004	   -6.406013e+001
+7.023116e+004	   -6.346156e+001
+7.038941e+004	   -6.250023e+001
+7.054802e+004	   -6.152411e+001
+7.070699e+004	   -6.077300e+001
+7.086632e+004	   -5.948456e+001
+7.102601e+004	   -5.862764e+001
+7.118605e+004	   -5.771781e+001
+7.134646e+004	   -5.676061e+001
+7.150723e+004	   -5.557935e+001
+7.166836e+004	   -5.453980e+001
+7.182985e+004	   -5.304753e+001
+7.199171e+004	   -5.166169e+001
+7.215394e+004	   -5.011077e+001
+7.231652e+004	   -4.817336e+001
+7.247948e+004	   -4.613257e+001
+7.264280e+004	   -4.334526e+001
+7.280649e+004	   -3.915714e+001
+7.297055e+004	   -3.219280e+001
+7.313498e+004	   -2.648516e+001
+7.329977e+004	   -3.633942e+001
+7.346495e+004	   -4.099034e+001
+7.363048e+004	   -4.391304e+001
+7.379641e+004	   -4.595210e+001
+7.396270e+004	   -4.716759e+001
+7.412936e+004	   -4.810603e+001
+7.429640e+004	   -4.890904e+001
+7.446381e+004	   -4.927835e+001
+7.463160e+004	   -5.038973e+001
+7.479977e+004	   -5.117222e+001
+7.496833e+004	   -5.259425e+001
+7.513726e+004	   -5.429633e+001
+7.530656e+004	   -5.527124e+001
+7.547626e+004	   -5.577845e+001
+7.564634e+004	   -5.642406e+001
+7.581679e+004	   -5.687276e+001
+7.598763e+004	   -5.740615e+001
+7.615886e+004	   -5.775433e+001
+7.633047e+004	   -5.875031e+001
+7.650247e+004	   -5.884723e+001
+7.667486e+004	   -5.861129e+001
+7.684763e+004	   -5.851493e+001
+7.702080e+004	   -5.851489e+001
+7.719435e+004	   -5.870237e+001
+7.736830e+004	   -5.920681e+001
+7.754264e+004	   -5.933045e+001
+7.771737e+004	   -5.917350e+001
+7.789249e+004	   -5.987774e+001
+7.806801e+004	   -5.983248e+001
+7.824393e+004	   -6.066236e+001
+7.842023e+004	   -6.081517e+001
+7.859695e+004	   -6.075112e+001
+7.877405e+004	   -6.105695e+001
+7.895155e+004	   -6.117768e+001
+7.912946e+004	   -6.122368e+001
+7.930777e+004	   -6.208123e+001
+7.948648e+004	   -6.203531e+001
+7.966559e+004	   -6.214190e+001
+7.984510e+004	   -6.224353e+001
+8.002502e+004	   -6.242732e+001
+8.020534e+004	   -6.269751e+001
+8.038608e+004	   -6.318165e+001
+8.056722e+004	   -6.292723e+001
+8.074877e+004	   -6.286703e+001
+8.093072e+004	   -6.337192e+001
+8.111309e+004	   -6.350934e+001
+8.129586e+004	   -6.396426e+001
+8.147905e+004	   -6.465697e+001
+8.166265e+004	   -6.396189e+001
+8.184666e+004	   -6.402981e+001
+8.203109e+004	   -6.408931e+001
+8.221594e+004	   -6.415324e+001
+8.240120e+004	   -6.437877e+001
+8.258688e+004	   -6.416396e+001
+8.277298e+004	   -6.456664e+001
+8.295949e+004	   -6.478902e+001
+8.314643e+004	   -6.471690e+001
+8.333379e+004	   -6.511188e+001
+8.352157e+004	   -6.436345e+001
+8.370977e+004	   -6.460949e+001
+8.389840e+004	   -6.498765e+001
+8.408745e+004	   -6.527309e+001
+8.427693e+004	   -6.509237e+001
+8.446684e+004	   -6.538014e+001
+8.465716e+004	   -6.512817e+001
+8.484793e+004	   -6.584956e+001
+8.503913e+004	   -6.544405e+001
+8.523074e+004	   -6.559602e+001
+8.542280e+004	   -6.584688e+001
+8.561529e+004	   -6.629455e+001
+8.580821e+004	   -6.601469e+001
+8.600156e+004	   -6.634708e+001
+8.619536e+004	   -6.652577e+001
+8.638959e+004	   -6.662261e+001
+8.658425e+004	   -6.616140e+001
+8.677936e+004	   -6.673995e+001
+8.697490e+004	   -6.644552e+001
+8.717088e+004	   -6.708852e+001
+8.736731e+004	   -6.663272e+001
+8.756418e+004	   -6.758672e+001
+8.776149e+004	   -6.708315e+001
+8.795925e+004	   -6.648155e+001
+8.815745e+004	   -6.728481e+001
+8.835610e+004	   -6.670625e+001
+8.855520e+004	   -6.711189e+001
+8.875475e+004	   -6.693722e+001
+8.895474e+004	   -6.736043e+001
+8.915519e+004	   -6.710266e+001
+8.935609e+004	   -6.776024e+001
+8.955744e+004	   -6.818479e+001
+8.975924e+004	   -6.773286e+001
+8.996150e+004	   -6.766558e+001
+9.016422e+004	   -6.786257e+001
+9.036739e+004	   -6.813284e+001
+9.057102e+004	   -6.790050e+001
+9.077511e+004	   -6.837099e+001
+9.097966e+004	   -6.866753e+001
+9.118466e+004	   -6.786047e+001
+9.139013e+004	   -6.857045e+001
+9.159607e+004	   -6.866185e+001
+9.180247e+004	   -6.892556e+001
+9.200933e+004	   -6.857768e+001
+9.221666e+004	   -6.882707e+001
+9.242445e+004	   -6.911675e+001
+9.263272e+004	   -6.913627e+001
+9.284145e+004	   -6.905955e+001
+9.305066e+004	   -6.922268e+001
+9.326034e+004	   -6.868482e+001
+9.347048e+004	   -6.908628e+001
+9.368110e+004	   -6.860483e+001
+9.389220e+004	   -6.924863e+001
+9.410377e+004	   -6.872353e+001
+9.431582e+004	   -6.928568e+001
+9.452835e+004	   -6.897840e+001
+9.474135e+004	   -6.999168e+001
+9.495484e+004	   -6.956654e+001
+9.516880e+004	   -7.009331e+001
+9.538326e+004	   -6.970346e+001
+9.559819e+004	   -6.996365e+001
+9.581360e+004	   -6.912521e+001
+9.602951e+004	   -6.977789e+001
+9.624589e+004	   -6.968994e+001
+9.646277e+004	   -7.013642e+001
+9.668013e+004	   -6.991161e+001
+9.689798e+004	   -6.947581e+001
+9.711634e+004	   -6.971218e+001
+9.733517e+004	   -6.990932e+001
+9.755450e+004	   -6.989027e+001
+9.777433e+004	   -6.998222e+001
+9.799465e+004	   -7.003958e+001
+9.821546e+004	   -6.990104e+001
+9.843677e+004	   -6.991086e+001
+9.865859e+004	   -7.036473e+001
+9.888090e+004	   -6.985909e+001
+9.910371e+004	   -6.972476e+001
+9.932703e+004	   -7.028468e+001
+9.955085e+004	   -6.969820e+001
+9.977517e+004	   -7.004370e+001
+1.000000e+005	   -7.048037e+001
