+1.000000e+003	   -1.173225e+002
+1.002253e+003	   -1.163904e+002
+1.004512e+003	   -1.170860e+002
+1.006775e+003	   -1.191999e+002
+1.009044e+003	   -1.171912e+002
+1.011318e+003	   -1.185711e+002
+1.013596e+003	   -1.186585e+002
+1.015880e+003	   -1.185823e+002
+1.018170e+003	   -1.188732e+002
+1.020464e+003	   -1.183574e+002
+1.022763e+003	   -1.202191e+002
+1.025068e+003	   -1.187302e+002
+1.027378e+003	   -1.179429e+002
+1.029693e+003	   -1.188544e+002
+1.032013e+003	   -1.190043e+002
+1.034339e+003	   -1.183535e+002
+1.036669e+003	   -1.200940e+002
+1.039005e+003	   -1.184911e+002
+1.041347e+003	   -1.196287e+002
+1.043693e+003	   -1.175928e+002
+1.046045e+003	   -1.182875e+002
+1.048402e+003	   -1.202346e+002
+1.050764e+003	   -1.182565e+002
+1.053132e+003	   -1.197644e+002
+1.055505e+003	   -1.180643e+002
+1.057884e+003	   -1.190011e+002
+1.060267e+003	   -1.195877e+002
+1.062657e+003	   -1.190675e+002
+1.065051e+003	   -1.200313e+002
+1.067451e+003	   -1.213842e+002
+1.069856e+003	   -1.201147e+002
+1.072267e+003	   -1.202058e+002
+1.074683e+003	   -1.215284e+002
+1.077105e+003	   -1.187399e+002
+1.079532e+003	   -1.199496e+002
+1.081965e+003	   -1.215826e+002
+1.084403e+003	   -1.205881e+002
+1.086846e+003	   -1.208292e+002
+1.089295e+003	   -1.201325e+002
+1.091750e+003	   -1.205682e+002
+1.094210e+003	   -1.208918e+002
+1.096676e+003	   -1.197381e+002
+1.099147e+003	   -1.210248e+002
+1.101624e+003	   -1.220982e+002
+1.104106e+003	   -1.193321e+002
+1.106594e+003	   -1.223190e+002
+1.109087e+003	   -1.222186e+002
+1.111587e+003	   -1.206719e+002
+1.114091e+003	   -1.209934e+002
+1.116602e+003	   -1.196453e+002
+1.119118e+003	   -1.212864e+002
+1.121640e+003	   -1.221807e+002
+1.124167e+003	   -1.216048e+002
+1.126700e+003	   -1.231666e+002
+1.129239e+003	   -1.254388e+002
+1.131784e+003	   -1.248925e+002
+1.134334e+003	   -1.269201e+002
+1.136890e+003	   -1.242248e+002
+1.139452e+003	   -1.233777e+002
+1.142020e+003	   -1.257594e+002
+1.144593e+003	   -1.236507e+002
+1.147172e+003	   -1.254741e+002
+1.149757e+003	   -1.268081e+002
+1.152348e+003	   -1.236069e+002
+1.154944e+003	   -1.248749e+002
+1.157547e+003	   -1.255883e+002
+1.160155e+003	   -1.241371e+002
+1.162770e+003	   -1.249172e+002
+1.165390e+003	   -1.261943e+002
+1.168016e+003	   -1.259572e+002
+1.170648e+003	   -1.251221e+002
+1.173286e+003	   -1.272588e+002
+1.175929e+003	   -1.274353e+002
+1.178579e+003	   -1.253181e+002
+1.181235e+003	   -1.277794e+002
+1.183897e+003	   -1.263589e+002
+1.186564e+003	   -1.286201e+002
+1.189238e+003	   -1.275740e+002
+1.191918e+003	   -1.278770e+002
+1.194604e+003	   -1.282956e+002
+1.197296e+003	   -1.269079e+002
+1.199994e+003	   -1.247068e+002
+1.202698e+003	   -1.273502e+002
+1.205408e+003	   -1.280217e+002
+1.208124e+003	   -1.256612e+002
+1.210846e+003	   -1.279366e+002
+1.213575e+003	   -1.258218e+002
+1.216309e+003	   -1.269519e+002
+1.219050e+003	   -1.264075e+002
+1.221797e+003	   -1.272028e+002
+1.224550e+003	   -1.246571e+002
+1.227309e+003	   -1.237685e+002
+1.230075e+003	   -1.230383e+002
+1.232847e+003	   -1.253810e+002
+1.235625e+003	   -1.245672e+002
+1.238409e+003	   -1.290255e+002
+1.241200e+003	   -1.235906e+002
+1.243996e+003	   -1.281363e+002
+1.246800e+003	   -1.242641e+002
+1.249609e+003	   -1.191853e+002
+1.252425e+003	   -1.242539e+002
+1.255247e+003	   -1.204778e+002
+1.258076e+003	   -1.207583e+002
+1.260911e+003	   -1.187965e+002
+1.263752e+003	   -1.266578e+002
+1.266599e+003	   -1.184319e+002
+1.269453e+003	   -1.224468e+002
+1.272314e+003	   -1.214651e+002
+1.275181e+003	   -1.222861e+002
+1.278054e+003	   -1.195884e+002
+1.280934e+003	   -1.191283e+002
+1.283821e+003	   -1.218922e+002
+1.286714e+003	   -1.159668e+002
+1.289613e+003	   -1.101479e+002
+1.292519e+003	   -1.138162e+002
+1.295432e+003	   -1.164625e+002
+1.298351e+003	   -1.150758e+002
+1.301276e+003	   -1.197290e+002
+1.304208e+003	   -1.151399e+002
+1.307147e+003	   -1.154302e+002
+1.310093e+003	   -1.188008e+002
+1.313045e+003	   -1.192358e+002
+1.316004e+003	   -1.175968e+002
+1.318969e+003	   -1.176899e+002
+1.321941e+003	   -1.174460e+002
+1.324920e+003	   -1.163663e+002
+1.327905e+003	   -1.191781e+002
+1.330898e+003	   -1.185061e+002
+1.333897e+003	   -1.174609e+002
+1.336902e+003	   -1.172618e+002
+1.339915e+003	   -1.173512e+002
+1.342934e+003	   -1.203954e+002
+1.345960e+003	   -1.171428e+002
+1.348993e+003	   -1.199681e+002
+1.352033e+003	   -1.227172e+002
+1.355080e+003	   -1.199810e+002
+1.358133e+003	   -1.215019e+002
+1.361193e+003	   -1.200266e+002
+1.364261e+003	   -1.184815e+002
+1.367335e+003	   -1.197412e+002
+1.370416e+003	   -1.198002e+002
+1.373504e+003	   -1.169649e+002
+1.376599e+003	   -1.189430e+002
+1.379701e+003	   -1.209580e+002
+1.382810e+003	   -1.185920e+002
+1.385926e+003	   -1.202003e+002
+1.389049e+003	   -1.197069e+002
+1.392179e+003	   -1.199782e+002
+1.395316e+003	   -1.186454e+002
+1.398460e+003	   -1.197930e+002
+1.401611e+003	   -1.190545e+002
+1.404770e+003	   -1.191575e+002
+1.407935e+003	   -1.184572e+002
+1.411108e+003	   -1.187045e+002
+1.414287e+003	   -1.182734e+002
+1.417474e+003	   -1.180091e+002
+1.420668e+003	   -1.183479e+002
+1.423870e+003	   -1.184724e+002
+1.427078e+003	   -1.187700e+002
+1.430294e+003	   -1.182273e+002
+1.433517e+003	   -1.157658e+002
+1.436747e+003	   -1.182765e+002
+1.439984e+003	   -1.180363e+002
+1.443229e+003	   -1.171966e+002
+1.446481e+003	   -1.164662e+002
+1.449741e+003	   -1.155817e+002
+1.453007e+003	   -1.155774e+002
+1.456282e+003	   -1.160428e+002
+1.459563e+003	   -1.157031e+002
+1.462852e+003	   -1.147579e+002
+1.466148e+003	   -1.158410e+002
+1.469452e+003	   -1.159540e+002
+1.472763e+003	   -1.166022e+002
+1.476082e+003	   -1.151719e+002
+1.479408e+003	   -1.160466e+002
+1.482742e+003	   -1.148450e+002
+1.486083e+003	   -1.140162e+002
+1.489432e+003	   -1.144775e+002
+1.492788e+003	   -1.153389e+002
+1.496151e+003	   -1.163638e+002
+1.499523e+003	   -1.157909e+002
+1.502902e+003	   -1.142716e+002
+1.506288e+003	   -1.156084e+002
+1.509682e+003	   -1.154919e+002
+1.513084e+003	   -1.159476e+002
+1.516494e+003	   -1.150670e+002
+1.519911e+003	   -1.134105e+002
+1.523336e+003	   -1.147918e+002
+1.526769e+003	   -1.152847e+002
+1.530209e+003	   -1.155294e+002
+1.533657e+003	   -1.178615e+002
+1.537113e+003	   -1.209379e+002
+1.540577e+003	   -1.225765e+002
+1.544048e+003	   -1.252721e+002
+1.547527e+003	   -1.258123e+002
+1.551014e+003	   -1.278448e+002
+1.554509e+003	   -1.305134e+002
+1.558012e+003	   -1.298795e+002
+1.561523e+003	   -1.350482e+002
+1.565042e+003	   -1.331870e+002
+1.568568e+003	   -1.358713e+002
+1.572103e+003	   -1.332434e+002
+1.575645e+003	   -1.289608e+002
+1.579196e+003	   -1.265895e+002
+1.582754e+003	   -1.248116e+002
+1.586321e+003	   -1.228585e+002
+1.589895e+003	   -1.217307e+002
+1.593478e+003	   -1.193621e+002
+1.597069e+003	   -1.196082e+002
+1.600667e+003	   -1.192085e+002
+1.604274e+003	   -1.171494e+002
+1.607889e+003	   -1.168699e+002
+1.611512e+003	   -1.182884e+002
+1.615144e+003	   -1.156985e+002
+1.618783e+003	   -1.186975e+002
+1.622431e+003	   -1.162119e+002
+1.626087e+003	   -1.185578e+002
+1.629751e+003	   -1.172453e+002
+1.633423e+003	   -1.171453e+002
+1.637104e+003	   -1.171646e+002
+1.640793e+003	   -1.182989e+002
+1.644490e+003	   -1.170682e+002
+1.648196e+003	   -1.184692e+002
+1.651910e+003	   -1.190514e+002
+1.655632e+003	   -1.172157e+002
+1.659363e+003	   -1.178968e+002
+1.663102e+003	   -1.171593e+002
+1.666849e+003	   -1.178819e+002
+1.670605e+003	   -1.206767e+002
+1.674370e+003	   -1.187210e+002
+1.678143e+003	   -1.191263e+002
+1.681924e+003	   -1.191913e+002
+1.685714e+003	   -1.208592e+002
+1.689513e+003	   -1.162817e+002
+1.693320e+003	   -1.170326e+002
+1.697135e+003	   -1.180023e+002
+1.700960e+003	   -1.175858e+002
+1.704793e+003	   -1.186041e+002
+1.708634e+003	   -1.189859e+002
+1.712484e+003	   -1.183197e+002
+1.716343e+003	   -1.177854e+002
+1.720211e+003	   -1.188935e+002
+1.724087e+003	   -1.187860e+002
+1.727972e+003	   -1.176189e+002
+1.731866e+003	   -1.187029e+002
+1.735768e+003	   -1.221304e+002
+1.739679e+003	   -1.201781e+002
+1.743599e+003	   -1.194287e+002
+1.747528e+003	   -1.207659e+002
+1.751466e+003	   -1.180651e+002
+1.755413e+003	   -1.157142e+002
+1.759368e+003	   -1.211013e+002
+1.763333e+003	   -1.193518e+002
+1.767306e+003	   -1.192372e+002
+1.771289e+003	   -1.197033e+002
+1.775280e+003	   -1.217932e+002
+1.779280e+003	   -1.206220e+002
+1.783290e+003	   -1.200004e+002
+1.787308e+003	   -1.207684e+002
+1.791335e+003	   -1.198321e+002
+1.795372e+003	   -1.204071e+002
+1.799418e+003	   -1.189579e+002
+1.803472e+003	   -1.184127e+002
+1.807536e+003	   -1.200193e+002
+1.811609e+003	   -1.200846e+002
+1.815691e+003	   -1.196284e+002
+1.819783e+003	   -1.189160e+002
+1.823883e+003	   -1.201588e+002
+1.827993e+003	   -1.204097e+002
+1.832112e+003	   -1.200547e+002
+1.836241e+003	   -1.188706e+002
+1.840378e+003	   -1.209104e+002
+1.844526e+003	   -1.201453e+002
+1.848682e+003	   -1.200137e+002
+1.852848e+003	   -1.210496e+002
+1.857023e+003	   -1.204565e+002
+1.861207e+003	   -1.200596e+002
+1.865401e+003	   -1.212885e+002
+1.869604e+003	   -1.203446e+002
+1.873817e+003	   -1.201450e+002
+1.878040e+003	   -1.216759e+002
+1.882272e+003	   -1.219685e+002
+1.886513e+003	   -1.188836e+002
+1.890764e+003	   -1.223332e+002
+1.895025e+003	   -1.214339e+002
+1.899295e+003	   -1.216118e+002
+1.903575e+003	   -1.221074e+002
+1.907864e+003	   -1.204357e+002
+1.912163e+003	   -1.222995e+002
+1.916472e+003	   -1.226470e+002
+1.920790e+003	   -1.216782e+002
+1.925119e+003	   -1.219698e+002
+1.929457e+003	   -1.225990e+002
+1.933804e+003	   -1.223528e+002
+1.938162e+003	   -1.223878e+002
+1.942529e+003	   -1.230125e+002
+1.946906e+003	   -1.239074e+002
+1.951293e+003	   -1.219579e+002
+1.955690e+003	   -1.226356e+002
+1.960097e+003	   -1.229767e+002
+1.964514e+003	   -1.221954e+002
+1.968941e+003	   -1.233082e+002
+1.973377e+003	   -1.235425e+002
+1.977824e+003	   -1.246209e+002
+1.982281e+003	   -1.239919e+002
+1.986748e+003	   -1.236214e+002
+1.991224e+003	   -1.251995e+002
+1.995711e+003	   -1.251273e+002
+2.000208e+003	   -1.260196e+002
+2.004716e+003	   -1.255008e+002
+2.009233e+003	   -1.246821e+002
+2.013760e+003	   -1.254041e+002
+2.018298e+003	   -1.262155e+002
+2.022846e+003	   -1.264598e+002
+2.027404e+003	   -1.265023e+002
+2.031973e+003	   -1.267263e+002
+2.036552e+003	   -1.264734e+002
+2.041141e+003	   -1.261474e+002
+2.045740e+003	   -1.261943e+002
+2.050350e+003	   -1.263345e+002
+2.054970e+003	   -1.247951e+002
+2.059601e+003	   -1.271556e+002
+2.064241e+003	   -1.275342e+002
+2.068893e+003	   -1.272787e+002
+2.073555e+003	   -1.260830e+002
+2.078227e+003	   -1.261077e+002
+2.082910e+003	   -1.260894e+002
+2.087604e+003	   -1.255489e+002
+2.092308e+003	   -1.256635e+002
+2.097023e+003	   -1.276230e+002
+2.101748e+003	   -1.257834e+002
+2.106484e+003	   -1.265947e+002
+2.111231e+003	   -1.262021e+002
+2.115988e+003	   -1.260961e+002
+2.120756e+003	   -1.265970e+002
+2.125535e+003	   -1.263897e+002
+2.130324e+003	   -1.259971e+002
+2.135125e+003	   -1.263073e+002
+2.139936e+003	   -1.260878e+002
+2.144758e+003	   -1.255588e+002
+2.149591e+003	   -1.240445e+002
+2.154435e+003	   -1.252101e+002
+2.159289e+003	   -1.267402e+002
+2.164155e+003	   -1.270161e+002
+2.169032e+003	   -1.257964e+002
+2.173919e+003	   -1.262414e+002
+2.178818e+003	   -1.244002e+002
+2.183728e+003	   -1.264030e+002
+2.188648e+003	   -1.261592e+002
+2.193580e+003	   -1.262203e+002
+2.198523e+003	   -1.252599e+002
+2.203477e+003	   -1.260935e+002
+2.208442e+003	   -1.255751e+002
+2.213418e+003	   -1.271413e+002
+2.218406e+003	   -1.271754e+002
+2.223405e+003	   -1.259940e+002
+2.228415e+003	   -1.256208e+002
+2.233437e+003	   -1.254435e+002
+2.238469e+003	   -1.268651e+002
+2.243513e+003	   -1.258222e+002
+2.248569e+003	   -1.262926e+002
+2.253635e+003	   -1.256883e+002
+2.258714e+003	   -1.263544e+002
+2.263803e+003	   -1.252992e+002
+2.268905e+003	   -1.245886e+002
+2.274017e+003	   -1.265804e+002
+2.279141e+003	   -1.282176e+002
+2.284277e+003	   -1.270005e+002
+2.289424e+003	   -1.261878e+002
+2.294583e+003	   -1.281817e+002
+2.299754e+003	   -1.267221e+002
+2.304936e+003	   -1.268469e+002
+2.310130e+003	   -1.269475e+002
+2.315335e+003	   -1.282062e+002
+2.320552e+003	   -1.267881e+002
+2.325781e+003	   -1.274274e+002
+2.331022e+003	   -1.268617e+002
+2.336275e+003	   -1.278244e+002
+2.341539e+003	   -1.283202e+002
+2.346816e+003	   -1.278496e+002
+2.352104e+003	   -1.280950e+002
+2.357404e+003	   -1.276282e+002
+2.362716e+003	   -1.267132e+002
+2.368040e+003	   -1.279287e+002
+2.373376e+003	   -1.266038e+002
+2.378724e+003	   -1.279244e+002
+2.384084e+003	   -1.284106e+002
+2.389457e+003	   -1.286806e+002
+2.394841e+003	   -1.284091e+002
+2.400237e+003	   -1.290085e+002
+2.405646e+003	   -1.286900e+002
+2.411066e+003	   -1.279637e+002
+2.416500e+003	   -1.285922e+002
+2.421945e+003	   -1.281125e+002
+2.427402e+003	   -1.287662e+002
+2.432872e+003	   -1.295359e+002
+2.438354e+003	   -1.287391e+002
+2.443849e+003	   -1.285099e+002
+2.449355e+003	   -1.289992e+002
+2.454875e+003	   -1.291368e+002
+2.460406e+003	   -1.293300e+002
+2.465950e+003	   -1.301773e+002
+2.471507e+003	   -1.294465e+002
+2.477076e+003	   -1.298596e+002
+2.482658e+003	   -1.303394e+002
+2.488252e+003	   -1.299828e+002
+2.493859e+003	   -1.300587e+002
+2.499479e+003	   -1.296732e+002
+2.505111e+003	   -1.301122e+002
+2.510756e+003	   -1.311109e+002
+2.516414e+003	   -1.304631e+002
+2.522084e+003	   -1.313193e+002
+2.527767e+003	   -1.329608e+002
+2.533463e+003	   -1.313360e+002
+2.539172e+003	   -1.300862e+002
+2.544893e+003	   -1.305975e+002
+2.550628e+003	   -1.307700e+002
+2.556375e+003	   -1.300849e+002
+2.562136e+003	   -1.304649e+002
+2.567909e+003	   -1.311224e+002
+2.573696e+003	   -1.321513e+002
+2.579495e+003	   -1.325690e+002
+2.585308e+003	   -1.307027e+002
+2.591133e+003	   -1.314741e+002
+2.596972e+003	   -1.318234e+002
+2.602824e+003	   -1.315265e+002
+2.608689e+003	   -1.318552e+002
+2.614567e+003	   -1.325529e+002
+2.620459e+003	   -1.325823e+002
+2.626364e+003	   -1.323070e+002
+2.632282e+003	   -1.319876e+002
+2.638213e+003	   -1.309299e+002
+2.644158e+003	   -1.335248e+002
+2.650116e+003	   -1.339762e+002
+2.656088e+003	   -1.337831e+002
+2.662073e+003	   -1.363030e+002
+2.668072e+003	   -1.354901e+002
+2.674083e+003	   -1.318855e+002
+2.680109e+003	   -1.333248e+002
+2.686148e+003	   -1.355165e+002
+2.692201e+003	   -1.310515e+002
+2.698268e+003	   -1.337226e+002
+2.704348e+003	   -1.336533e+002
+2.710442e+003	   -1.479553e+002
+2.716549e+003	   -1.346278e+002
+2.722671e+003	   -1.330860e+002
+2.728806e+003	   -1.370148e+002
+2.734955e+003	   -1.350313e+002
+2.741118e+003	   -1.336895e+002
+2.747294e+003	   -1.365361e+002
+2.753485e+003	   -1.347927e+002
+2.759689e+003	   -1.361657e+002
+2.765908e+003	   -1.373331e+002
+2.772141e+003	   -1.352491e+002
+2.778387e+003	   -1.355696e+002
+2.784648e+003	   -1.362909e+002
+2.790923e+003	   -1.358269e+002
+2.797212e+003	   -1.357943e+002
+2.803515e+003	   -1.350142e+002
+2.809832e+003	   -1.360249e+002
+2.816164e+003	   -1.373730e+002
+2.822509e+003	   -1.392057e+002
+2.828869e+003	   -1.370161e+002
+2.835244e+003	   -1.362742e+002
+2.841633e+003	   -1.352328e+002
+2.848036e+003	   -1.399755e+002
+2.854454e+003	   -1.370936e+002
+2.860885e+003	   -1.357260e+002
+2.867332e+003	   -1.387562e+002
+2.873793e+003	   -1.375236e+002
+2.880269e+003	   -1.383936e+002
+2.886759e+003	   -1.391761e+002
+2.893264e+003	   -1.390984e+002
+2.899784e+003	   -1.386582e+002
+2.906318e+003	   -1.404393e+002
+2.912867e+003	   -1.385975e+002
+2.919430e+003	   -1.411082e+002
+2.926009e+003	   -1.396823e+002
+2.932602e+003	   -1.377097e+002
+2.939210e+003	   -1.403424e+002
+2.945833e+003	   -1.394066e+002
+2.952472e+003	   -1.404604e+002
+2.959125e+003	   -1.387868e+002
+2.965792e+003	   -1.411345e+002
+2.972476e+003	   -1.408944e+002
+2.979174e+003	   -1.396658e+002
+2.985887e+003	   -1.400994e+002
+2.992615e+003	   -1.420270e+002
+2.999358e+003	   -1.424184e+002
+3.006117e+003	   -1.455959e+002
+3.012891e+003	   -1.426704e+002
+3.019680e+003	   -1.398055e+002
+3.026484e+003	   -1.448562e+002
+3.033304e+003	   -1.432227e+002
+3.040139e+003	   -1.431669e+002
+3.046990e+003	   -1.456534e+002
+3.053855e+003	   -1.432449e+002
+3.060737e+003	   -1.452250e+002
+3.067634e+003	   -1.440641e+002
+3.074546e+003	   -1.450651e+002
+3.081474e+003	   -1.435283e+002
+3.088418e+003	   -1.453619e+002
+3.095377e+003	   -1.435797e+002
+3.102352e+003	   -1.417528e+002
+3.109343e+003	   -1.417796e+002
+3.116349e+003	   -1.422315e+002
+3.123372e+003	   -1.406962e+002
+3.130410e+003	   -1.405010e+002
+3.137464e+003	   -1.413111e+002
+3.144533e+003	   -1.422684e+002
+3.151619e+003	   -1.403856e+002
+3.158721e+003	   -1.399477e+002
+3.165839e+003	   -1.419764e+002
+3.172972e+003	   -1.420402e+002
+3.180122e+003	   -1.415104e+002
+3.187288e+003	   -1.396129e+002
+3.194470e+003	   -1.431486e+002
+3.201668e+003	   -1.458829e+002
+3.208883e+003	   -1.450465e+002
+3.216114e+003	   -1.433110e+002
+3.223361e+003	   -1.424032e+002
+3.230624e+003	   -1.438666e+002
+3.237904e+003	   -1.496458e+002
+3.245200e+003	   -1.458506e+002
+3.252512e+003	   -1.440970e+002
+3.259842e+003	   -1.436060e+002
+3.267187e+003	   -1.481505e+002
+3.274549e+003	   -1.461373e+002
+3.281928e+003	   -1.501640e+002
+3.289323e+003	   -1.498246e+002
+3.296735e+003	   -1.498932e+002
+3.304164e+003	   -1.511376e+002
+3.311609e+003	   -1.494105e+002
+3.319072e+003	   -1.505471e+002
+3.326551e+003	   -1.520122e+002
+3.334046e+003	   -1.521658e+002
+3.341559e+003	   -1.492337e+002
+3.349089e+003	   -1.516947e+002
+3.356636e+003	   -1.516490e+002
+3.364199e+003	   -1.497248e+002
+3.371780e+003	   -1.508880e+002
+3.379378e+003	   -1.477314e+002
+3.386993e+003	   -1.585842e+002
+3.394625e+003	   -1.508678e+002
+3.402274e+003	   -1.513822e+002
+3.409941e+003	   -1.545749e+002
+3.417625e+003	   -1.554346e+002
+3.425326e+003	   -1.559580e+002
+3.433044e+003	   -1.504500e+002
+3.440780e+003	   -1.501591e+002
+3.448533e+003	   -1.541806e+002
+3.456304e+003	   -1.534030e+002
+3.464092e+003	   -1.517539e+002
+3.471898e+003	   -1.551360e+002
+3.479721e+003	   -1.473468e+002
+3.487563e+003	   -1.612090e+002
+3.495421e+003	   -1.625224e+002
+3.503298e+003	   -1.554813e+002
+3.511192e+003	   -1.505734e+002
+3.519104e+003	   -1.581242e+002
+3.527033e+003	   -1.512492e+002
+3.534981e+003	   -1.570548e+002
+3.542947e+003	   -1.549987e+002
+3.550930e+003	   -1.561391e+002
+3.558932e+003	   -1.563802e+002
+3.566951e+003	   -1.543292e+002
+3.574989e+003	   -1.616869e+002
+3.583044e+003	   -1.621165e+002
+3.591118e+003	   -1.581634e+002
+3.599210e+003	   -1.585579e+002
+3.607321e+003	   -1.600520e+002
+3.615449e+003	   -1.570799e+002
+3.623596e+003	   -1.585634e+002
+3.631761e+003	   -1.597154e+002
+3.639945e+003	   -1.608565e+002
+3.648147e+003	   -1.599583e+002
+3.656368e+003	   -1.590798e+002
+3.664607e+003	   -1.599453e+002
+3.672864e+003	   -1.606225e+002
+3.681141e+003	   -1.610412e+002
+3.689436e+003	   -1.606218e+002
+3.697749e+003	   -1.632160e+002
+3.706081e+003	   -1.609099e+002
+3.714433e+003	   -1.620486e+002
+3.722802e+003	   -1.625040e+002
+3.731191e+003	   -1.623630e+002
+3.739599e+003	   -1.616860e+002
+3.748026e+003	   -1.602870e+002
+3.756471e+003	   -1.619029e+002
+3.764936e+003	   -1.627563e+002
+3.773419e+003	   -1.607133e+002
+3.781922e+003	   -1.634053e+002
+3.790444e+003	   -1.615008e+002
+3.798986e+003	   -1.632123e+002
+3.807546e+003	   -1.645414e+002
+3.816126e+003	   -1.641661e+002
+3.824725e+003	   -1.662259e+002
+3.833343e+003	   -1.651803e+002
+3.841981e+003	   -1.632929e+002
+3.850638e+003	   -1.661875e+002
+3.859315e+003	   -1.656929e+002
+3.868012e+003	   -1.656692e+002
+3.876728e+003	   -1.662817e+002
+3.885463e+003	   -1.635167e+002
+3.894219e+003	   -1.650958e+002
+3.902994e+003	   -1.634140e+002
+3.911789e+003	   -1.650524e+002
+3.920603e+003	   -1.654769e+002
+3.929438e+003	   -1.666570e+002
+3.938292e+003	   -1.687460e+002
+3.947167e+003	   -1.681429e+002
+3.956061e+003	   -1.669697e+002
+3.964975e+003	   -1.679184e+002
+3.973910e+003	   -1.727477e+002
+3.982864e+003	   -1.711422e+002
+3.991839e+003	   -1.691868e+002
+4.000834e+003	   -1.713401e+002
+4.009849e+003	   -1.687642e+002
+4.018885e+003	   -1.679179e+002
+4.027941e+003	   -1.713074e+002
+4.037017e+003	   -1.673815e+002
+4.046114e+003	   -1.758807e+002
+4.055231e+003	   -1.717346e+002
+4.064369e+003	   -1.707025e+002
+4.073528e+003	   -1.706214e+002
+4.082707e+003	   -1.710854e+002
+4.091906e+003	   -1.718020e+002
+4.101127e+003	   -1.722103e+002
+4.110368e+003	   -1.737501e+002
+4.119630e+003	   -1.715718e+002
+4.128914e+003	   -1.726974e+002
+4.138217e+003	   -1.712630e+002
+4.147542e+003	   -1.712145e+002
+4.156888e+003	   -1.748022e+002
+4.166255e+003	   -1.748041e+002
+4.175643e+003	   -1.738502e+002
+4.185052e+003	   -1.755208e+002
+4.194482e+003	   -1.756760e+002
+4.203934e+003	   -1.752916e+002
+4.213407e+003	   -1.747376e+002
+4.222901e+003	   -1.753717e+002
+4.232417e+003	   -1.752461e+002
+4.241954e+003	   -1.757214e+002
+4.251513e+003	   -1.763655e+002
+4.261093e+003	   -1.767495e+002
+4.270695e+003	   -1.774966e+002
+4.280318e+003	   -1.766134e+002
+4.289963e+003	   -1.771064e+002
+4.299630e+003	   -1.769245e+002
+4.309318e+003	   -1.770437e+002
+4.319029e+003	   -1.769078e+002
+4.328761e+003	   -1.777547e+002
+4.338516e+003	   -1.783445e+002
+4.348292e+003	   -1.791222e+002
+4.358090e+003	   -1.789077e+002
+4.367910e+003	   -1.785242e+002
+4.377752e+003	   +1.793634e+002
+4.387617e+003	   -1.796220e+002
+4.397504e+003	   +1.789429e+002
+4.407413e+003	   +1.790062e+002
+4.417345e+003	   +1.783194e+002
+4.427298e+003	   +1.794917e+002
+4.437275e+003	   +1.780544e+002
+4.447273e+003	   +1.788631e+002
+4.457295e+003	   +1.779265e+002
+4.467339e+003	   +1.773231e+002
+4.477405e+003	   +1.771913e+002
+4.487494e+003	   +1.775487e+002
+4.497606e+003	   +1.771241e+002
+4.507741e+003	   +1.773062e+002
+4.517898e+003	   +1.769465e+002
+4.528079e+003	   +1.771369e+002
+4.538282e+003	   +1.765341e+002
+4.548508e+003	   +1.763153e+002
+4.558758e+003	   +1.753663e+002
+4.569030e+003	   +1.750264e+002
+4.579326e+003	   +1.754639e+002
+4.589645e+003	   +1.749290e+002
+4.599987e+003	   +1.736806e+002
+4.610353e+003	   +1.739995e+002
+4.620741e+003	   +1.744155e+002
+4.631153e+003	   +1.734657e+002
+4.641589e+003	   +1.732244e+002
+4.652048e+003	   +1.740028e+002
+4.662531e+003	   +1.727880e+002
+4.673037e+003	   +1.734154e+002
+4.683567e+003	   +1.728669e+002
+4.694121e+003	   +1.734133e+002
+4.704698e+003	   +1.725184e+002
+4.715299e+003	   +1.720926e+002
+4.725925e+003	   +1.721103e+002
+4.736574e+003	   +1.715793e+002
+4.747247e+003	   +1.716048e+002
+4.757944e+003	   +1.707858e+002
+4.768666e+003	   +1.706200e+002
+4.779411e+003	   +1.705269e+002
+4.790181e+003	   +1.697991e+002
+4.800975e+003	   +1.695602e+002
+4.811793e+003	   +1.684778e+002
+4.822636e+003	   +1.694319e+002
+4.833503e+003	   +1.691198e+002
+4.844395e+003	   +1.690727e+002
+4.855311e+003	   +1.680110e+002
+4.866251e+003	   +1.681252e+002
+4.877217e+003	   +1.679960e+002
+4.888207e+003	   +1.671478e+002
+4.899222e+003	   +1.680853e+002
+4.910261e+003	   +1.675214e+002
+4.921326e+003	   +1.674819e+002
+4.932415e+003	   +1.674838e+002
+4.943530e+003	   +1.672709e+002
+4.954669e+003	   +1.670421e+002
+4.965834e+003	   +1.672705e+002
+4.977023e+003	   +1.663325e+002
+4.988239e+003	   +1.651147e+002
+4.999479e+003	   +1.658214e+002
+5.010744e+003	   +1.658577e+002
+5.022035e+003	   +1.654223e+002
+5.033352e+003	   +1.652258e+002
+5.044694e+003	   +1.640495e+002
+5.056061e+003	   +1.638323e+002
+5.067454e+003	   +1.634149e+002
+5.078873e+003	   +1.636999e+002
+5.090317e+003	   +1.631042e+002
+5.101788e+003	   +1.633104e+002
+5.113284e+003	   +1.620464e+002
+5.124806e+003	   +1.631621e+002
+5.136354e+003	   +1.620080e+002
+5.147928e+003	   +1.619041e+002
+5.159528e+003	   +1.622503e+002
+5.171154e+003	   +1.619249e+002
+5.182807e+003	   +1.615201e+002
+5.194485e+003	   +1.613992e+002
+5.206190e+003	   +1.611452e+002
+5.217922e+003	   +1.609092e+002
+5.229680e+003	   +1.601326e+002
+5.241464e+003	   +1.596069e+002
+5.253274e+003	   +1.592253e+002
+5.265112e+003	   +1.582079e+002
+5.276976e+003	   +1.582933e+002
+5.288867e+003	   +1.587798e+002
+5.300785e+003	   +1.582376e+002
+5.312729e+003	   +1.577710e+002
+5.324701e+003	   +1.569759e+002
+5.336699e+003	   +1.568669e+002
+5.348725e+003	   +1.562328e+002
+5.360777e+003	   +1.561936e+002
+5.372857e+003	   +1.561066e+002
+5.384964e+003	   +1.551663e+002
+5.397098e+003	   +1.551619e+002
+5.409260e+003	   +1.544856e+002
+5.421449e+003	   +1.542373e+002
+5.433665e+003	   +1.539540e+002
+5.445909e+003	   +1.537153e+002
+5.458181e+003	   +1.531752e+002
+5.470480e+003	   +1.528896e+002
+5.482807e+003	   +1.526986e+002
+5.495161e+003	   +1.517617e+002
+5.507544e+003	   +1.518604e+002
+5.519954e+003	   +1.515137e+002
+5.532393e+003	   +1.511803e+002
+5.544859e+003	   +1.508750e+002
+5.557354e+003	   +1.499432e+002
+5.569876e+003	   +1.495890e+002
+5.582427e+003	   +1.488263e+002
+5.595006e+003	   +1.488006e+002
+5.607614e+003	   +1.482125e+002
+5.620250e+003	   +1.478009e+002
+5.632914e+003	   +1.473027e+002
+5.645607e+003	   +1.473139e+002
+5.658329e+003	   +1.467822e+002
+5.671079e+003	   +1.458125e+002
+5.683858e+003	   +1.456657e+002
+5.696666e+003	   +1.449179e+002
+5.709502e+003	   +1.445033e+002
+5.722368e+003	   +1.440795e+002
+5.735262e+003	   +1.429580e+002
+5.748186e+003	   +1.429615e+002
+5.761138e+003	   +1.426523e+002
+5.774120e+003	   +1.420564e+002
+5.787131e+003	   +1.412816e+002
+5.800172e+003	   +1.411769e+002
+5.813242e+003	   +1.403948e+002
+5.826341e+003	   +1.395134e+002
+5.839470e+003	   +1.390870e+002
+5.852628e+003	   +1.386052e+002
+5.865816e+003	   +1.377844e+002
+5.879034e+003	   +1.371220e+002
+5.892281e+003	   +1.367225e+002
+5.905559e+003	   +1.358718e+002
+5.918866e+003	   +1.354939e+002
+5.932204e+003	   +1.348662e+002
+5.945571e+003	   +1.341015e+002
+5.958968e+003	   +1.336208e+002
+5.972396e+003	   +1.327158e+002
+5.985854e+003	   +1.319693e+002
+5.999342e+003	   +1.315075e+002
+6.012860e+003	   +1.306497e+002
+6.026410e+003	   +1.299830e+002
+6.039989e+003	   +1.287727e+002
+6.053600e+003	   +1.280840e+002
+6.067240e+003	   +1.273699e+002
+6.080912e+003	   +1.265016e+002
+6.094614e+003	   +1.256487e+002
+6.108348e+003	   +1.248543e+002
+6.122112e+003	   +1.239016e+002
+6.135907e+003	   +1.229195e+002
+6.149733e+003	   +1.219556e+002
+6.163591e+003	   +1.209182e+002
+6.177480e+003	   +1.196880e+002
+6.191400e+003	   +1.185247e+002
+6.205351e+003	   +1.173276e+002
+6.219334e+003	   +1.162223e+002
+6.233349e+003	   +1.150695e+002
+6.247395e+003	   +1.139331e+002
+6.261472e+003	   +1.125794e+002
+6.275581e+003	   +1.115948e+002
+6.289722e+003	   +1.105256e+002
+6.303896e+003	   +1.095519e+002
+6.318100e+003	   +1.087064e+002
+6.332337e+003	   +1.079593e+002
+6.346606e+003	   +1.073570e+002
+6.360907e+003	   +1.069422e+002
+6.375241e+003	   +1.062114e+002
+6.389606e+003	   +1.054744e+002
+6.404004e+003	   +1.045608e+002
+6.418435e+003	   +1.037004e+002
+6.432898e+003	   +1.027678e+002
+6.447393e+003	   +1.016807e+002
+6.461921e+003	   +1.006821e+002
+6.476482e+003	   +9.948219e+001
+6.491076e+003	   +9.837621e+001
+6.505703e+003	   +9.726302e+001
+6.520363e+003	   +9.609687e+001
+6.535055e+003	   +9.480821e+001
+6.549781e+003	   +9.337013e+001
+6.564540e+003	   +9.216898e+001
+6.579332e+003	   +9.084422e+001
+6.594158e+003	   +8.946098e+001
+6.609017e+003	   +8.812647e+001
+6.623909e+003	   +8.672274e+001
+6.638835e+003	   +8.537939e+001
+6.653795e+003	   +8.396879e+001
+6.668788e+003	   +8.257606e+001
+6.683815e+003	   +8.110371e+001
+6.698876e+003	   +7.977177e+001
+6.713971e+003	   +7.826917e+001
+6.729100e+003	   +7.693154e+001
+6.744263e+003	   +7.543993e+001
+6.759460e+003	   +7.409779e+001
+6.774692e+003	   +7.276595e+001
+6.789958e+003	   +7.153977e+001
+6.805258e+003	   +7.015182e+001
+6.820592e+003	   +6.886208e+001
+6.835961e+003	   +6.735675e+001
+6.851365e+003	   +6.597760e+001
+6.866804e+003	   +6.481533e+001
+6.882277e+003	   +6.363103e+001
+6.897785e+003	   +6.239531e+001
+6.913329e+003	   +6.117341e+001
+6.928907e+003	   +5.985323e+001
+6.944520e+003	   +5.857927e+001
+6.960168e+003	   +5.755005e+001
+6.975852e+003	   +5.632178e+001
+6.991571e+003	   +5.533755e+001
+7.007326e+003	   +5.411765e+001
+7.023116e+003	   +5.340060e+001
+7.038941e+003	   +5.223627e+001
+7.054802e+003	   +5.130360e+001
+7.070699e+003	   +5.015311e+001
+7.086632e+003	   +4.923951e+001
+7.102601e+003	   +4.839623e+001
+7.118605e+003	   +4.724096e+001
+7.134646e+003	   +4.641034e+001
+7.150723e+003	   +4.556958e+001
+7.166836e+003	   +4.468975e+001
+7.182985e+003	   +4.389381e+001
+7.199171e+003	   +4.313117e+001
+7.215394e+003	   +4.259755e+001
+7.231652e+003	   +4.176343e+001
+7.247948e+003	   +4.110326e+001
+7.264280e+003	   +4.016893e+001
+7.280649e+003	   +3.959181e+001
+7.297055e+003	   +3.893514e+001
+7.313498e+003	   +3.848375e+001
+7.329978e+003	   +3.770251e+001
+7.346495e+003	   +3.712080e+001
+7.363049e+003	   +3.655938e+001
+7.379640e+003	   +3.581135e+001
+7.396269e+003	   +3.533537e+001
+7.412936e+003	   +3.494094e+001
+7.429640e+003	   +3.425337e+001
+7.446381e+003	   +3.370648e+001
+7.463161e+003	   +3.337415e+001
+7.479978e+003	   +3.317635e+001
+7.496833e+003	   +3.250568e+001
+7.513726e+003	   +3.201496e+001
+7.530657e+003	   +3.177898e+001
+7.547626e+003	   +3.128838e+001
+7.564633e+003	   +3.053377e+001
+7.581679e+003	   +3.044984e+001
+7.598763e+003	   +3.019863e+001
+7.615886e+003	   +2.984425e+001
+7.633047e+003	   +2.955976e+001
+7.650247e+003	   +2.888754e+001
+7.667486e+003	   +2.861104e+001
+7.684763e+003	   +2.824688e+001
+7.702080e+003	   +2.817414e+001
+7.719436e+003	   +2.806593e+001
+7.736830e+003	   +2.745007e+001
+7.754264e+003	   +2.717245e+001
+7.771737e+003	   +2.710710e+001
+7.789249e+003	   +2.666413e+001
+7.806801e+003	   +2.655606e+001
+7.824393e+003	   +2.622541e+001
+7.842024e+003	   +2.589694e+001
+7.859694e+003	   +2.586857e+001
+7.877405e+003	   +2.571749e+001
+7.895156e+003	   +2.557313e+001
+7.912946e+003	   +2.504391e+001
+7.930777e+003	   +2.478942e+001
+7.948648e+003	   +2.478475e+001
+7.966559e+003	   +2.476105e+001
+7.984510e+003	   +2.387617e+001
+8.002502e+003	   +2.385188e+001
+8.020535e+003	   +2.346772e+001
+8.038608e+003	   +2.336736e+001
+8.056722e+003	   +2.348830e+001
+8.074876e+003	   +2.326252e+001
+8.093072e+003	   +2.331919e+001
+8.111308e+003	   +2.291927e+001
+8.129586e+003	   +2.318601e+001
+8.147905e+003	   +2.282132e+001
+8.166265e+003	   +2.254754e+001
+8.184667e+003	   +2.245700e+001
+8.203109e+003	   +2.215302e+001
+8.221594e+003	   +2.244996e+001
+8.240120e+003	   +2.230782e+001
+8.258688e+003	   +2.207606e+001
+8.277298e+003	   +1.974150e+001
+8.295949e+003	   +2.195158e+001
+8.314643e+003	   +2.179713e+001
+8.333379e+003	   +2.215512e+001
+8.352156e+003	   +2.209393e+001
+8.370977e+003	   +2.202662e+001
+8.389840e+003	   +2.212828e+001
+8.408745e+003	   +2.176310e+001
+8.427692e+003	   +2.267961e+001
+8.446684e+003	   +2.216700e+001
+8.465717e+003	   +2.275243e+001
+8.484793e+003	   +2.300694e+001
+8.503912e+003	   +2.402211e+001
+8.523074e+003	   +2.480993e+001
+8.542280e+003	   +2.527124e+001
+8.561528e+003	   +2.571362e+001
+8.580821e+003	   +2.671197e+001
+8.600156e+003	   +2.741811e+001
+8.619536e+003	   +2.813009e+001
+8.638959e+003	   +2.864651e+001
+8.658425e+003	   +2.895676e+001
+8.677936e+003	   +2.960386e+001
+8.697490e+003	   +2.960779e+001
+8.717089e+003	   +2.997075e+001
+8.736731e+003	   +3.084323e+001
+8.756418e+003	   +3.131266e+001
+8.776149e+003	   +3.150835e+001
+8.795925e+003	   +3.169432e+001
+8.815745e+003	   +3.201248e+001
+8.835610e+003	   +3.291833e+001
+8.855521e+003	   +3.298777e+001
+8.875475e+003	   +3.303552e+001
+8.895475e+003	   +3.324436e+001
+8.915519e+003	   +3.380412e+001
+8.935608e+003	   +3.386706e+001
+8.955744e+003	   +3.422194e+001
+8.975924e+003	   +3.448306e+001
+8.996150e+003	   +3.429351e+001
+9.016422e+003	   +3.428939e+001
+9.036739e+003	   +3.432549e+001
+9.057102e+003	   +3.431441e+001
+9.077511e+003	   +3.441700e+001
+9.097966e+003	   +3.416311e+001
+9.118467e+003	   +3.373347e+001
+9.139014e+003	   +3.328576e+001
+9.159606e+003	   +3.268626e+001
+9.180247e+003	   +3.243269e+001
+9.200933e+003	   +3.172049e+001
+9.221666e+003	   +3.082687e+001
+9.242445e+003	   +3.016019e+001
+9.263272e+003	   +2.872738e+001
+9.284146e+003	   +2.850659e+001
+9.305065e+003	   +2.752639e+001
+9.326033e+003	   +2.646737e+001
+9.347048e+003	   +2.564788e+001
+9.368110e+003	   +2.451212e+001
+9.389220e+003	   +2.382307e+001
+9.410377e+003	   +2.245513e+001
+9.431582e+003	   +2.197820e+001
+9.452835e+003	   +2.053486e+001
+9.474136e+003	   +2.005740e+001
+9.495484e+003	   +1.963694e+001
+9.516881e+003	   +1.878045e+001
+9.538325e+003	   +1.813937e+001
+9.559818e+003	   +1.756930e+001
+9.581360e+003	   +1.728323e+001
+9.602950e+003	   +1.660691e+001
+9.624590e+003	   +1.644768e+001
+9.646277e+003	   +1.585613e+001
+9.668014e+003	   +1.571430e+001
+9.689799e+003	   +1.445181e+001
+9.711634e+003	   +1.486193e+001
+9.733517e+003	   +1.457034e+001
+9.755450e+003	   +1.404153e+001
+9.777433e+003	   +1.411050e+001
+9.799465e+003	   +1.306035e+001
+9.821546e+003	   +1.374865e+001
+9.843678e+003	   +1.285568e+001
+9.865858e+003	   +1.299755e+001
+9.888090e+003	   +1.275086e+001
+9.910371e+003	   +1.258842e+001
+9.932703e+003	   +1.250211e+001
+9.955085e+003	   +1.225099e+001
+9.977518e+003	   +1.145272e+001
+1.000000e+004	   +1.187884e+001
+1.002253e+004	   +1.149517e+001
+1.004512e+004	   +1.100201e+001
+1.006775e+004	   +1.127010e+001
+1.009044e+004	   +1.130737e+001
+1.011318e+004	   +1.072564e+001
+1.013596e+004	   +1.112377e+001
+1.015880e+004	   +1.064590e+001
+1.018170e+004	   +1.051079e+001
+1.020464e+004	   +1.043257e+001
+1.022763e+004	   +1.054594e+001
+1.025068e+004	   +1.045832e+001
+1.027378e+004	   +1.000781e+001
+1.029693e+004	   +1.024697e+001
+1.032013e+004	   +1.026388e+001
+1.034339e+004	   +1.011318e+001
+1.036669e+004	   +1.035454e+001
+1.039005e+004	   +1.024845e+001
+1.041347e+004	   +1.034465e+001
+1.043693e+004	   +1.007052e+001
+1.046045e+004	   +1.019831e+001
+1.048402e+004	   +1.030615e+001
+1.050764e+004	   +1.031553e+001
+1.053132e+004	   +1.107558e+001
+1.055505e+004	   +1.095463e+001
+1.057884e+004	   +1.124741e+001
+1.060267e+004	   +1.167253e+001
+1.062657e+004	   +1.227984e+001
+1.065051e+004	   +1.253938e+001
+1.067451e+004	   +1.274594e+001
+1.069856e+004	   +1.293317e+001
+1.072267e+004	   +1.429171e+001
+1.074683e+004	   +1.444891e+001
+1.077105e+004	   +1.520948e+001
+1.079532e+004	   +1.563866e+001
+1.081965e+004	   +1.695630e+001
+1.084403e+004	   +1.742007e+001
+1.086846e+004	   +1.741537e+001
+1.089295e+004	   +1.794501e+001
+1.091750e+004	   +1.863233e+001
+1.094210e+004	   +1.944472e+001
+1.096676e+004	   +2.030062e+001
+1.099147e+004	   +2.077525e+001
+1.101624e+004	   +2.160976e+001
+1.104106e+004	   +2.354201e+001
+1.106594e+004	   +2.445306e+001
+1.109087e+004	   +2.625329e+001
+1.111587e+004	   +2.761304e+001
+1.114091e+004	   +3.068010e+001
+1.116602e+004	   +3.326832e+001
+1.119118e+004	   +3.765884e+001
+1.121640e+004	   +4.173263e+001
+1.124167e+004	   +4.664535e+001
+1.126700e+004	   +5.286899e+001
+1.129239e+004	   +5.981158e+001
+1.131784e+004	   +6.487664e+001
+1.134334e+004	   +6.972105e+001
+1.136890e+004	   +7.556226e+001
+1.139452e+004	   +8.088677e+001
+1.142019e+004	   +8.752692e+001
+1.144593e+004	   +8.999981e+001
+1.147172e+004	   +9.496355e+001
+1.149757e+004	   +9.764583e+001
+1.152348e+004	   +1.008564e+002
+1.154944e+004	   +1.033132e+002
+1.157547e+004	   +1.062883e+002
+1.160155e+004	   +1.071270e+002
+1.162770e+004	   +1.088321e+002
+1.165390e+004	   +1.102722e+002
+1.168016e+004	   +1.112050e+002
+1.170648e+004	   +1.117611e+002
+1.173286e+004	   +1.126332e+002
+1.175929e+004	   +1.131268e+002
+1.178579e+004	   +1.133015e+002
+1.181235e+004	   +1.134818e+002
+1.183897e+004	   +1.135343e+002
+1.186564e+004	   +1.133556e+002
+1.189238e+004	   +1.125451e+002
+1.191918e+004	   +1.116956e+002
+1.194604e+004	   +1.107962e+002
+1.197296e+004	   +1.093016e+002
+1.199993e+004	   +1.075829e+002
+1.202697e+004	   +1.055768e+002
+1.205408e+004	   +1.030483e+002
+1.208124e+004	   +9.997161e+001
+1.210846e+004	   +9.732840e+001
+1.213575e+004	   +9.361705e+001
+1.216309e+004	   +8.949034e+001
+1.219050e+004	   +8.515332e+001
+1.221797e+004	   +8.025268e+001
+1.224550e+004	   +7.448770e+001
+1.227309e+004	   +6.822944e+001
+1.230075e+004	   +6.101807e+001
+1.232847e+004	   +5.350021e+001
+1.235625e+004	   +4.599582e+001
+1.238409e+004	   +3.917216e+001
+1.241200e+004	   +3.297989e+001
+1.243996e+004	   +2.801681e+001
+1.246800e+004	   +2.337473e+001
+1.249609e+004	   +2.025441e+001
+1.252425e+004	   +1.730624e+001
+1.255247e+004	   +1.496428e+001
+1.258076e+004	   +1.222934e+001
+1.260911e+004	   +1.067284e+001
+1.263752e+004	   +9.350598e+000
+1.266599e+004	   +8.309676e+000
+1.269454e+004	   +7.975715e+000
+1.272314e+004	   +8.177611e+000
+1.275181e+004	   +8.893037e+000
+1.278054e+004	   +9.930744e+000
+1.280934e+004	   +1.012194e+001
+1.283821e+004	   +8.901383e+000
+1.286714e+004	   +7.590586e+000
+1.289613e+004	   +5.863263e+000
+1.292519e+004	   +4.203562e+000
+1.295432e+004	   +2.806110e+000
+1.298351e+004	   +1.771971e+000
+1.301276e+004	   +6.980628e-001
+1.304208e+004	   +1.389937e-002
+1.307147e+004	   -7.918539e-001
+1.310093e+004	   -8.920410e-001
+1.313045e+004	   -1.580952e+000
+1.316004e+004	   -1.951413e+000
+1.318969e+004	   -2.294503e+000
+1.321941e+004	   -2.463765e+000
+1.324920e+004	   -2.820941e+000
+1.327905e+004	   -2.887706e+000
+1.330898e+004	   -3.134262e+000
+1.333897e+004	   -3.267551e+000
+1.336902e+004	   -3.222543e+000
+1.339915e+004	   -3.574277e+000
+1.342934e+004	   -4.038759e+000
+1.345960e+004	   -4.561487e+000
+1.348993e+004	   -5.490021e+000
+1.352033e+004	   -5.985885e+000
+1.355080e+004	   -6.495934e+000
+1.358133e+004	   -7.198187e+000
+1.361193e+004	   -7.210279e+000
+1.364261e+004	   -7.464852e+000
+1.367335e+004	   -7.429088e+000
+1.370416e+004	   -7.747309e+000
+1.373504e+004	   -7.974952e+000
+1.376599e+004	   -7.699357e+000
+1.379701e+004	   -7.535863e+000
+1.382810e+004	   -7.153630e+000
+1.385926e+004	   -7.018842e+000
+1.389049e+004	   -6.989577e+000
+1.392179e+004	   -6.955300e+000
+1.395316e+004	   -7.743678e+000
+1.398460e+004	   -8.536963e+000
+1.401611e+004	   -9.105218e+000
+1.404770e+004	   -9.550946e+000
+1.407935e+004	   -1.016382e+001
+1.411108e+004	   -1.034233e+001
+1.414287e+004	   -1.093056e+001
+1.417474e+004	   -1.124554e+001
+1.420668e+004	   -1.144291e+001
+1.423870e+004	   -1.139713e+001
+1.427078e+004	   -1.166714e+001
+1.430294e+004	   -1.135730e+001
+1.433517e+004	   -1.186721e+001
+1.436747e+004	   -1.163233e+001
+1.439984e+004	   -1.177395e+001
+1.443229e+004	   -1.204003e+001
+1.446481e+004	   -1.125639e+001
+1.449741e+004	   -1.103976e+001
+1.453007e+004	   -1.034056e+001
+1.456282e+004	   -9.772758e+000
+1.459563e+004	   -9.925844e+000
+1.462852e+004	   -1.063320e+001
+1.466148e+004	   -1.119499e+001
+1.469452e+004	   -1.213404e+001
+1.472763e+004	   -1.213015e+001
+1.476082e+004	   -1.185807e+001
+1.479408e+004	   -1.261192e+001
+1.482742e+004	   -1.272186e+001
+1.486083e+004	   -1.312259e+001
+1.489431e+004	   -1.324336e+001
+1.492788e+004	   -1.317111e+001
+1.496151e+004	   -1.285007e+001
+1.499523e+004	   -1.297026e+001
+1.502902e+004	   -1.310520e+001
+1.506288e+004	   -1.308192e+001
+1.509683e+004	   -1.311698e+001
+1.513084e+004	   -1.304439e+001
+1.516494e+004	   -1.341602e+001
+1.519911e+004	   -1.359628e+001
+1.523336e+004	   -1.371303e+001
+1.526769e+004	   -1.375362e+001
+1.530209e+004	   -1.386827e+001
+1.533657e+004	   -1.404215e+001
+1.537113e+004	   -1.324071e+001
+1.540577e+004	   -1.426750e+001
+1.544048e+004	   -1.379517e+001
+1.547527e+004	   -1.433646e+001
+1.551014e+004	   -1.416391e+001
+1.554509e+004	   -1.414887e+001
+1.558012e+004	   -1.386401e+001
+1.561523e+004	   -1.371930e+001
+1.565042e+004	   -1.312947e+001
+1.568568e+004	   -1.269608e+001
+1.572103e+004	   -1.169461e+001
+1.575645e+004	   -1.072081e+001
+1.579196e+004	   -9.019766e+000
+1.582754e+004	   -6.912635e+000
+1.586321e+004	   -6.677341e+000
+1.589895e+004	   -6.471704e+000
+1.593478e+004	   -6.819632e+000
+1.597069e+004	   -7.521445e+000
+1.600667e+004	   -8.657442e+000
+1.604274e+004	   -9.373219e+000
+1.607889e+004	   -9.895150e+000
+1.611512e+004	   -1.090415e+001
+1.615144e+004	   -1.062867e+001
+1.618783e+004	   -1.044952e+001
+1.622431e+004	   -1.054930e+001
+1.626087e+004	   -1.087446e+001
+1.629751e+004	   -1.067981e+001
+1.633423e+004	   -1.031008e+001
+1.637104e+004	   -9.770494e+000
+1.640793e+004	   -9.962585e+000
+1.644490e+004	   -9.999228e+000
+1.648196e+004	   -1.091707e+001
+1.651910e+004	   -1.293051e+001
+1.655632e+004	   -1.342104e+001
+1.659363e+004	   -1.445720e+001
+1.663102e+004	   -1.513685e+001
+1.666849e+004	   -1.551775e+001
+1.670605e+004	   -1.606126e+001
+1.674370e+004	   -1.621677e+001
+1.678143e+004	   -1.664469e+001
+1.681924e+004	   -1.647673e+001
+1.685714e+004	   -1.622918e+001
+1.689513e+004	   -1.612643e+001
+1.693320e+004	   -1.572895e+001
+1.697136e+004	   -1.527517e+001
+1.700960e+004	   -1.604066e+001
+1.704793e+004	   -1.695715e+001
+1.708634e+004	   -1.744275e+001
+1.712484e+004	   -1.738319e+001
+1.716343e+004	   -1.803156e+001
+1.720211e+004	   -1.813622e+001
+1.724087e+004	   -1.823185e+001
+1.727972e+004	   -1.813328e+001
+1.731866e+004	   -1.780684e+001
+1.735768e+004	   -1.845411e+001
+1.739679e+004	   -1.783095e+001
+1.743599e+004	   -1.849939e+001
+1.747528e+004	   -1.869989e+001
+1.751466e+004	   -1.939920e+001
+1.755413e+004	   -1.975708e+001
+1.759368e+004	   -2.017913e+001
+1.763333e+004	   -2.000963e+001
+1.767306e+004	   -1.975780e+001
+1.771289e+004	   -1.910363e+001
+1.775280e+004	   -1.900638e+001
+1.779280e+004	   -1.986460e+001
+1.783290e+004	   -2.021887e+001
+1.787308e+004	   -2.038718e+001
+1.791336e+004	   -2.044080e+001
+1.795372e+004	   -2.014491e+001
+1.799418e+004	   -2.014776e+001
+1.803472e+004	   -2.048672e+001
+1.807536e+004	   -2.075939e+001
+1.811609e+004	   -2.108636e+001
+1.815691e+004	   -2.072629e+001
+1.819783e+004	   -2.046187e+001
+1.823883e+004	   -2.072503e+001
+1.827993e+004	   -2.135853e+001
+1.832112e+004	   -2.159078e+001
+1.836241e+004	   -2.140093e+001
+1.840379e+004	   -2.107349e+001
+1.844525e+004	   -2.087796e+001
+1.848682e+004	   -2.085256e+001
+1.852847e+004	   -2.097787e+001
+1.857023e+004	   -2.069792e+001
+1.861207e+004	   -2.140100e+001
+1.865401e+004	   -2.123098e+001
+1.869604e+004	   -2.188006e+001
+1.873817e+004	   -2.147141e+001
+1.878040e+004	   -2.183974e+001
+1.882272e+004	   -2.122391e+001
+1.886513e+004	   -2.143809e+001
+1.890764e+004	   -1.946207e+001
+1.895025e+004	   -1.686850e+001
+1.899295e+004	   -1.643191e+001
+1.903575e+004	   -1.562422e+001
+1.907864e+004	   -1.659849e+001
+1.912163e+004	   -1.702399e+001
+1.916472e+004	   -1.772356e+001
+1.920790e+004	   -1.809803e+001
+1.925119e+004	   -1.791234e+001
+1.929456e+004	   -1.686046e+001
+1.933804e+004	   -1.637612e+001
+1.938162e+004	   -1.436985e+001
+1.942529e+004	   -1.447953e+001
+1.946906e+004	   -1.242670e+001
+1.951293e+004	   -1.162040e+001
+1.955690e+004	   -1.080740e+001
+1.960097e+004	   -1.068388e+001
+1.964514e+004	   -1.223491e+001
+1.968941e+004	   -1.346471e+001
+1.973378e+004	   -1.612045e+001
+1.977824e+004	   -1.767292e+001
+1.982281e+004	   -1.874093e+001
+1.986748e+004	   -1.999549e+001
+1.991225e+004	   -2.118732e+001
+1.995712e+004	   -2.159190e+001
+2.000209e+004	   -2.074278e+001
+2.004716e+004	   -2.142535e+001
+2.009233e+004	   -2.143064e+001
+2.013761e+004	   -2.188859e+001
+2.018298e+004	   -2.255810e+001
+2.022846e+004	   -2.401296e+001
+2.027404e+004	   -2.556795e+001
+2.031973e+004	   -2.688037e+001
+2.036552e+004	   -2.885624e+001
+2.041141e+004	   -3.123886e+001
+2.045740e+004	   -3.298733e+001
+2.050350e+004	   -3.460778e+001
+2.054970e+004	   -3.499643e+001
+2.059601e+004	   -3.388426e+001
+2.064242e+004	   -3.481556e+001
+2.068893e+004	   -3.450629e+001
+2.073555e+004	   -3.420638e+001
+2.078227e+004	   -3.309832e+001
+2.082910e+004	   -3.217037e+001
+2.087604e+004	   -3.096739e+001
+2.092308e+004	   -2.983100e+001
+2.097023e+004	   -2.942803e+001
+2.101748e+004	   -2.860418e+001
+2.106484e+004	   -2.862974e+001
+2.111231e+004	   -2.835481e+001
+2.115988e+004	   -2.881240e+001
+2.120756e+004	   -2.787281e+001
+2.125535e+004	   -2.886131e+001
+2.130324e+004	   -2.809464e+001
+2.135125e+004	   -2.822780e+001
+2.139936e+004	   -2.856594e+001
+2.144758e+004	   -2.751070e+001
+2.149591e+004	   -2.822033e+001
+2.154435e+004	   -2.858656e+001
+2.159289e+004	   -2.810650e+001
+2.164155e+004	   -2.838317e+001
+2.169032e+004	   -2.798022e+001
+2.173919e+004	   -2.809373e+001
+2.178818e+004	   -2.817600e+001
+2.183728e+004	   -2.869317e+001
+2.188648e+004	   -2.871458e+001
+2.193580e+004	   -2.834474e+001
+2.198523e+004	   -2.867466e+001
+2.203477e+004	   -2.841894e+001
+2.208442e+004	   -2.868219e+001
+2.213419e+004	   -2.792326e+001
+2.218406e+004	   -2.895558e+001
+2.223405e+004	   -2.971652e+001
+2.228415e+004	   -2.965266e+001
+2.233437e+004	   -2.995520e+001
+2.238469e+004	   -3.002451e+001
+2.243513e+004	   -3.053406e+001
+2.248569e+004	   -3.060878e+001
+2.253636e+004	   -3.060615e+001
+2.258714e+004	   -3.166465e+001
+2.263803e+004	   -3.211366e+001
+2.268904e+004	   -3.165795e+001
+2.274017e+004	   -3.152258e+001
+2.279141e+004	   -3.170878e+001
+2.284277e+004	   -3.172177e+001
+2.289424e+004	   -3.165328e+001
+2.294583e+004	   -3.158028e+001
+2.299754e+004	   -3.091492e+001
+2.304936e+004	   -3.119917e+001
+2.310130e+004	   -3.192278e+001
+2.315335e+004	   -3.180534e+001
+2.320553e+004	   -3.100022e+001
+2.325781e+004	   -3.112389e+001
+2.331022e+004	   -3.137237e+001
+2.336275e+004	   -3.126366e+001
+2.341539e+004	   -3.144733e+001
+2.346816e+004	   -3.148503e+001
+2.352104e+004	   -3.167005e+001
+2.357404e+004	   -3.143522e+001
+2.362716e+004	   -3.268858e+001
+2.368040e+004	   -3.154930e+001
+2.373376e+004	   -3.180730e+001
+2.378724e+004	   -3.192326e+001
+2.384084e+004	   -3.196928e+001
+2.389456e+004	   -3.239767e+001
+2.394841e+004	   -3.184602e+001
+2.400237e+004	   -3.249094e+001
+2.405646e+004	   -3.259507e+001
+2.411066e+004	   -3.285743e+001
+2.416499e+004	   -3.211903e+001
+2.421945e+004	   -3.366283e+001
+2.427402e+004	   -3.268908e+001
+2.432872e+004	   -3.296243e+001
+2.438354e+004	   -3.290008e+001
+2.443849e+004	   -3.299335e+001
+2.449355e+004	   -3.325329e+001
+2.454875e+004	   -3.324065e+001
+2.460406e+004	   -3.447315e+001
+2.465951e+004	   -3.446498e+001
+2.471507e+004	   -3.513099e+001
+2.477076e+004	   -3.443987e+001
+2.482658e+004	   -3.484409e+001
+2.488252e+004	   -3.554175e+001
+2.493859e+004	   -3.496829e+001
+2.499479e+004	   -3.466966e+001
+2.505111e+004	   -3.489507e+001
+2.510756e+004	   -3.538629e+001
+2.516413e+004	   -3.565597e+001
+2.522084e+004	   -3.570303e+001
+2.527767e+004	   -3.502754e+001
+2.533463e+004	   -3.479210e+001
+2.539172e+004	   -3.494917e+001
+2.544893e+004	   -3.527203e+001
+2.550628e+004	   -3.511694e+001
+2.556375e+004	   -3.557449e+001
+2.562136e+004	   -3.566208e+001
+2.567909e+004	   -3.479425e+001
+2.573696e+004	   -3.554858e+001
+2.579495e+004	   -3.553984e+001
+2.585308e+004	   -3.656393e+001
+2.591133e+004	   -3.577884e+001
+2.596972e+004	   -3.647022e+001
+2.602824e+004	   -3.674627e+001
+2.608689e+004	   -3.659254e+001
+2.614567e+004	   -3.708995e+001
+2.620459e+004	   -3.674915e+001
+2.626363e+004	   -3.714765e+001
+2.632282e+004	   -3.675568e+001
+2.638213e+004	   -3.759370e+001
+2.644158e+004	   -3.727417e+001
+2.650116e+004	   -3.747623e+001
+2.656088e+004	   -3.700701e+001
+2.662073e+004	   -3.711790e+001
+2.668071e+004	   -3.760086e+001
+2.674084e+004	   -3.739950e+001
+2.680109e+004	   -3.756887e+001
+2.686148e+004	   -3.788997e+001
+2.692201e+004	   -3.835051e+001
+2.698268e+004	   -3.845423e+001
+2.704348e+004	   -3.822873e+001
+2.710442e+004	   -3.851854e+001
+2.716549e+004	   -3.955103e+001
+2.722671e+004	   -3.767416e+001
+2.728806e+004	   -3.832404e+001
+2.734955e+004	   -3.881586e+001
+2.741118e+004	   -3.854617e+001
+2.747294e+004	   -3.928111e+001
+2.753485e+004	   -3.962712e+001
+2.759689e+004	   -3.937845e+001
+2.765908e+004	   -4.033657e+001
+2.772141e+004	   -3.993802e+001
+2.778387e+004	   -3.972747e+001
+2.784648e+004	   -4.051463e+001
+2.790923e+004	   -4.099365e+001
+2.797212e+004	   -4.092312e+001
+2.803515e+004	   -4.101471e+001
+2.809832e+004	   -4.217514e+001
+2.816163e+004	   -4.167329e+001
+2.822509e+004	   -4.222857e+001
+2.828870e+004	   -4.230423e+001
+2.835244e+004	   -4.277150e+001
+2.841633e+004	   -4.273244e+001
+2.848036e+004	   -4.256001e+001
+2.854454e+004	   -4.379185e+001
+2.860886e+004	   -4.355538e+001
+2.867332e+004	   -4.314467e+001
+2.873793e+004	   -4.292147e+001
+2.880269e+004	   -4.387509e+001
+2.886759e+004	   -4.354498e+001
+2.893264e+004	   -4.385056e+001
+2.899784e+004	   -4.394075e+001
+2.906318e+004	   -4.169345e+001
+2.912867e+004	   -4.317844e+001
+2.919430e+004	   -4.339154e+001
+2.926009e+004	   -4.411535e+001
+2.932602e+004	   -4.429120e+001
+2.939211e+004	   -4.348750e+001
+2.945834e+004	   -4.377175e+001
+2.952472e+004	   -4.402333e+001
+2.959125e+004	   -4.400439e+001
+2.965793e+004	   -4.446154e+001
+2.972475e+004	   -4.403357e+001
+2.979173e+004	   -4.439490e+001
+2.985887e+004	   -4.449264e+001
+2.992615e+004	   -4.397147e+001
+2.999358e+004	   -4.419329e+001
+3.006117e+004	   -4.421055e+001
+3.012891e+004	   -4.511191e+001
+3.019680e+004	   -4.487384e+001
+3.026484e+004	   -4.444031e+001
+3.033304e+004	   -4.362540e+001
+3.040139e+004	   -4.453387e+001
+3.046990e+004	   -4.418047e+001
+3.053855e+004	   -4.407934e+001
+3.060737e+004	   -4.515493e+001
+3.067634e+004	   -4.382615e+001
+3.074546e+004	   -4.441866e+001
+3.081474e+004	   -4.411029e+001
+3.088418e+004	   -4.385629e+001
+3.095377e+004	   -4.366767e+001
+3.102352e+004	   -4.351555e+001
+3.109343e+004	   -4.262357e+001
+3.116349e+004	   -4.227187e+001
+3.123372e+004	   -4.249008e+001
+3.130410e+004	   -4.285162e+001
+3.137463e+004	   -4.125569e+001
+3.144533e+004	   -4.297239e+001
+3.151619e+004	   -4.272752e+001
+3.158721e+004	   -4.341854e+001
+3.165838e+004	   -4.431803e+001
+3.172972e+004	   -4.508637e+001
+3.180122e+004	   -4.528751e+001
+3.187288e+004	   -4.523125e+001
+3.194470e+004	   -4.545892e+001
+3.201668e+004	   -4.506778e+001
+3.208883e+004	   -4.662465e+001
+3.216114e+004	   -4.830723e+001
+3.223361e+004	   -5.179906e+001
+3.230624e+004	   -5.533279e+001
+3.237904e+004	   -5.505920e+001
+3.245200e+004	   -5.533789e+001
+3.252513e+004	   -5.539494e+001
+3.259841e+004	   -5.492843e+001
+3.267187e+004	   -5.532033e+001
+3.274549e+004	   -5.577600e+001
+3.281928e+004	   -5.752113e+001
+3.289323e+004	   -5.853100e+001
+3.296735e+004	   -5.923188e+001
+3.304164e+004	   -5.830820e+001
+3.311609e+004	   -5.628609e+001
+3.319071e+004	   -5.612695e+001
+3.326551e+004	   -5.401290e+001
+3.334046e+004	   -5.444678e+001
+3.341559e+004	   -5.343567e+001
+3.349089e+004	   -5.368812e+001
+3.356636e+004	   -5.402937e+001
+3.364199e+004	   -5.488985e+001
+3.371780e+004	   -5.633411e+001
+3.379378e+004	   -5.707796e+001
+3.386993e+004	   -5.695106e+001
+3.394625e+004	   -5.572906e+001
+3.402274e+004	   -5.558443e+001
+3.409941e+004	   -5.401169e+001
+3.417625e+004	   -5.468840e+001
+3.425325e+004	   -5.406110e+001
+3.433044e+004	   -5.453633e+001
+3.440780e+004	   -5.402900e+001
+3.448533e+004	   -5.587444e+001
+3.456304e+004	   -5.502020e+001
+3.464092e+004	   -5.422435e+001
+3.471898e+004	   -5.320938e+001
+3.479721e+004	   -5.420494e+001
+3.487563e+004	   -5.558827e+001
+3.495421e+004	   -5.423307e+001
+3.503298e+004	   -5.347095e+001
+3.511192e+004	   -5.483393e+001
+3.519104e+004	   -5.442707e+001
+3.527034e+004	   -5.395686e+001
+3.534981e+004	   -5.389961e+001
+3.542946e+004	   -5.567656e+001
+3.550930e+004	   -5.518972e+001
+3.558932e+004	   -5.504616e+001
+3.566951e+004	   -5.574694e+001
+3.574989e+004	   -5.484906e+001
+3.583045e+004	   -5.553693e+001
+3.591118e+004	   -5.619823e+001
+3.599211e+004	   -5.591430e+001
+3.607321e+004	   -5.562410e+001
+3.615449e+004	   -5.593058e+001
+3.623596e+004	   -5.665335e+001
+3.631761e+004	   -5.663459e+001
+3.639945e+004	   -5.583558e+001
+3.648147e+004	   -5.727469e+001
+3.656368e+004	   -5.885437e+001
+3.664607e+004	   -5.863161e+001
+3.672864e+004	   -5.932547e+001
+3.681141e+004	   -6.226542e+001
+3.689436e+004	   -6.282917e+001
+3.697749e+004	   -6.021226e+001
+3.706081e+004	   -5.996960e+001
+3.714432e+004	   -5.793079e+001
+3.722802e+004	   -5.734866e+001
+3.731191e+004	   -5.698072e+001
+3.739599e+004	   -5.819143e+001
+3.748025e+004	   -5.543770e+001
+3.756471e+004	   -5.829163e+001
+3.764936e+004	   -5.891122e+001
+3.773420e+004	   -5.792774e+001
+3.781922e+004	   -5.816690e+001
+3.790445e+004	   -5.852993e+001
+3.798986e+004	   -5.819189e+001
+3.807546e+004	   -5.793102e+001
+3.816126e+004	   -5.892449e+001
+3.824725e+004	   -5.941605e+001
+3.833343e+004	   -6.084242e+001
+3.841981e+004	   -6.268779e+001
+3.850639e+004	   -6.499046e+001
+3.859315e+004	   -6.755418e+001
+3.868012e+004	   -6.815457e+001
+3.876728e+004	   -6.674870e+001
+3.885463e+004	   -6.490602e+001
+3.894219e+004	   -6.406161e+001
+3.902994e+004	   -6.347149e+001
+3.911789e+004	   -6.235453e+001
+3.920603e+004	   -6.256877e+001
+3.929438e+004	   -6.238433e+001
+3.938292e+004	   -6.202337e+001
+3.947166e+004	   -6.383266e+001
+3.956061e+004	   -6.293206e+001
+3.964975e+004	   -6.510439e+001
+3.973910e+004	   -6.404321e+001
+3.982864e+004	   -6.535511e+001
+3.991839e+004	   -6.480106e+001
+4.000834e+004	   -6.505300e+001
+4.009849e+004	   -6.504369e+001
+4.018885e+004	   -6.558257e+001
+4.027941e+004	   -6.594579e+001
+4.037017e+004	   -6.405979e+001
+4.046114e+004	   -6.651087e+001
+4.055231e+004	   -6.597300e+001
+4.064369e+004	   -6.591334e+001
+4.073528e+004	   -6.799171e+001
+4.082707e+004	   -6.524555e+001
+4.091907e+004	   -6.689678e+001
+4.101127e+004	   -6.705095e+001
+4.110368e+004	   -6.850138e+001
+4.119630e+004	   -6.842570e+001
+4.128913e+004	   -6.865759e+001
+4.138217e+004	   -6.830624e+001
+4.147542e+004	   -6.810200e+001
+4.156888e+004	   -6.866983e+001
+4.166255e+004	   -6.903023e+001
+4.175643e+004	   -6.812022e+001
+4.185052e+004	   -7.007368e+001
+4.194482e+004	   -6.831424e+001
+4.203934e+004	   -6.946136e+001
+4.213407e+004	   -6.979781e+001
+4.222902e+004	   -7.120238e+001
+4.232417e+004	   -7.097202e+001
+4.241954e+004	   -6.986423e+001
+4.251513e+004	   -7.096735e+001
+4.261093e+004	   -7.356129e+001
+4.270695e+004	   -7.337135e+001
+4.280318e+004	   -7.178397e+001
+4.289963e+004	   -7.076045e+001
+4.299630e+004	   -7.102024e+001
+4.309319e+004	   -7.111993e+001
+4.319029e+004	   -6.907357e+001
+4.328761e+004	   -7.057775e+001
+4.338516e+004	   -7.009875e+001
+4.348292e+004	   -7.078318e+001
+4.358090e+004	   -7.122599e+001
+4.367910e+004	   -7.103864e+001
+4.377753e+004	   -7.103078e+001
+4.387617e+004	   -7.055552e+001
+4.397504e+004	   -7.242190e+001
+4.407413e+004	   -7.311143e+001
+4.417345e+004	   -7.204564e+001
+4.427298e+004	   -7.302943e+001
+4.437275e+004	   -7.484805e+001
+4.447273e+004	   -7.283936e+001
+4.457295e+004	   -7.307312e+001
+4.467339e+004	   -7.410950e+001
+4.477405e+004	   -7.584660e+001
+4.487494e+004	   -7.623662e+001
+4.497606e+004	   -7.552904e+001
+4.507741e+004	   -7.354840e+001
+4.517898e+004	   -7.471210e+001
+4.528079e+004	   -7.345337e+001
+4.538282e+004	   -7.521444e+001
+4.548509e+004	   -7.581240e+001
+4.558758e+004	   -7.076850e+001
+4.569030e+004	   -7.320309e+001
+4.579326e+004	   -7.301936e+001
+4.589645e+004	   -7.544855e+001
+4.599987e+004	   -7.613261e+001
+4.610352e+004	   -7.926282e+001
+4.620741e+004	   -7.990098e+001
+4.631153e+004	   -7.655624e+001
+4.641589e+004	   -7.753755e+001
+4.652048e+004	   -7.813433e+001
+4.662530e+004	   -7.856669e+001
+4.673037e+004	   -7.849288e+001
+4.683567e+004	   -7.958691e+001
+4.694121e+004	   -7.937008e+001
+4.704698e+004	   -7.836982e+001
+4.715300e+004	   -7.834828e+001
+4.725925e+004	   -7.899160e+001
+4.736574e+004	   -8.032413e+001
+4.747247e+004	   -8.105359e+001
+4.757944e+004	   -7.934904e+001
+4.768666e+004	   -8.071741e+001
+4.779411e+004	   -8.203831e+001
+4.790181e+004	   -8.209869e+001
+4.800975e+004	   -8.321156e+001
+4.811793e+004	   -8.377235e+001
+4.822636e+004	   -8.255419e+001
+4.833503e+004	   -8.492752e+001
+4.844395e+004	   -8.341161e+001
+4.855311e+004	   -8.441672e+001
+4.866251e+004	   -8.426044e+001
+4.877216e+004	   -8.487964e+001
+4.888207e+004	   -8.426136e+001
+4.899221e+004	   -8.565198e+001
+4.910261e+004	   -8.596812e+001
+4.921326e+004	   -8.666349e+001
+4.932415e+004	   -8.543584e+001
+4.943530e+004	   -8.769426e+001
+4.954669e+004	   -8.786353e+001
+4.965834e+004	   -8.889503e+001
+4.977023e+004	   -9.018134e+001
+4.988239e+004	   -9.158593e+001
+4.999479e+004	   -9.474380e+001
+5.010745e+004	   -9.547871e+001
+5.022035e+004	   -9.453093e+001
+5.033352e+004	   -9.501730e+001
+5.044694e+004	   -9.916981e+001
+5.056061e+004	   -9.792699e+001
+5.067454e+004	   -1.017285e+002
+5.078873e+004	   -1.097349e+002
+5.090318e+004	   -1.053095e+002
+5.101788e+004	   -1.052520e+002
+5.113284e+004	   -1.100892e+002
+5.124806e+004	   -1.251933e+002
+5.136354e+004	   +1.722468e+002
+5.147928e+004	   +5.743230e+001
+5.159528e+004	   +2.115094e+000
+5.171154e+004	   -2.721210e+001
+5.182807e+004	   -3.622924e+001
+5.194485e+004	   -4.501585e+001
+5.206190e+004	   +2.373644e+001
+5.217922e+004	   +4.029084e+001
+5.229679e+004	   +6.562595e+001
+5.241464e+004	   +3.658148e+001
+5.253275e+004	   -1.242850e+001
+5.265112e+004	   -5.326365e+001
+5.276976e+004	   -7.096819e+001
+5.288867e+004	   -7.507508e+001
+5.300785e+004	   -7.594895e+001
+5.312729e+004	   -8.143596e+001
+5.324701e+004	   -8.530802e+001
+5.336699e+004	   -8.843137e+001
+5.348725e+004	   -8.909011e+001
+5.360777e+004	   -8.995695e+001
+5.372857e+004	   -9.207430e+001
+5.384964e+004	   -9.299726e+001
+5.397098e+004	   -9.555878e+001
+5.409260e+004	   -9.438651e+001
+5.421448e+004	   -9.445551e+001
+5.433665e+004	   -9.546861e+001
+5.445909e+004	   -9.551379e+001
+5.458180e+004	   -9.580310e+001
+5.470480e+004	   -9.629125e+001
+5.482807e+004	   -9.572491e+001
+5.495161e+004	   -9.379487e+001
+5.507544e+004	   -9.746611e+001
+5.519954e+004	   -9.645397e+001
+5.532393e+004	   -9.808774e+001
+5.544859e+004	   -9.811678e+001
+5.557354e+004	   -9.741209e+001
+5.569876e+004	   -9.794246e+001
+5.582427e+004	   -9.910230e+001
+5.595006e+004	   -9.976096e+001
+5.607614e+004	   -9.625097e+001
+5.620250e+004	   -9.817453e+001
+5.632914e+004	   -1.008427e+002
+5.645607e+004	   -1.000603e+002
+5.658329e+004	   -1.009023e+002
+5.671079e+004	   -1.003193e+002
+5.683858e+004	   -1.021057e+002
+5.696666e+004	   -1.006374e+002
+5.709502e+004	   -1.008778e+002
+5.722368e+004	   -9.960121e+001
+5.735262e+004	   -1.020450e+002
+5.748186e+004	   -1.004199e+002
+5.761138e+004	   -1.015118e+002
+5.774120e+004	   -1.026218e+002
+5.787131e+004	   -1.017945e+002
+5.800172e+004	   -1.027896e+002
+5.813242e+004	   -1.019979e+002
+5.826341e+004	   -1.053303e+002
+5.839470e+004	   -1.059176e+002
+5.852628e+004	   -1.109689e+002
+5.865816e+004	   -1.090081e+002
+5.879034e+004	   -1.073055e+002
+5.892281e+004	   -1.069592e+002
+5.905559e+004	   -1.077756e+002
+5.918866e+004	   -1.103445e+002
+5.932204e+004	   -1.066714e+002
+5.945571e+004	   -1.088339e+002
+5.958968e+004	   -1.100644e+002
+5.972396e+004	   -1.111422e+002
+5.985854e+004	   -1.077730e+002
+5.999342e+004	   -1.102666e+002
+6.012861e+004	   -1.119422e+002
+6.026410e+004	   -1.107937e+002
+6.039989e+004	   -1.146067e+002
+6.053600e+004	   -1.121139e+002
+6.067240e+004	   -1.112614e+002
+6.080912e+004	   -1.031186e+002
+6.094614e+004	   -1.055123e+002
+6.108348e+004	   -9.553156e+001
+6.122112e+004	   -9.260400e+001
+6.135907e+004	   -1.063372e+002
+6.149734e+004	   -1.149562e+002
+6.163591e+004	   -1.185132e+002
+6.177480e+004	   -1.171741e+002
+6.191400e+004	   -1.187348e+002
+6.205351e+004	   -1.205523e+002
+6.219334e+004	   -1.245685e+002
+6.233348e+004	   -1.195984e+002
+6.247395e+004	   -1.217998e+002
+6.261472e+004	   -1.204846e+002
+6.275581e+004	   -1.219148e+002
+6.289722e+004	   -1.219986e+002
+6.303895e+004	   -1.278983e+002
+6.318100e+004	   -1.266987e+002
+6.332337e+004	   -1.303746e+002
+6.346606e+004	   -1.295026e+002
+6.360907e+004	   -1.370844e+002
+6.375241e+004	   -1.297085e+002
+6.389606e+004	   -1.339627e+002
+6.404004e+004	   -1.279844e+002
+6.418435e+004	   -1.330011e+002
+6.432898e+004	   -1.267240e+002
+6.447393e+004	   -1.436246e+002
+6.461921e+004	   -1.179448e+002
+6.476482e+004	   -1.282598e+002
+6.491076e+004	   -1.323253e+002
+6.505703e+004	   -1.405982e+002
+6.520363e+004	   -1.390786e+002
+6.535055e+004	   -1.440905e+002
+6.549781e+004	   -1.441562e+002
+6.564540e+004	   -1.455144e+002
+6.579332e+004	   -1.521104e+002
+6.594158e+004	   -1.532423e+002
+6.609016e+004	   -1.670073e+002
+6.623909e+004	   +1.585392e+002
+6.638835e+004	   +1.650316e+002
+6.653795e+004	   +1.599009e+002
+6.668788e+004	   +1.618993e+002
+6.683816e+004	   +1.539315e+002
+6.698877e+004	   +1.230303e+002
+6.713971e+004	   +9.985912e+001
+6.729100e+004	   +1.191468e+002
+6.744263e+004	   +1.016661e+002
+6.759460e+004	   +6.877869e+001
+6.774691e+004	   +8.105840e+001
+6.789958e+004	   +7.603115e+001
+6.805258e+004	   +8.845995e+001
+6.820592e+004	   +8.153506e+001
+6.835962e+004	   +7.952808e+001
+6.851366e+004	   +7.381783e+001
+6.866804e+004	   +6.026762e+001
+6.882277e+004	   +6.021669e+001
+6.897785e+004	   +6.119450e+001
+6.913328e+004	   +6.076310e+001
+6.928907e+004	   +5.942297e+001
+6.944520e+004	   +5.509164e+001
+6.960169e+004	   +5.444989e+001
+6.975852e+004	   +5.519450e+001
+6.991571e+004	   +5.477268e+001
+7.007326e+004	   +5.422580e+001
+7.023116e+004	   +5.326594e+001
+7.038941e+004	   +5.211134e+001
+7.054802e+004	   +5.194418e+001
+7.070699e+004	   +5.175832e+001
+7.086632e+004	   +4.992697e+001
+7.102601e+004	   +4.967895e+001
+7.118605e+004	   +4.819675e+001
+7.134646e+004	   +4.778576e+001
+7.150723e+004	   +4.888721e+001
+7.166836e+004	   +4.806414e+001
+7.182985e+004	   +4.630376e+001
+7.199171e+004	   +4.509875e+001
+7.215394e+004	   +4.397829e+001
+7.231652e+004	   +4.222567e+001
+7.247948e+004	   +4.045175e+001
+7.264280e+004	   +3.911424e+001
+7.280649e+004	   +3.550583e+001
+7.297055e+004	   +2.367956e+001
+7.313498e+004	   -9.141528e+001
+7.329977e+004	   -1.240113e+002
+7.346495e+004	   -1.286856e+002
+7.363048e+004	   -1.295619e+002
+7.379641e+004	   -1.299415e+002
+7.396270e+004	   -1.301838e+002
+7.412936e+004	   -1.321802e+002
+7.429640e+004	   -1.345288e+002
+7.446381e+004	   -1.390524e+002
+7.463160e+004	   -1.429741e+002
+7.479977e+004	   -1.483213e+002
+7.496833e+004	   -1.539649e+002
+7.513726e+004	   -1.544225e+002
+7.530656e+004	   -1.505363e+002
+7.547626e+004	   -1.496785e+002
+7.564634e+004	   -1.486166e+002
+7.581679e+004	   -1.494403e+002
+7.598763e+004	   -1.484790e+002
+7.615886e+004	   -1.501351e+002
+7.633047e+004	   -1.491720e+002
+7.650247e+004	   -1.433842e+002
+7.667486e+004	   -1.412490e+002
+7.684763e+004	   -1.431521e+002
+7.702080e+004	   -1.453081e+002
+7.719435e+004	   -1.462312e+002
+7.736830e+004	   -1.472871e+002
+7.754264e+004	   -1.494836e+002
+7.771737e+004	   -1.495838e+002
+7.789249e+004	   -1.506030e+002
+7.806801e+004	   -1.524182e+002
+7.824393e+004	   -1.535776e+002
+7.842023e+004	   -1.524530e+002
+7.859695e+004	   -1.528097e+002
+7.877405e+004	   -1.516467e+002
+7.895155e+004	   -1.541454e+002
+7.912946e+004	   -1.560457e+002
+7.930777e+004	   -1.576545e+002
+7.948648e+004	   -1.537957e+002
+7.966559e+004	   -1.562390e+002
+7.984510e+004	   -1.554069e+002
+8.002502e+004	   -1.558982e+002
+8.020534e+004	   -1.565221e+002
+8.038608e+004	   -1.576076e+002
+8.056722e+004	   -1.574745e+002
+8.074877e+004	   -1.605014e+002
+8.093072e+004	   -1.609166e+002
+8.111309e+004	   -1.631962e+002
+8.129586e+004	   -1.609414e+002
+8.147905e+004	   -1.603122e+002
+8.166265e+004	   -1.556089e+002
+8.184666e+004	   -1.568435e+002
+8.203109e+004	   -1.592499e+002
+8.221594e+004	   -1.612707e+002
+8.240120e+004	   -1.592250e+002
+8.258688e+004	   -1.637923e+002
+8.277298e+004	   -1.626637e+002
+8.295949e+004	   -1.642800e+002
+8.314643e+004	   -1.611230e+002
+8.333379e+004	   -1.632099e+002
+8.352157e+004	   -1.607216e+002
+8.370977e+004	   -1.631005e+002
+8.389840e+004	   -1.641408e+002
+8.408745e+004	   -1.668826e+002
+8.427693e+004	   -1.659177e+002
+8.446684e+004	   -1.671211e+002
+8.465716e+004	   -1.699671e+002
+8.484793e+004	   -1.710317e+002
+8.503913e+004	   -1.693030e+002
+8.523074e+004	   -1.705858e+002
+8.542280e+004	   -1.736374e+002
+8.561529e+004	   -1.669533e+002
+8.580821e+004	   -1.718021e+002
+8.600156e+004	   -1.726050e+002
+8.619536e+004	   -1.725630e+002
+8.638959e+004	   -1.740818e+002
+8.658425e+004	   -1.732987e+002
+8.677936e+004	   -1.740335e+002
+8.697490e+004	   -1.774649e+002
+8.717088e+004	   -1.727310e+002
+8.736731e+004	   -1.782956e+002
+8.756418e+004	   -1.751685e+002
+8.776149e+004	   -1.732298e+002
+8.795925e+004	   -1.742425e+002
+8.815745e+004	   -1.761384e+002
+8.835610e+004	   -1.765130e+002
+8.855520e+004	   +1.794283e+002
+8.875475e+004	   -1.765680e+002
+8.895474e+004	   -1.772453e+002
+8.915519e+004	   +1.777314e+002
+8.935609e+004	   -1.784922e+002
+8.955744e+004	   -1.780548e+002
+8.975924e+004	   +1.789276e+002
+8.996150e+004	   +1.774127e+002
+9.016422e+004	   -1.796815e+002
+9.036739e+004	   +1.784774e+002
+9.057102e+004	   +1.752800e+002
+9.077511e+004	   +1.772762e+002
+9.097966e+004	   +1.777595e+002
+9.118466e+004	   +1.750440e+002
+9.139013e+004	   +1.782666e+002
+9.159607e+004	   +1.754774e+002
+9.180247e+004	   +1.746386e+002
+9.200933e+004	   +1.726972e+002
+9.221666e+004	   +1.738396e+002
+9.242445e+004	   +1.732428e+002
+9.263272e+004	   +1.732241e+002
+9.284145e+004	   +1.724349e+002
+9.305066e+004	   +1.724751e+002
+9.326034e+004	   +1.698068e+002
+9.347048e+004	   +1.759042e+002
+9.368110e+004	   +1.687873e+002
+9.389220e+004	   +1.711740e+002
+9.410377e+004	   +1.738747e+002
+9.431582e+004	   +1.702621e+002
+9.452835e+004	   +1.689672e+002
+9.474135e+004	   +1.717358e+002
+9.495484e+004	   +1.688316e+002
+9.516880e+004	   +1.698082e+002
+9.538326e+004	   +1.695757e+002
+9.559819e+004	   +1.673489e+002
+9.581360e+004	   +1.689506e+002
+9.602951e+004	   +1.678607e+002
+9.624589e+004	   +1.679189e+002
+9.646277e+004	   +1.651542e+002
+9.668013e+004	   +1.644992e+002
+9.689798e+004	   +1.686943e+002
+9.711634e+004	   +1.693095e+002
+9.733517e+004	   +1.626613e+002
+9.755450e+004	   +1.620226e+002
+9.777433e+004	   +1.622304e+002
+9.799465e+004	   +1.558788e+002
+9.821546e+004	   +1.620994e+002
+9.843677e+004	   +1.595081e+002
+9.865859e+004	   +1.630889e+002
+9.888090e+004	   +1.603149e+002
+9.910371e+004	   +1.589070e+002
+9.932703e+004	   +1.636942e+002
+9.955085e+004	   +1.581036e+002
+9.977517e+004	   +1.556018e+002
+1.000000e+005	   +1.600637e+002
