+1.000000e+003	   -8.631804e-001
+1.002253e+003	   -8.993361e-001
+1.004512e+003	   -8.694720e-001
+1.006775e+003	   -7.515433e-001
+1.009044e+003	   -9.481377e-001
+1.011318e+003	   -7.839767e-001
+1.013596e+003	   -6.507313e-001
+1.015880e+003	   -1.006451e+000
+1.018170e+003	   -5.287213e-001
+1.020464e+003	   -6.490300e-001
+1.022763e+003	   -6.941097e-001
+1.025068e+003	   -1.038526e+000
+1.027378e+003	   -8.658919e-001
+1.029693e+003	   -8.324060e-001
+1.032013e+003	   -9.271425e-001
+1.034339e+003	   -8.495223e-001
+1.036669e+003	   -7.845054e-001
+1.039005e+003	   -8.960592e-001
+1.041347e+003	   -8.650290e-001
+1.043693e+003	   -8.763449e-001
+1.046045e+003	   -8.912307e-001
+1.048402e+003	   -7.824075e-001
+1.050764e+003	   -8.623898e-001
+1.053132e+003	   -8.942554e-001
+1.055505e+003	   -9.413368e-001
+1.057884e+003	   -9.690182e-001
+1.060267e+003	   -8.920577e-001
+1.062657e+003	   -8.578806e-001
+1.065051e+003	   -8.327053e-001
+1.067451e+003	   -8.757149e-001
+1.069856e+003	   -8.901358e-001
+1.072267e+003	   -8.880357e-001
+1.074683e+003	   -8.774815e-001
+1.077105e+003	   -8.984635e-001
+1.079532e+003	   -9.436030e-001
+1.081965e+003	   -7.682696e-001
+1.084403e+003	   -8.133883e-001
+1.086846e+003	   -8.883755e-001
+1.089295e+003	   -9.278124e-001
+1.091750e+003	   -9.046673e-001
+1.094210e+003	   -9.343970e-001
+1.096676e+003	   -9.024442e-001
+1.099147e+003	   -9.593717e-001
+1.101624e+003	   -9.720803e-001
+1.104106e+003	   -9.268126e-001
+1.106594e+003	   -1.007840e+000
+1.109087e+003	   -9.100105e-001
+1.111587e+003	   -9.039153e-001
+1.114091e+003	   -9.373215e-001
+1.116602e+003	   -8.279009e-001
+1.119118e+003	   -8.992649e-001
+1.121640e+003	   -9.436276e-001
+1.124167e+003	   -9.685879e-001
+1.126700e+003	   -8.730825e-001
+1.129239e+003	   -9.802126e-001
+1.131784e+003	   -9.847051e-001
+1.134334e+003	   -1.017060e+000
+1.136890e+003	   -9.072397e-001
+1.139452e+003	   -9.187864e-001
+1.142020e+003	   -9.652274e-001
+1.144593e+003	   -9.524006e-001
+1.147172e+003	   -8.942708e-001
+1.149757e+003	   -9.109396e-001
+1.152348e+003	   -9.429157e-001
+1.154944e+003	   -1.022437e+000
+1.157547e+003	   -1.061278e+000
+1.160155e+003	   -9.739236e-001
+1.162770e+003	   -9.370028e-001
+1.165390e+003	   -9.479288e-001
+1.168016e+003	   -9.780076e-001
+1.170648e+003	   -8.859620e-001
+1.173286e+003	   -8.475326e-001
+1.175929e+003	   -9.196051e-001
+1.178579e+003	   -1.018833e+000
+1.181235e+003	   -8.781279e-001
+1.183897e+003	   -9.588453e-001
+1.186564e+003	   -9.798019e-001
+1.189238e+003	   -9.910104e-001
+1.191918e+003	   -9.488500e-001
+1.194604e+003	   -1.002079e+000
+1.197296e+003	   -9.967965e-001
+1.199994e+003	   -1.052468e+000
+1.202698e+003	   -1.105198e+000
+1.205408e+003	   -1.012505e+000
+1.208124e+003	   -1.064020e+000
+1.210846e+003	   -1.010770e+000
+1.213575e+003	   -1.094372e+000
+1.216309e+003	   -9.743572e-001
+1.219050e+003	   -8.808374e-001
+1.221797e+003	   -9.307211e-001
+1.224550e+003	   -1.000105e+000
+1.227309e+003	   -9.889894e-001
+1.230075e+003	   -1.031658e+000
+1.232847e+003	   -1.014454e+000
+1.235625e+003	   -9.867101e-001
+1.238409e+003	   -1.050515e+000
+1.241200e+003	   -1.125004e+000
+1.243996e+003	   -1.031337e+000
+1.246800e+003	   -1.035691e+000
+1.249609e+003	   -1.093628e+000
+1.252425e+003	   -9.403595e-001
+1.255247e+003	   -9.294561e-001
+1.258076e+003	   -1.165681e+000
+1.260911e+003	   -1.122797e+000
+1.263752e+003	   -1.045628e+000
+1.266599e+003	   -1.005974e+000
+1.269453e+003	   -9.860296e-001
+1.272314e+003	   -9.846292e-001
+1.275181e+003	   -1.024131e+000
+1.278054e+003	   -1.040890e+000
+1.280934e+003	   -9.685981e-001
+1.283821e+003	   -1.001000e+000
+1.286714e+003	   -9.477582e-001
+1.289613e+003	   -1.032988e+000
+1.292519e+003	   -1.059508e+000
+1.295432e+003	   -1.040858e+000
+1.298351e+003	   -1.084771e+000
+1.301276e+003	   -1.067039e+000
+1.304208e+003	   -1.013152e+000
+1.307147e+003	   -1.056702e+000
+1.310093e+003	   -1.024109e+000
+1.313045e+003	   -1.068456e+000
+1.316004e+003	   -1.135241e+000
+1.318969e+003	   -1.095253e+000
+1.321941e+003	   -1.022823e+000
+1.324920e+003	   -1.094759e+000
+1.327905e+003	   -1.053590e+000
+1.330898e+003	   -1.016592e+000
+1.333897e+003	   -1.118065e+000
+1.336902e+003	   -1.052942e+000
+1.339915e+003	   -1.055355e+000
+1.342934e+003	   -1.074335e+000
+1.345960e+003	   -1.012065e+000
+1.348993e+003	   -1.132629e+000
+1.352033e+003	   -1.098541e+000
+1.355080e+003	   -1.034724e+000
+1.358133e+003	   -1.126287e+000
+1.361193e+003	   -1.158090e+000
+1.364261e+003	   -1.001304e+000
+1.367335e+003	   -9.579695e-001
+1.370416e+003	   -1.199404e+000
+1.373504e+003	   -1.138681e+000
+1.376599e+003	   -1.211339e+000
+1.379701e+003	   -1.284743e+000
+1.382810e+003	   -1.153125e+000
+1.385926e+003	   -1.059448e+000
+1.389049e+003	   -1.105023e+000
+1.392179e+003	   -1.167679e+000
+1.395316e+003	   -1.144273e+000
+1.398460e+003	   -1.180511e+000
+1.401611e+003	   -1.227324e+000
+1.404770e+003	   -1.235111e+000
+1.407935e+003	   -1.140979e+000
+1.411108e+003	   -1.148670e+000
+1.414287e+003	   -1.132778e+000
+1.417474e+003	   -1.093891e+000
+1.420668e+003	   -1.136209e+000
+1.423870e+003	   -1.149757e+000
+1.427078e+003	   -1.140443e+000
+1.430294e+003	   -1.210291e+000
+1.433517e+003	   -1.189014e+000
+1.436747e+003	   -1.195800e+000
+1.439984e+003	   -1.138808e+000
+1.443229e+003	   -1.074629e+000
+1.446481e+003	   -1.212419e+000
+1.449741e+003	   -1.130041e+000
+1.453007e+003	   -1.164683e+000
+1.456282e+003	   -1.300864e+000
+1.459563e+003	   -1.079156e+000
+1.462852e+003	   -1.066310e+000
+1.466148e+003	   -1.196586e+000
+1.469452e+003	   -1.187886e+000
+1.472763e+003	   -1.141549e+000
+1.476082e+003	   -1.004776e+000
+1.479408e+003	   -1.086714e+000
+1.482742e+003	   -1.079311e+000
+1.486083e+003	   -1.061717e+000
+1.489432e+003	   -1.188422e+000
+1.492788e+003	   -1.434913e+000
+1.496151e+003	   -1.125136e+000
+1.499523e+003	   -1.110369e+000
+1.502902e+003	   -1.089038e+000
+1.506288e+003	   -1.243549e+000
+1.509682e+003	   -1.174451e+000
+1.513084e+003	   -1.132556e+000
+1.516494e+003	   -1.242464e+000
+1.519911e+003	   -1.128352e+000
+1.523336e+003	   -1.222994e+000
+1.526769e+003	   -1.076191e+000
+1.530209e+003	   -1.248391e+000
+1.533657e+003	   -1.239878e+000
+1.537113e+003	   -1.245375e+000
+1.540577e+003	   -1.210896e+000
+1.544048e+003	   -1.176511e+000
+1.547527e+003	   -1.111029e+000
+1.551014e+003	   -1.113708e+000
+1.554509e+003	   -1.163493e+000
+1.558012e+003	   -1.119870e+000
+1.561523e+003	   -1.171406e+000
+1.565042e+003	   -1.308871e+000
+1.568568e+003	   -1.218165e+000
+1.572103e+003	   -1.212730e+000
+1.575645e+003	   -1.173427e+000
+1.579196e+003	   -1.339936e+000
+1.582754e+003	   -1.264498e+000
+1.586321e+003	   -1.209663e+000
+1.589895e+003	   -1.323945e+000
+1.593478e+003	   -1.161795e+000
+1.597069e+003	   -1.243250e+000
+1.600667e+003	   -1.234303e+000
+1.604274e+003	   -1.261655e+000
+1.607889e+003	   -1.199705e+000
+1.611512e+003	   -1.396153e+000
+1.615144e+003	   -1.202175e+000
+1.618783e+003	   -1.235455e+000
+1.622431e+003	   -1.151509e+000
+1.626087e+003	   -1.223738e+000
+1.629751e+003	   -1.225464e+000
+1.633423e+003	   -1.197767e+000
+1.637104e+003	   -1.393968e+000
+1.640793e+003	   -1.225496e+000
+1.644490e+003	   -1.254869e+000
+1.648196e+003	   -1.343309e+000
+1.651910e+003	   -1.422225e+000
+1.655632e+003	   -1.241755e+000
+1.659363e+003	   -1.197330e+000
+1.663102e+003	   -1.226697e+000
+1.666849e+003	   -1.374305e+000
+1.670605e+003	   -1.428906e+000
+1.674370e+003	   -1.336807e+000
+1.678143e+003	   -1.279380e+000
+1.681924e+003	   -1.312217e+000
+1.685714e+003	   -1.317284e+000
+1.689513e+003	   -1.234310e+000
+1.693320e+003	   -1.313075e+000
+1.697135e+003	   -1.523461e+000
+1.700960e+003	   -1.308252e+000
+1.704793e+003	   -1.470652e+000
+1.708634e+003	   -1.317299e+000
+1.712484e+003	   -1.372526e+000
+1.716343e+003	   -1.346603e+000
+1.720211e+003	   -1.325657e+000
+1.724087e+003	   -1.357148e+000
+1.727972e+003	   -1.418538e+000
+1.731866e+003	   -1.370952e+000
+1.735768e+003	   -1.366183e+000
+1.739679e+003	   -1.224423e+000
+1.743599e+003	   -1.232775e+000
+1.747528e+003	   -1.403170e+000
+1.751466e+003	   -1.329377e+000
+1.755413e+003	   -1.296901e+000
+1.759368e+003	   -1.374658e+000
+1.763333e+003	   -1.382306e+000
+1.767306e+003	   -1.323325e+000
+1.771289e+003	   -1.285324e+000
+1.775280e+003	   -1.351228e+000
+1.779280e+003	   -1.378239e+000
+1.783290e+003	   -1.452701e+000
+1.787308e+003	   -1.422278e+000
+1.791335e+003	   -1.314962e+000
+1.795372e+003	   -1.095000e+000
+1.799418e+003	   -1.349782e+000
+1.803472e+003	   -1.412553e+000
+1.807536e+003	   -1.401361e+000
+1.811609e+003	   -1.377073e+000
+1.815691e+003	   -1.524290e+000
+1.819783e+003	   -1.235805e+000
+1.823883e+003	   -1.346138e+000
+1.827993e+003	   -1.509773e+000
+1.832112e+003	   -1.288183e+000
+1.836241e+003	   -1.320380e+000
+1.840378e+003	   -1.371031e+000
+1.844526e+003	   -1.428023e+000
+1.848682e+003	   -1.371016e+000
+1.852848e+003	   -1.323390e+000
+1.857023e+003	   -1.344305e+000
+1.861207e+003	   -1.304251e+000
+1.865401e+003	   -1.444691e+000
+1.869604e+003	   -1.590295e+000
+1.873817e+003	   -1.449009e+000
+1.878040e+003	   -1.368433e+000
+1.882272e+003	   -1.465289e+000
+1.886513e+003	   -1.376442e+000
+1.890764e+003	   -1.478084e+000
+1.895025e+003	   -1.440118e+000
+1.899295e+003	   -1.527561e+000
+1.903575e+003	   -1.504579e+000
+1.907864e+003	   -1.547634e+000
+1.912163e+003	   -1.425657e+000
+1.916472e+003	   -1.386682e+000
+1.920790e+003	   -1.341789e+000
+1.925119e+003	   -1.449710e+000
+1.929457e+003	   -1.587994e+000
+1.933804e+003	   -1.494325e+000
+1.938162e+003	   -1.448443e+000
+1.942529e+003	   -1.399614e+000
+1.946906e+003	   -1.509953e+000
+1.951293e+003	   -1.367215e+000
+1.955690e+003	   -1.362722e+000
+1.960097e+003	   -1.468515e+000
+1.964514e+003	   -1.619875e+000
+1.968941e+003	   -1.413078e+000
+1.973377e+003	   -1.293941e+000
+1.977824e+003	   -1.456017e+000
+1.982281e+003	   -1.625974e+000
+1.986748e+003	   -1.468523e+000
+1.991224e+003	   -1.492857e+000
+1.995711e+003	   -1.605583e+000
+2.000208e+003	   -1.566703e+000
+2.004716e+003	   -1.532645e+000
+2.009233e+003	   -1.540840e+000
+2.013760e+003	   -1.579132e+000
+2.018298e+003	   -1.502412e+000
+2.022846e+003	   -1.515552e+000
+2.027404e+003	   -1.620674e+000
+2.031973e+003	   -1.652499e+000
+2.036552e+003	   -1.602129e+000
+2.041141e+003	   -1.542336e+000
+2.045740e+003	   -1.560821e+000
+2.050350e+003	   -1.554394e+000
+2.054970e+003	   -1.552884e+000
+2.059601e+003	   -1.674035e+000
+2.064241e+003	   -1.544005e+000
+2.068893e+003	   -1.400138e+000
+2.073555e+003	   -1.526900e+000
+2.078227e+003	   -1.578242e+000
+2.082910e+003	   -1.553315e+000
+2.087604e+003	   -1.592976e+000
+2.092308e+003	   -1.544838e+000
+2.097023e+003	   -1.708698e+000
+2.101748e+003	   -1.690440e+000
+2.106484e+003	   -1.547882e+000
+2.111231e+003	   -1.570720e+000
+2.115988e+003	   -1.610353e+000
+2.120756e+003	   -1.740954e+000
+2.125535e+003	   -1.616092e+000
+2.130324e+003	   -1.547235e+000
+2.135125e+003	   -1.725132e+000
+2.139936e+003	   -1.649492e+000
+2.144758e+003	   -1.701099e+000
+2.149591e+003	   -1.755878e+000
+2.154435e+003	   -1.672430e+000
+2.159289e+003	   -1.760657e+000
+2.164155e+003	   -1.717824e+000
+2.169032e+003	   -1.803989e+000
+2.173919e+003	   -1.494845e+000
+2.178818e+003	   -1.786615e+000
+2.183728e+003	   -1.695706e+000
+2.188648e+003	   -1.781487e+000
+2.193580e+003	   -1.731636e+000
+2.198523e+003	   -1.604747e+000
+2.203477e+003	   -1.666762e+000
+2.208442e+003	   -1.624104e+000
+2.213418e+003	   -1.549718e+000
+2.218406e+003	   -1.622778e+000
+2.223405e+003	   -1.626377e+000
+2.228415e+003	   -1.619849e+000
+2.233437e+003	   -1.588035e+000
+2.238469e+003	   -1.742140e+000
+2.243513e+003	   -1.777357e+000
+2.248569e+003	   -1.682209e+000
+2.253635e+003	   -1.793997e+000
+2.258714e+003	   -1.748445e+000
+2.263803e+003	   -1.771053e+000
+2.268905e+003	   -1.794791e+000
+2.274017e+003	   -1.624756e+000
+2.279141e+003	   -1.739134e+000
+2.284277e+003	   -1.768857e+000
+2.289424e+003	   -1.993475e+000
+2.294583e+003	   -1.845468e+000
+2.299754e+003	   -1.829521e+000
+2.304936e+003	   -1.937643e+000
+2.310130e+003	   -1.612548e+000
+2.315335e+003	   -1.791417e+000
+2.320552e+003	   -1.794950e+000
+2.325781e+003	   -1.900987e+000
+2.331022e+003	   -1.829289e+000
+2.336275e+003	   -1.825050e+000
+2.341539e+003	   -1.951963e+000
+2.346816e+003	   -1.761073e+000
+2.352104e+003	   -1.900927e+000
+2.357404e+003	   -1.746289e+000
+2.362716e+003	   -1.732782e+000
+2.368040e+003	   -1.845906e+000
+2.373376e+003	   -1.801328e+000
+2.378724e+003	   -1.734570e+000
+2.384084e+003	   -1.989021e+000
+2.389457e+003	   -1.905205e+000
+2.394841e+003	   -1.814604e+000
+2.400237e+003	   -1.865759e+000
+2.405646e+003	   -1.743267e+000
+2.411066e+003	   -1.958559e+000
+2.416500e+003	   -1.748243e+000
+2.421945e+003	   -1.764798e+000
+2.427402e+003	   -1.869777e+000
+2.432872e+003	   -1.865462e+000
+2.438354e+003	   -1.866268e+000
+2.443849e+003	   -1.917299e+000
+2.449355e+003	   -1.740935e+000
+2.454875e+003	   -1.925785e+000
+2.460406e+003	   -1.950565e+000
+2.465950e+003	   -1.981222e+000
+2.471507e+003	   -1.800394e+000
+2.477076e+003	   -1.832013e+000
+2.482658e+003	   -1.904832e+000
+2.488252e+003	   -1.978037e+000
+2.493859e+003	   -1.901333e+000
+2.499479e+003	   -1.931505e+000
+2.505111e+003	   -1.900211e+000
+2.510756e+003	   -1.925190e+000
+2.516414e+003	   -1.837126e+000
+2.522084e+003	   -1.997864e+000
+2.527767e+003	   -1.964524e+000
+2.533463e+003	   -2.010741e+000
+2.539172e+003	   -1.937070e+000
+2.544893e+003	   -1.971054e+000
+2.550628e+003	   -2.036706e+000
+2.556375e+003	   -1.756278e+000
+2.562136e+003	   -1.922017e+000
+2.567909e+003	   -1.882697e+000
+2.573696e+003	   -2.051593e+000
+2.579495e+003	   -1.959660e+000
+2.585308e+003	   -1.989219e+000
+2.591133e+003	   -2.038646e+000
+2.596972e+003	   -2.196088e+000
+2.602824e+003	   -2.038974e+000
+2.608689e+003	   -1.957064e+000
+2.614567e+003	   -2.029859e+000
+2.620459e+003	   -1.985154e+000
+2.626364e+003	   -1.878418e+000
+2.632282e+003	   -1.984682e+000
+2.638213e+003	   -2.074410e+000
+2.644158e+003	   -1.913808e+000
+2.650116e+003	   -2.195182e+000
+2.656088e+003	   -1.964177e+000
+2.662073e+003	   -2.025522e+000
+2.668072e+003	   -2.157421e+000
+2.674083e+003	   -1.991794e+000
+2.680109e+003	   -1.932894e+000
+2.686148e+003	   -2.124538e+000
+2.692201e+003	   -2.116973e+000
+2.698268e+003	   -1.955779e+000
+2.704348e+003	   -1.991874e+000
+2.710442e+003	   -2.051795e+000
+2.716549e+003	   -1.987469e+000
+2.722671e+003	   -2.006059e+000
+2.728806e+003	   -2.140755e+000
+2.734955e+003	   -2.003195e+000
+2.741118e+003	   -1.971871e+000
+2.747294e+003	   -2.175189e+000
+2.753485e+003	   -2.053966e+000
+2.759689e+003	   -2.166774e+000
+2.765908e+003	   -2.005413e+000
+2.772141e+003	   -2.034617e+000
+2.778387e+003	   -2.199384e+000
+2.784648e+003	   -1.913096e+000
+2.790923e+003	   -2.169877e+000
+2.797212e+003	   -2.144030e+000
+2.803515e+003	   -2.310576e+000
+2.809832e+003	   -2.087010e+000
+2.816164e+003	   -2.238628e+000
+2.822509e+003	   -2.054994e+000
+2.828869e+003	   -2.069445e+000
+2.835244e+003	   -2.153543e+000
+2.841633e+003	   -2.235188e+000
+2.848036e+003	   -2.005401e+000
+2.854454e+003	   -2.256485e+000
+2.860885e+003	   -2.191739e+000
+2.867332e+003	   -2.030414e+000
+2.873793e+003	   -2.250170e+000
+2.880269e+003	   -2.061620e+000
+2.886759e+003	   -2.134796e+000
+2.893264e+003	   -1.997270e+000
+2.899784e+003	   -2.224796e+000
+2.906318e+003	   -2.177534e+000
+2.912867e+003	   -2.322772e+000
+2.919430e+003	   -2.117015e+000
+2.926009e+003	   -2.159330e+000
+2.932602e+003	   -2.254682e+000
+2.939210e+003	   -2.233399e+000
+2.945833e+003	   -2.286340e+000
+2.952472e+003	   -2.178254e+000
+2.959125e+003	   -2.284256e+000
+2.965792e+003	   -2.366012e+000
+2.972476e+003	   -2.092821e+000
+2.979174e+003	   -2.209488e+000
+2.985887e+003	   -2.216381e+000
+2.992615e+003	   -2.181203e+000
+2.999358e+003	   -2.203821e+000
+3.006117e+003	   -2.272030e+000
+3.012891e+003	   -2.310137e+000
+3.019680e+003	   -2.351572e+000
+3.026484e+003	   -2.324156e+000
+3.033304e+003	   -2.119533e+000
+3.040139e+003	   -2.137125e+000
+3.046990e+003	   -2.344784e+000
+3.053855e+003	   -2.296842e+000
+3.060737e+003	   -2.283764e+000
+3.067634e+003	   -2.264842e+000
+3.074546e+003	   -2.286400e+000
+3.081474e+003	   -2.229864e+000
+3.088418e+003	   -2.465331e+000
+3.095377e+003	   -2.311999e+000
+3.102352e+003	   -2.288056e+000
+3.109343e+003	   -2.411253e+000
+3.116349e+003	   -2.440487e+000
+3.123372e+003	   -2.375381e+000
+3.130410e+003	   -2.370543e+000
+3.137464e+003	   -2.471732e+000
+3.144533e+003	   -2.275349e+000
+3.151619e+003	   -2.253928e+000
+3.158721e+003	   -2.418850e+000
+3.165839e+003	   -2.305791e+000
+3.172972e+003	   -2.358922e+000
+3.180122e+003	   -2.416553e+000
+3.187288e+003	   -2.384470e+000
+3.194470e+003	   -2.278185e+000
+3.201668e+003	   -2.486907e+000
+3.208883e+003	   -2.409236e+000
+3.216114e+003	   -2.567874e+000
+3.223361e+003	   -2.589605e+000
+3.230624e+003	   -2.274990e+000
+3.237904e+003	   -2.498079e+000
+3.245200e+003	   -2.539264e+000
+3.252512e+003	   -2.506279e+000
+3.259842e+003	   -2.431480e+000
+3.267187e+003	   -2.498247e+000
+3.274549e+003	   -2.507846e+000
+3.281928e+003	   -2.291384e+000
+3.289323e+003	   -2.414712e+000
+3.296735e+003	   -2.520534e+000
+3.304164e+003	   -2.593261e+000
+3.311609e+003	   -2.548049e+000
+3.319072e+003	   -2.434859e+000
+3.326551e+003	   -2.369034e+000
+3.334046e+003	   -2.318725e+000
+3.341559e+003	   -2.460553e+000
+3.349089e+003	   -2.491914e+000
+3.356636e+003	   -2.524070e+000
+3.364199e+003	   -2.658847e+000
+3.371780e+003	   -2.569061e+000
+3.379378e+003	   -2.477951e+000
+3.386993e+003	   -2.532189e+000
+3.394625e+003	   -2.619543e+000
+3.402274e+003	   -2.483656e+000
+3.409941e+003	   -2.504063e+000
+3.417625e+003	   -2.687620e+000
+3.425326e+003	   -2.670601e+000
+3.433044e+003	   -2.345875e+000
+3.440780e+003	   -2.767604e+000
+3.448533e+003	   -2.587043e+000
+3.456304e+003	   -2.631586e+000
+3.464092e+003	   -2.755201e+000
+3.471898e+003	   -2.569931e+000
+3.479721e+003	   -2.544396e+000
+3.487563e+003	   -2.497800e+000
+3.495421e+003	   -2.536752e+000
+3.503298e+003	   -2.410954e+000
+3.511192e+003	   -2.636910e+000
+3.519104e+003	   -2.654691e+000
+3.527033e+003	   -2.664656e+000
+3.534981e+003	   -2.747321e+000
+3.542947e+003	   -2.742644e+000
+3.550930e+003	   -2.747455e+000
+3.558932e+003	   -2.710561e+000
+3.566951e+003	   -2.628808e+000
+3.574989e+003	   -2.642970e+000
+3.583044e+003	   -2.686279e+000
+3.591118e+003	   -2.639078e+000
+3.599210e+003	   -2.635667e+000
+3.607321e+003	   -2.771880e+000
+3.615449e+003	   -2.682144e+000
+3.623596e+003	   -2.784220e+000
+3.631761e+003	   -2.628354e+000
+3.639945e+003	   -2.672464e+000
+3.648147e+003	   -2.773501e+000
+3.656368e+003	   -2.684031e+000
+3.664607e+003	   -2.774210e+000
+3.672864e+003	   -2.774579e+000
+3.681141e+003	   -2.714310e+000
+3.689436e+003	   -2.872684e+000
+3.697749e+003	   -2.637850e+000
+3.706081e+003	   -2.849412e+000
+3.714433e+003	   -2.607404e+000
+3.722802e+003	   -2.811349e+000
+3.731191e+003	   -2.636696e+000
+3.739599e+003	   -2.884351e+000
+3.748026e+003	   -2.894965e+000
+3.756471e+003	   -2.761972e+000
+3.764936e+003	   -2.797903e+000
+3.773419e+003	   -2.851659e+000
+3.781922e+003	   -2.885052e+000
+3.790444e+003	   -2.850664e+000
+3.798986e+003	   -3.080902e+000
+3.807546e+003	   -2.845265e+000
+3.816126e+003	   -2.927035e+000
+3.824725e+003	   -2.869490e+000
+3.833343e+003	   -2.829528e+000
+3.841981e+003	   -2.836197e+000
+3.850638e+003	   -2.898376e+000
+3.859315e+003	   -2.861910e+000
+3.868012e+003	   -2.800160e+000
+3.876728e+003	   -2.821915e+000
+3.885463e+003	   -3.102407e+000
+3.894219e+003	   -2.816001e+000
+3.902994e+003	   -2.890621e+000
+3.911789e+003	   -2.895267e+000
+3.920603e+003	   -2.779535e+000
+3.929438e+003	   -3.007663e+000
+3.938292e+003	   -2.923523e+000
+3.947167e+003	   -2.880572e+000
+3.956061e+003	   -2.947441e+000
+3.964975e+003	   -3.040763e+000
+3.973910e+003	   -2.880818e+000
+3.982864e+003	   -2.968163e+000
+3.991839e+003	   -3.031177e+000
+4.000834e+003	   -3.071743e+000
+4.009849e+003	   -3.081521e+000
+4.018885e+003	   -2.896851e+000
+4.027941e+003	   -2.981280e+000
+4.037017e+003	   -3.023602e+000
+4.046114e+003	   -3.124266e+000
+4.055231e+003	   -3.054165e+000
+4.064369e+003	   -3.211124e+000
+4.073528e+003	   -3.029180e+000
+4.082707e+003	   -2.936395e+000
+4.091906e+003	   -3.033123e+000
+4.101127e+003	   -3.284664e+000
+4.110368e+003	   -3.176054e+000
+4.119630e+003	   -2.985048e+000
+4.128914e+003	   -2.950214e+000
+4.138217e+003	   -3.258588e+000
+4.147542e+003	   -2.902972e+000
+4.156888e+003	   -3.055856e+000
+4.166255e+003	   -3.063319e+000
+4.175643e+003	   -2.980276e+000
+4.185052e+003	   -3.068760e+000
+4.194482e+003	   -3.259011e+000
+4.203934e+003	   -2.987046e+000
+4.213407e+003	   -3.028211e+000
+4.222901e+003	   -3.119162e+000
+4.232417e+003	   -3.012022e+000
+4.241954e+003	   -3.189301e+000
+4.251513e+003	   -3.223373e+000
+4.261093e+003	   -3.274616e+000
+4.270695e+003	   -3.281642e+000
+4.280318e+003	   -3.262990e+000
+4.289963e+003	   -3.146384e+000
+4.299630e+003	   -3.164503e+000
+4.309318e+003	   -3.173495e+000
+4.319029e+003	   -3.473876e+000
+4.328761e+003	   -3.224865e+000
+4.338516e+003	   -3.250325e+000
+4.348292e+003	   -3.277767e+000
+4.358090e+003	   -3.277997e+000
+4.367910e+003	   -3.188891e+000
+4.377752e+003	   -3.199733e+000
+4.387617e+003	   -3.320436e+000
+4.397504e+003	   -3.334781e+000
+4.407413e+003	   -3.457803e+000
+4.417345e+003	   -3.328296e+000
+4.427298e+003	   -3.155371e+000
+4.437275e+003	   -3.328379e+000
+4.447273e+003	   -3.365972e+000
+4.457295e+003	   -3.327787e+000
+4.467339e+003	   -3.269730e+000
+4.477405e+003	   -3.277411e+000
+4.487494e+003	   -3.399163e+000
+4.497606e+003	   -3.237100e+000
+4.507741e+003	   -3.495167e+000
+4.517898e+003	   -3.397226e+000
+4.528079e+003	   -3.324842e+000
+4.538282e+003	   -3.532017e+000
+4.548508e+003	   -3.293864e+000
+4.558758e+003	   -3.276590e+000
+4.569030e+003	   -3.497594e+000
+4.579326e+003	   -3.513139e+000
+4.589645e+003	   -3.370287e+000
+4.599987e+003	   -3.475031e+000
+4.610353e+003	   -3.434819e+000
+4.620741e+003	   -3.494751e+000
+4.631153e+003	   -3.490591e+000
+4.641589e+003	   -3.568018e+000
+4.652048e+003	   -3.461706e+000
+4.662531e+003	   -3.549664e+000
+4.673037e+003	   -3.576989e+000
+4.683567e+003	   -3.411936e+000
+4.694121e+003	   -3.329770e+000
+4.704698e+003	   -3.460044e+000
+4.715299e+003	   -3.318262e+000
+4.725925e+003	   -3.460545e+000
+4.736574e+003	   -3.513318e+000
+4.747247e+003	   -3.484824e+000
+4.757944e+003	   -3.466448e+000
+4.768666e+003	   -3.678627e+000
+4.779411e+003	   -3.579504e+000
+4.790181e+003	   -3.593184e+000
+4.800975e+003	   -3.528899e+000
+4.811793e+003	   -3.487557e+000
+4.822636e+003	   -3.591470e+000
+4.833503e+003	   -3.675391e+000
+4.844395e+003	   -3.687023e+000
+4.855311e+003	   -3.642923e+000
+4.866251e+003	   -3.587552e+000
+4.877217e+003	   -3.847702e+000
+4.888207e+003	   -3.528530e+000
+4.899222e+003	   -3.548217e+000
+4.910261e+003	   -3.654727e+000
+4.921326e+003	   -3.710054e+000
+4.932415e+003	   -3.782427e+000
+4.943530e+003	   -3.784649e+000
+4.954669e+003	   -3.688561e+000
+4.965834e+003	   -3.693313e+000
+4.977023e+003	   -3.587027e+000
+4.988239e+003	   -3.790946e+000
+4.999479e+003	   -3.795759e+000
+5.010744e+003	   -3.828332e+000
+5.022035e+003	   -3.973938e+000
+5.033352e+003	   -3.820637e+000
+5.044694e+003	   -3.873601e+000
+5.056061e+003	   -3.905444e+000
+5.067454e+003	   -3.959989e+000
+5.078873e+003	   -3.833081e+000
+5.090317e+003	   -3.864743e+000
+5.101788e+003	   -3.906796e+000
+5.113284e+003	   -3.993020e+000
+5.124806e+003	   -3.865597e+000
+5.136354e+003	   -3.922925e+000
+5.147928e+003	   -3.826387e+000
+5.159528e+003	   -3.836136e+000
+5.171154e+003	   -3.820256e+000
+5.182807e+003	   -3.803685e+000
+5.194485e+003	   -3.744043e+000
+5.206190e+003	   -3.883399e+000
+5.217922e+003	   -4.007234e+000
+5.229680e+003	   -4.047330e+000
+5.241464e+003	   -3.840925e+000
+5.253274e+003	   -4.064188e+000
+5.265112e+003	   -3.900666e+000
+5.276976e+003	   -3.965206e+000
+5.288867e+003	   -4.076823e+000
+5.300785e+003	   -4.131557e+000
+5.312729e+003	   -3.994657e+000
+5.324701e+003	   -4.042084e+000
+5.336699e+003	   -3.887083e+000
+5.348725e+003	   -3.945253e+000
+5.360777e+003	   -4.002856e+000
+5.372857e+003	   -4.261729e+000
+5.384964e+003	   -4.046992e+000
+5.397098e+003	   -4.016157e+000
+5.409260e+003	   -4.097568e+000
+5.421449e+003	   -4.035778e+000
+5.433665e+003	   -4.013718e+000
+5.445909e+003	   -4.099257e+000
+5.458181e+003	   -3.990288e+000
+5.470480e+003	   -4.284317e+000
+5.482807e+003	   -4.112148e+000
+5.495161e+003	   -4.127083e+000
+5.507544e+003	   -4.256110e+000
+5.519954e+003	   -4.125836e+000
+5.532393e+003	   -4.324615e+000
+5.544859e+003	   -4.175754e+000
+5.557354e+003	   -4.313168e+000
+5.569876e+003	   -4.163664e+000
+5.582427e+003	   -4.237569e+000
+5.595006e+003	   -4.271924e+000
+5.607614e+003	   -4.304907e+000
+5.620250e+003	   -4.383260e+000
+5.632914e+003	   -4.298480e+000
+5.645607e+003	   -4.305798e+000
+5.658329e+003	   -4.402792e+000
+5.671079e+003	   -4.409030e+000
+5.683858e+003	   -4.254286e+000
+5.696666e+003	   -4.363634e+000
+5.709502e+003	   -4.426220e+000
+5.722368e+003	   -4.258878e+000
+5.735262e+003	   -4.508506e+000
+5.748186e+003	   -4.353000e+000
+5.761138e+003	   -4.411997e+000
+5.774120e+003	   -4.398203e+000
+5.787131e+003	   -4.376184e+000
+5.800172e+003	   -4.381291e+000
+5.813242e+003	   -4.320114e+000
+5.826341e+003	   -4.405718e+000
+5.839470e+003	   -4.643992e+000
+5.852628e+003	   -4.559316e+000
+5.865816e+003	   -4.286825e+000
+5.879034e+003	   -4.373291e+000
+5.892281e+003	   -4.376761e+000
+5.905559e+003	   -4.570398e+000
+5.918866e+003	   -4.493086e+000
+5.932204e+003	   -4.607217e+000
+5.945571e+003	   -4.335494e+000
+5.958968e+003	   -4.573735e+000
+5.972396e+003	   -4.417559e+000
+5.985854e+003	   -4.468416e+000
+5.999342e+003	   -4.648970e+000
+6.012860e+003	   -4.418942e+000
+6.026410e+003	   -4.424190e+000
+6.039989e+003	   -4.613533e+000
+6.053600e+003	   -4.660823e+000
+6.067240e+003	   -4.734057e+000
+6.080912e+003	   -4.615635e+000
+6.094614e+003	   -4.687169e+000
+6.108348e+003	   -4.524509e+000
+6.122112e+003	   -4.739974e+000
+6.135907e+003	   -4.567605e+000
+6.149733e+003	   -4.846633e+000
+6.163591e+003	   -4.749732e+000
+6.177480e+003	   -4.681012e+000
+6.191400e+003	   -4.801767e+000
+6.205351e+003	   -4.608930e+000
+6.219334e+003	   -4.701626e+000
+6.233349e+003	   -4.716835e+000
+6.247395e+003	   -4.739781e+000
+6.261472e+003	   -4.703618e+000
+6.275581e+003	   -4.838931e+000
+6.289722e+003	   -4.817235e+000
+6.303896e+003	   -4.721387e+000
+6.318100e+003	   -4.732918e+000
+6.332337e+003	   -4.802487e+000
+6.346606e+003	   -4.939333e+000
+6.360907e+003	   -4.950850e+000
+6.375241e+003	   -4.875417e+000
+6.389606e+003	   -4.845263e+000
+6.404004e+003	   -4.934732e+000
+6.418435e+003	   -4.963357e+000
+6.432898e+003	   -4.848549e+000
+6.447393e+003	   -4.958611e+000
+6.461921e+003	   -4.912765e+000
+6.476482e+003	   -4.784608e+000
+6.491076e+003	   -5.051405e+000
+6.505703e+003	   -4.879978e+000
+6.520363e+003	   -5.020241e+000
+6.535055e+003	   -4.724311e+000
+6.549781e+003	   -5.116608e+000
+6.564540e+003	   -5.086914e+000
+6.579332e+003	   -5.107779e+000
+6.594158e+003	   -5.039102e+000
+6.609017e+003	   -5.045377e+000
+6.623909e+003	   -4.935339e+000
+6.638835e+003	   -5.218622e+000
+6.653795e+003	   -5.197093e+000
+6.668788e+003	   -5.243788e+000
+6.683815e+003	   -5.103543e+000
+6.698876e+003	   -5.160294e+000
+6.713971e+003	   -5.253164e+000
+6.729100e+003	   -5.360889e+000
+6.744263e+003	   -5.143738e+000
+6.759460e+003	   -5.188726e+000
+6.774692e+003	   -5.218753e+000
+6.789958e+003	   -5.118272e+000
+6.805258e+003	   -5.143549e+000
+6.820592e+003	   -5.035076e+000
+6.835961e+003	   -5.315174e+000
+6.851365e+003	   -5.147495e+000
+6.866804e+003	   -5.276291e+000
+6.882277e+003	   -5.275701e+000
+6.897785e+003	   -5.230155e+000
+6.913329e+003	   -5.296106e+000
+6.928907e+003	   -5.194879e+000
+6.944520e+003	   -5.438223e+000
+6.960168e+003	   -5.434503e+000
+6.975852e+003	   -5.204371e+000
+6.991571e+003	   -5.376698e+000
+7.007326e+003	   -5.214551e+000
+7.023116e+003	   -5.341821e+000
+7.038941e+003	   -5.444269e+000
+7.054802e+003	   -5.502500e+000
+7.070699e+003	   -5.301504e+000
+7.086632e+003	   -5.401673e+000
+7.102601e+003	   -5.697876e+000
+7.118605e+003	   -5.494351e+000
+7.134646e+003	   -5.598677e+000
+7.150723e+003	   -5.373997e+000
+7.166836e+003	   -5.555299e+000
+7.182985e+003	   -5.578513e+000
+7.199171e+003	   -5.635284e+000
+7.215394e+003	   -5.584090e+000
+7.231652e+003	   -5.714161e+000
+7.247948e+003	   -5.660309e+000
+7.264280e+003	   -5.599483e+000
+7.280649e+003	   -5.570511e+000
+7.297055e+003	   -5.630980e+000
+7.313498e+003	   -5.595066e+000
+7.329978e+003	   -5.620501e+000
+7.346495e+003	   -5.617499e+000
+7.363049e+003	   -5.734689e+000
+7.379640e+003	   -5.714002e+000
+7.396269e+003	   -5.746935e+000
+7.412936e+003	   -5.779834e+000
+7.429640e+003	   -5.671281e+000
+7.446381e+003	   -5.835942e+000
+7.463161e+003	   -5.900487e+000
+7.479978e+003	   -5.796247e+000
+7.496833e+003	   -5.762434e+000
+7.513726e+003	   -5.711980e+000
+7.530657e+003	   -6.010735e+000
+7.547626e+003	   -5.805346e+000
+7.564633e+003	   -5.853655e+000
+7.581679e+003	   -6.007755e+000
+7.598763e+003	   -5.953152e+000
+7.615886e+003	   -5.756128e+000
+7.633047e+003	   -5.910552e+000
+7.650247e+003	   -5.905864e+000
+7.667486e+003	   -5.971176e+000
+7.684763e+003	   -6.151965e+000
+7.702080e+003	   -5.940283e+000
+7.719436e+003	   -6.093463e+000
+7.736830e+003	   -5.845210e+000
+7.754264e+003	   -6.058114e+000
+7.771737e+003	   -6.067656e+000
+7.789249e+003	   -5.974177e+000
+7.806801e+003	   -6.104232e+000
+7.824393e+003	   -6.176308e+000
+7.842024e+003	   -6.125851e+000
+7.859694e+003	   -6.257159e+000
+7.877405e+003	   -6.171202e+000
+7.895156e+003	   -6.151008e+000
+7.912946e+003	   -6.220046e+000
+7.930777e+003	   -5.932626e+000
+7.948648e+003	   -6.126451e+000
+7.966559e+003	   -6.173264e+000
+7.984510e+003	   -6.177036e+000
+8.002502e+003	   -6.290416e+000
+8.020535e+003	   -6.179018e+000
+8.038608e+003	   -6.416678e+000
+8.056722e+003	   -6.367309e+000
+8.074876e+003	   -6.305102e+000
+8.093072e+003	   -6.316967e+000
+8.111308e+003	   -6.422141e+000
+8.129586e+003	   -6.422060e+000
+8.147905e+003	   -6.284009e+000
+8.166265e+003	   -6.208137e+000
+8.184667e+003	   -6.430098e+000
+8.203109e+003	   -6.387180e+000
+8.221594e+003	   -6.229350e+000
+8.240120e+003	   -6.452578e+000
+8.258688e+003	   -6.413549e+000
+8.277298e+003	   -6.434910e+000
+8.295949e+003	   -6.491498e+000
+8.314643e+003	   -6.408963e+000
+8.333379e+003	   -6.473872e+000
+8.352156e+003	   -6.590540e+000
+8.370977e+003	   -6.390083e+000
+8.389840e+003	   -6.518058e+000
+8.408745e+003	   -6.594243e+000
+8.427692e+003	   -6.723479e+000
+8.446684e+003	   -6.586784e+000
+8.465717e+003	   -6.550466e+000
+8.484793e+003	   -6.694495e+000
+8.503912e+003	   -6.579553e+000
+8.523074e+003	   -6.698018e+000
+8.542280e+003	   -6.742869e+000
+8.561528e+003	   -6.732045e+000
+8.580821e+003	   -6.665139e+000
+8.600156e+003	   -6.956093e+000
+8.619536e+003	   -6.852143e+000
+8.638959e+003	   -6.813161e+000
+8.658425e+003	   -6.801372e+000
+8.677936e+003	   -6.770793e+000
+8.697490e+003	   -7.046236e+000
+8.717089e+003	   -6.962127e+000
+8.736731e+003	   -6.784395e+000
+8.756418e+003	   -6.810966e+000
+8.776149e+003	   -6.865516e+000
+8.795925e+003	   -7.017640e+000
+8.815745e+003	   -7.102429e+000
+8.835610e+003	   -7.020649e+000
+8.855521e+003	   -7.139426e+000
+8.875475e+003	   -7.180567e+000
+8.895475e+003	   -6.932172e+000
+8.915519e+003	   -7.140003e+000
+8.935608e+003	   -7.128843e+000
+8.955744e+003	   -6.913881e+000
+8.975924e+003	   -7.183239e+000
+8.996150e+003	   -7.167001e+000
+9.016422e+003	   -7.065134e+000
+9.036739e+003	   -7.243505e+000
+9.057102e+003	   -7.005878e+000
+9.077511e+003	   -7.361858e+000
+9.097966e+003	   -7.324570e+000
+9.118467e+003	   -7.245374e+000
+9.139014e+003	   -7.143783e+000
+9.159606e+003	   -7.414781e+000
+9.180247e+003	   -7.136867e+000
+9.200933e+003	   -7.319490e+000
+9.221666e+003	   -7.345592e+000
+9.242445e+003	   -7.453865e+000
+9.263272e+003	   -7.236244e+000
+9.284146e+003	   -7.330153e+000
+9.305065e+003	   -7.452500e+000
+9.326033e+003	   -7.454802e+000
+9.347048e+003	   -7.616608e+000
+9.368110e+003	   -7.299298e+000
+9.389220e+003	   -7.501901e+000
+9.410377e+003	   -7.505572e+000
+9.431582e+003	   -7.555865e+000
+9.452835e+003	   -7.498692e+000
+9.474136e+003	   -7.488798e+000
+9.495484e+003	   -7.759714e+000
+9.516881e+003	   -7.620379e+000
+9.538325e+003	   -7.590004e+000
+9.559818e+003	   -7.634026e+000
+9.581360e+003	   -7.751604e+000
+9.602950e+003	   -7.731425e+000
+9.624590e+003	   -7.694413e+000
+9.646277e+003	   -7.738111e+000
+9.668014e+003	   -7.660526e+000
+9.689799e+003	   -7.879065e+000
+9.711634e+003	   -7.707232e+000
+9.733517e+003	   -7.726760e+000
+9.755450e+003	   -7.735618e+000
+9.777433e+003	   -7.827077e+000
+9.799465e+003	   -7.859626e+000
+9.821546e+003	   -7.845553e+000
+9.843678e+003	   -7.909932e+000
+9.865858e+003	   -7.999512e+000
+9.888090e+003	   -7.895182e+000
+9.910371e+003	   -7.946950e+000
+9.932703e+003	   -8.135574e+000
+9.955085e+003	   -8.001132e+000
+9.977518e+003	   -8.074368e+000
+1.000000e+004	   -8.101176e+000
+1.002253e+004	   -8.106215e+000
+1.004512e+004	   -7.939017e+000
+1.006775e+004	   -8.096992e+000
+1.009044e+004	   -8.228940e+000
+1.011318e+004	   -8.219516e+000
+1.013596e+004	   -8.265462e+000
+1.015880e+004	   -8.366634e+000
+1.018170e+004	   -8.202313e+000
+1.020464e+004	   -8.191341e+000
+1.022763e+004	   -8.321672e+000
+1.025068e+004	   -8.319778e+000
+1.027378e+004	   -8.193884e+000
+1.029693e+004	   -8.386578e+000
+1.032013e+004	   -8.417507e+000
+1.034339e+004	   -8.290489e+000
+1.036669e+004	   -8.470892e+000
+1.039005e+004	   -8.423661e+000
+1.041347e+004	   -8.567692e+000
+1.043693e+004	   -8.514101e+000
+1.046045e+004	   -8.367083e+000
+1.048402e+004	   -8.677699e+000
+1.050764e+004	   -8.477132e+000
+1.053132e+004	   -8.603502e+000
+1.055505e+004	   -8.620722e+000
+1.057884e+004	   -8.601106e+000
+1.060267e+004	   -8.888560e+000
+1.062657e+004	   -8.837356e+000
+1.065051e+004	   -8.808730e+000
+1.067451e+004	   -8.596394e+000
+1.069856e+004	   -8.721304e+000
+1.072267e+004	   -8.619308e+000
+1.074683e+004	   -8.823498e+000
+1.077105e+004	   -8.831523e+000
+1.079532e+004	   -8.781109e+000
+1.081965e+004	   -8.826939e+000
+1.084403e+004	   -8.779987e+000
+1.086846e+004	   -8.785735e+000
+1.089295e+004	   -9.058119e+000
+1.091750e+004	   -9.005946e+000
+1.094210e+004	   -8.894264e+000
+1.096676e+004	   -9.065049e+000
+1.099147e+004	   -8.946184e+000
+1.101624e+004	   -9.078557e+000
+1.104106e+004	   -9.064749e+000
+1.106594e+004	   -9.201418e+000
+1.109087e+004	   -9.227827e+000
+1.111587e+004	   -9.104072e+000
+1.114091e+004	   -9.184216e+000
+1.116602e+004	   -9.228016e+000
+1.119118e+004	   -9.298826e+000
+1.121640e+004	   -9.244360e+000
+1.124167e+004	   -9.273402e+000
+1.126700e+004	   -9.348581e+000
+1.129239e+004	   -9.346623e+000
+1.131784e+004	   -9.463013e+000
+1.134334e+004	   -9.454159e+000
+1.136890e+004	   -9.439767e+000
+1.139452e+004	   -9.353893e+000
+1.142019e+004	   -9.285134e+000
+1.144593e+004	   -9.412770e+000
+1.147172e+004	   -9.413342e+000
+1.149757e+004	   -9.347229e+000
+1.152348e+004	   -9.372347e+000
+1.154944e+004	   -9.758243e+000
+1.157547e+004	   -9.745717e+000
+1.160155e+004	   -9.707311e+000
+1.162770e+004	   -9.729060e+000
+1.165390e+004	   -9.778488e+000
+1.168016e+004	   -9.796241e+000
+1.170648e+004	   -9.747569e+000
+1.173286e+004	   -9.731244e+000
+1.175929e+004	   -9.679713e+000
+1.178579e+004	   -9.826884e+000
+1.181235e+004	   -9.827051e+000
+1.183897e+004	   -9.915314e+000
+1.186564e+004	   -9.956583e+000
+1.189238e+004	   -9.763813e+000
+1.191918e+004	   -1.005068e+001
+1.194604e+004	   -1.005043e+001
+1.197296e+004	   -1.009713e+001
+1.199993e+004	   -1.001380e+001
+1.202697e+004	   -1.031790e+001
+1.205408e+004	   -1.015031e+001
+1.208124e+004	   -1.008959e+001
+1.210846e+004	   -1.008866e+001
+1.213575e+004	   -1.025470e+001
+1.216309e+004	   -1.031288e+001
+1.219050e+004	   -1.011940e+001
+1.221797e+004	   -1.045175e+001
+1.224550e+004	   -1.038810e+001
+1.227309e+004	   -1.042612e+001
+1.230075e+004	   -1.026166e+001
+1.232847e+004	   -1.029640e+001
+1.235625e+004	   -1.048653e+001
+1.238409e+004	   -1.051254e+001
+1.241200e+004	   -1.041577e+001
+1.243996e+004	   -1.059906e+001
+1.246800e+004	   -1.050352e+001
+1.249609e+004	   -1.057565e+001
+1.252425e+004	   -1.067877e+001
+1.255247e+004	   -1.069854e+001
+1.258076e+004	   -1.083142e+001
+1.260911e+004	   -1.070301e+001
+1.263752e+004	   -1.056236e+001
+1.266599e+004	   -1.069153e+001
+1.269454e+004	   -1.077092e+001
+1.272314e+004	   -1.095126e+001
+1.275181e+004	   -1.084410e+001
+1.278054e+004	   -1.081040e+001
+1.280934e+004	   -1.085070e+001
+1.283821e+004	   -1.092312e+001
+1.286714e+004	   -1.083238e+001
+1.289613e+004	   -1.111252e+001
+1.292519e+004	   -1.110600e+001
+1.295432e+004	   -1.113752e+001
+1.298351e+004	   -1.102268e+001
+1.301276e+004	   -1.105336e+001
+1.304208e+004	   -1.137009e+001
+1.307147e+004	   -1.123572e+001
+1.310093e+004	   -1.115203e+001
+1.313045e+004	   -1.108005e+001
+1.316004e+004	   -1.153067e+001
+1.318969e+004	   -1.143700e+001
+1.321941e+004	   -1.117766e+001
+1.324920e+004	   -1.139341e+001
+1.327905e+004	   -1.142679e+001
+1.330898e+004	   -1.152210e+001
+1.333897e+004	   -1.156007e+001
+1.336902e+004	   -1.151928e+001
+1.339915e+004	   -1.155260e+001
+1.342934e+004	   -1.154697e+001
+1.345960e+004	   -1.171119e+001
+1.348993e+004	   -1.166503e+001
+1.352033e+004	   -1.183163e+001
+1.355080e+004	   -1.189748e+001
+1.358133e+004	   -1.180415e+001
+1.361193e+004	   -1.168241e+001
+1.364261e+004	   -1.183563e+001
+1.367335e+004	   -1.196964e+001
+1.370416e+004	   -1.197455e+001
+1.373504e+004	   -1.212359e+001
+1.376599e+004	   -1.205642e+001
+1.379701e+004	   -1.206208e+001
+1.382810e+004	   -1.203691e+001
+1.385926e+004	   -1.211741e+001
+1.389049e+004	   -1.225070e+001
+1.392179e+004	   -1.225692e+001
+1.395316e+004	   -1.202817e+001
+1.398460e+004	   -1.213278e+001
+1.401611e+004	   -1.221611e+001
+1.404770e+004	   -1.234971e+001
+1.407935e+004	   -1.230272e+001
+1.411108e+004	   -1.241271e+001
+1.414287e+004	   -1.250408e+001
+1.417474e+004	   -1.245733e+001
+1.420668e+004	   -1.236455e+001
+1.423870e+004	   -1.260098e+001
+1.427078e+004	   -1.262036e+001
+1.430294e+004	   -1.266086e+001
+1.433517e+004	   -1.266922e+001
+1.436747e+004	   -1.292133e+001
+1.439984e+004	   -1.285581e+001
+1.443229e+004	   -1.293893e+001
+1.446481e+004	   -1.290491e+001
+1.449741e+004	   -1.300711e+001
+1.453007e+004	   -1.292701e+001
+1.456282e+004	   -1.310880e+001
+1.459563e+004	   -1.314067e+001
+1.462852e+004	   -1.311574e+001
+1.466148e+004	   -1.312416e+001
+1.469452e+004	   -1.301508e+001
+1.472763e+004	   -1.329090e+001
+1.476082e+004	   -1.313867e+001
+1.479408e+004	   -1.328711e+001
+1.482742e+004	   -1.334191e+001
+1.486083e+004	   -1.332031e+001
+1.489431e+004	   -1.348942e+001
+1.492788e+004	   -1.358540e+001
+1.496151e+004	   -1.340066e+001
+1.499523e+004	   -1.358092e+001
+1.502902e+004	   -1.349328e+001
+1.506288e+004	   -1.352192e+001
+1.509683e+004	   -1.343852e+001
+1.513084e+004	   -1.372674e+001
+1.516494e+004	   -1.367168e+001
+1.519911e+004	   -1.390144e+001
+1.523336e+004	   -1.395234e+001
+1.526769e+004	   -1.379740e+001
+1.530209e+004	   -1.401106e+001
+1.533657e+004	   -1.379274e+001
+1.537113e+004	   -1.394545e+001
+1.540577e+004	   -1.409933e+001
+1.544048e+004	   -1.409105e+001
+1.547527e+004	   -1.410574e+001
+1.551014e+004	   -1.434333e+001
+1.554509e+004	   -1.421950e+001
+1.558012e+004	   -1.422914e+001
+1.561523e+004	   -1.456425e+001
+1.565042e+004	   -1.453390e+001
+1.568568e+004	   -1.437962e+001
+1.572103e+004	   -1.467098e+001
+1.575645e+004	   -1.465799e+001
+1.579196e+004	   -1.466246e+001
+1.582754e+004	   -1.457434e+001
+1.586321e+004	   -1.466105e+001
+1.589895e+004	   -1.481970e+001
+1.593478e+004	   -1.475431e+001
+1.597069e+004	   -1.495032e+001
+1.600667e+004	   -1.483869e+001
+1.604274e+004	   -1.491311e+001
+1.607889e+004	   -1.495040e+001
+1.611512e+004	   -1.505458e+001
+1.615144e+004	   -1.489153e+001
+1.618783e+004	   -1.518948e+001
+1.622431e+004	   -1.514285e+001
+1.626087e+004	   -1.531441e+001
+1.629751e+004	   -1.514878e+001
+1.633423e+004	   -1.528176e+001
+1.637104e+004	   -1.539831e+001
+1.640793e+004	   -1.524730e+001
+1.644490e+004	   -1.547436e+001
+1.648196e+004	   -1.548819e+001
+1.651910e+004	   -1.545299e+001
+1.655632e+004	   -1.569105e+001
+1.659363e+004	   -1.564965e+001
+1.663102e+004	   -1.567059e+001
+1.666849e+004	   -1.602531e+001
+1.670605e+004	   -1.576431e+001
+1.674370e+004	   -1.577645e+001
+1.678143e+004	   -1.585138e+001
+1.681924e+004	   -1.594856e+001
+1.685714e+004	   -1.606942e+001
+1.689513e+004	   -1.613498e+001
+1.693320e+004	   -1.615481e+001
+1.697136e+004	   -1.618595e+001
+1.700960e+004	   -1.626995e+001
+1.704793e+004	   -1.653270e+001
+1.708634e+004	   -1.621048e+001
+1.712484e+004	   -1.642593e+001
+1.716343e+004	   -1.644498e+001
+1.720211e+004	   -1.664548e+001
+1.724087e+004	   -1.674220e+001
+1.727972e+004	   -1.669474e+001
+1.731866e+004	   -1.677214e+001
+1.735768e+004	   -1.658566e+001
+1.739679e+004	   -1.669120e+001
+1.743599e+004	   -1.677727e+001
+1.747528e+004	   -1.687913e+001
+1.751466e+004	   -1.696621e+001
+1.755413e+004	   -1.689169e+001
+1.759368e+004	   -1.705129e+001
+1.763333e+004	   -1.714830e+001
+1.767306e+004	   -1.717873e+001
+1.771289e+004	   -1.742234e+001
+1.775280e+004	   -1.737135e+001
+1.779280e+004	   -1.739931e+001
+1.783290e+004	   -1.739581e+001
+1.787308e+004	   -1.757290e+001
+1.791336e+004	   -1.756254e+001
+1.795372e+004	   -1.765537e+001
+1.799418e+004	   -1.778221e+001
+1.803472e+004	   -1.780237e+001
+1.807536e+004	   -1.788658e+001
+1.811609e+004	   -1.777357e+001
+1.815691e+004	   -1.814762e+001
+1.819783e+004	   -1.803661e+001
+1.823883e+004	   -1.816212e+001
+1.827993e+004	   -1.819744e+001
+1.832112e+004	   -1.828014e+001
+1.836241e+004	   -1.834086e+001
+1.840379e+004	   -1.842819e+001
+1.844525e+004	   -1.856202e+001
+1.848682e+004	   -1.863166e+001
+1.852847e+004	   -1.864902e+001
+1.857023e+004	   -1.869876e+001
+1.861207e+004	   -1.858096e+001
+1.865401e+004	   -1.864596e+001
+1.869604e+004	   -1.892660e+001
+1.873817e+004	   -1.885316e+001
+1.878040e+004	   -1.895269e+001
+1.882272e+004	   -1.912588e+001
+1.886513e+004	   -1.932575e+001
+1.890764e+004	   -1.929231e+001
+1.895025e+004	   -1.917853e+001
+1.899295e+004	   -1.910236e+001
+1.903575e+004	   -1.935594e+001
+1.907864e+004	   -1.953766e+001
+1.912163e+004	   -1.968281e+001
+1.916472e+004	   -1.960335e+001
+1.920790e+004	   -1.965873e+001
+1.925119e+004	   -1.987535e+001
+1.929456e+004	   -1.991177e+001
+1.933804e+004	   -2.002024e+001
+1.938162e+004	   -1.989817e+001
+1.942529e+004	   -2.023858e+001
+1.946906e+004	   -2.017334e+001
+1.951293e+004	   -2.031337e+001
+1.955690e+004	   -2.029617e+001
+1.960097e+004	   -2.040299e+001
+1.964514e+004	   -2.046074e+001
+1.968941e+004	   -2.064238e+001
+1.973378e+004	   -2.080213e+001
+1.977824e+004	   -2.070306e+001
+1.982281e+004	   -2.076865e+001
+1.986748e+004	   -2.085261e+001
+1.991225e+004	   -2.090847e+001
+1.995712e+004	   -2.100870e+001
+2.000209e+004	   -2.111908e+001
+2.004716e+004	   -2.129208e+001
+2.009233e+004	   -2.151399e+001
+2.013761e+004	   -2.124416e+001
+2.018298e+004	   -2.134988e+001
+2.022846e+004	   -2.170340e+001
+2.027404e+004	   -2.149716e+001
+2.031973e+004	   -2.153043e+001
+2.036552e+004	   -2.181387e+001
+2.041141e+004	   -2.196274e+001
+2.045740e+004	   -2.180514e+001
+2.050350e+004	   -2.220755e+001
+2.054970e+004	   -2.199343e+001
+2.059601e+004	   -2.196143e+001
+2.064242e+004	   -2.229343e+001
+2.068893e+004	   -2.232166e+001
+2.073555e+004	   -2.236586e+001
+2.078227e+004	   -2.258451e+001
+2.082910e+004	   -2.250757e+001
+2.087604e+004	   -2.284859e+001
+2.092308e+004	   -2.295995e+001
+2.097023e+004	   -2.292326e+001
+2.101748e+004	   -2.296410e+001
+2.106484e+004	   -2.303985e+001
+2.111231e+004	   -2.320799e+001
+2.115988e+004	   -2.346548e+001
+2.120756e+004	   -2.346541e+001
+2.125535e+004	   -2.368725e+001
+2.130324e+004	   -2.365610e+001
+2.135125e+004	   -2.379028e+001
+2.139936e+004	   -2.364543e+001
+2.144758e+004	   -2.397773e+001
+2.149591e+004	   -2.384348e+001
+2.154435e+004	   -2.403354e+001
+2.159289e+004	   -2.416165e+001
+2.164155e+004	   -2.423724e+001
+2.169032e+004	   -2.428950e+001
+2.173919e+004	   -2.428909e+001
+2.178818e+004	   -2.448261e+001
+2.183728e+004	   -2.487419e+001
+2.188648e+004	   -2.482942e+001
+2.193580e+004	   -2.496514e+001
+2.198523e+004	   -2.494182e+001
+2.203477e+004	   -2.511001e+001
+2.208442e+004	   -2.518202e+001
+2.213419e+004	   -2.517337e+001
+2.218406e+004	   -2.544857e+001
+2.223405e+004	   -2.549120e+001
+2.228415e+004	   -2.556794e+001
+2.233437e+004	   -2.557707e+001
+2.238469e+004	   -2.580873e+001
+2.243513e+004	   -2.581572e+001
+2.248569e+004	   -2.609472e+001
+2.253636e+004	   -2.604894e+001
+2.258714e+004	   -2.617315e+001
+2.263803e+004	   -2.640398e+001
+2.268904e+004	   -2.632706e+001
+2.274017e+004	   -2.655887e+001
+2.279141e+004	   -2.666641e+001
+2.284277e+004	   -2.673776e+001
+2.289424e+004	   -2.691223e+001
+2.294583e+004	   -2.695599e+001
+2.299754e+004	   -2.729698e+001
+2.304936e+004	   -2.732246e+001
+2.310130e+004	   -2.723092e+001
+2.315335e+004	   -2.744636e+001
+2.320553e+004	   -2.757705e+001
+2.325781e+004	   -2.763014e+001
+2.331022e+004	   -2.768519e+001
+2.336275e+004	   -2.790685e+001
+2.341539e+004	   -2.800006e+001
+2.346816e+004	   -2.806087e+001
+2.352104e+004	   -2.830222e+001
+2.357404e+004	   -2.840429e+001
+2.362716e+004	   -2.847289e+001
+2.368040e+004	   -2.861732e+001
+2.373376e+004	   -2.880399e+001
+2.378724e+004	   -2.902484e+001
+2.384084e+004	   -2.900902e+001
+2.389456e+004	   -2.906059e+001
+2.394841e+004	   -2.940504e+001
+2.400237e+004	   -2.955456e+001
+2.405646e+004	   -2.942878e+001
+2.411066e+004	   -2.958314e+001
+2.416499e+004	   -2.966557e+001
+2.421945e+004	   -2.983278e+001
+2.427402e+004	   -3.002510e+001
+2.432872e+004	   -3.014886e+001
+2.438354e+004	   -3.037465e+001
+2.443849e+004	   -3.043396e+001
+2.449355e+004	   -3.065565e+001
+2.454875e+004	   -3.081884e+001
+2.460406e+004	   -3.086025e+001
+2.465951e+004	   -3.103416e+001
+2.471507e+004	   -3.111831e+001
+2.477076e+004	   -3.113051e+001
+2.482658e+004	   -3.143416e+001
+2.488252e+004	   -3.160810e+001
+2.493859e+004	   -3.166028e+001
+2.499479e+004	   -3.193996e+001
+2.505111e+004	   -3.219405e+001
+2.510756e+004	   -3.216330e+001
+2.516413e+004	   -3.229222e+001
+2.522084e+004	   -3.238005e+001
+2.527767e+004	   -3.259975e+001
+2.533463e+004	   -3.262756e+001
+2.539172e+004	   -3.292996e+001
+2.544893e+004	   -3.286528e+001
+2.550628e+004	   -3.314997e+001
+2.556375e+004	   -3.348508e+001
+2.562136e+004	   -3.353551e+001
+2.567909e+004	   -3.377869e+001
+2.573696e+004	   -3.390452e+001
+2.579495e+004	   -3.415938e+001
+2.585308e+004	   -3.422444e+001
+2.591133e+004	   -3.445411e+001
+2.596972e+004	   -3.448339e+001
+2.602824e+004	   -3.460063e+001
+2.608689e+004	   -3.492970e+001
+2.614567e+004	   -3.500903e+001
+2.620459e+004	   -3.513862e+001
+2.626363e+004	   -3.539092e+001
+2.632282e+004	   -3.542253e+001
+2.638213e+004	   -3.565492e+001
+2.644158e+004	   -3.589161e+001
+2.650116e+004	   -3.605893e+001
+2.656088e+004	   -3.607533e+001
+2.662073e+004	   -3.624067e+001
+2.668071e+004	   -3.660920e+001
+2.674084e+004	   -3.677480e+001
+2.680109e+004	   -3.681830e+001
+2.686148e+004	   -3.692466e+001
+2.692201e+004	   -3.714523e+001
+2.698268e+004	   -3.741699e+001
+2.704348e+004	   -3.749926e+001
+2.710442e+004	   -3.778290e+001
+2.716549e+004	   -3.779423e+001
+2.722671e+004	   -3.808337e+001
+2.728806e+004	   -3.841687e+001
+2.734955e+004	   -3.833025e+001
+2.741118e+004	   -3.871977e+001
+2.747294e+004	   -3.874055e+001
+2.753485e+004	   -3.882033e+001
+2.759689e+004	   -3.910909e+001
+2.765908e+004	   -3.932362e+001
+2.772141e+004	   -3.970809e+001
+2.778387e+004	   -3.991041e+001
+2.784648e+004	   -3.991420e+001
+2.790923e+004	   -4.021529e+001
+2.797212e+004	   -4.031067e+001
+2.803515e+004	   -4.056003e+001
+2.809832e+004	   -4.051740e+001
+2.816163e+004	   -4.109737e+001
+2.822509e+004	   -4.119237e+001
+2.828870e+004	   -4.128173e+001
+2.835244e+004	   -4.148862e+001
+2.841633e+004	   -4.189269e+001
+2.848036e+004	   -4.196766e+001
+2.854454e+004	   -4.215067e+001
+2.860886e+004	   -4.239639e+001
+2.867332e+004	   -4.260655e+001
+2.873793e+004	   -4.288583e+001
+2.880269e+004	   -4.292733e+001
+2.886759e+004	   -4.324716e+001
+2.893264e+004	   -4.343433e+001
+2.899784e+004	   -4.369299e+001
+2.906318e+004	   -4.381422e+001
+2.912867e+004	   -4.412697e+001
+2.919430e+004	   -4.418427e+001
+2.926009e+004	   -4.454694e+001
+2.932602e+004	   -4.479519e+001
+2.939211e+004	   -4.510839e+001
+2.945834e+004	   -4.509742e+001
+2.952472e+004	   -4.556438e+001
+2.959125e+004	   -4.565377e+001
+2.965793e+004	   -4.575885e+001
+2.972475e+004	   -4.612061e+001
+2.979173e+004	   -4.646943e+001
+2.985887e+004	   -4.655631e+001
+2.992615e+004	   -4.688700e+001
+2.999358e+004	   -4.706176e+001
+3.006117e+004	   -4.720516e+001
+3.012891e+004	   -4.757456e+001
+3.019680e+004	   -4.777693e+001
+3.026484e+004	   -4.787524e+001
+3.033304e+004	   -4.821023e+001
+3.040139e+004	   -4.838257e+001
+3.046990e+004	   -4.871941e+001
+3.053855e+004	   -4.886866e+001
+3.060737e+004	   -4.908174e+001
+3.067634e+004	   -4.932622e+001
+3.074546e+004	   -4.964765e+001
+3.081474e+004	   -4.987265e+001
+3.088418e+004	   -5.027443e+001
+3.095377e+004	   -5.042981e+001
+3.102352e+004	   -5.060407e+001
+3.109343e+004	   -5.097787e+001
+3.116349e+004	   -5.132699e+001
+3.123372e+004	   -5.149447e+001
+3.130410e+004	   -5.176347e+001
+3.137463e+004	   -5.186939e+001
+3.144533e+004	   -5.208540e+001
+3.151619e+004	   -5.245191e+001
+3.158721e+004	   -5.272744e+001
+3.165838e+004	   -5.310133e+001
+3.172972e+004	   -5.333334e+001
+3.180122e+004	   -5.361472e+001
+3.187288e+004	   -5.387408e+001
+3.194470e+004	   -5.410066e+001
+3.201668e+004	   -5.424635e+001
+3.208883e+004	   -5.464596e+001
+3.216114e+004	   -5.494960e+001
+3.223361e+004	   -5.504942e+001
+3.230624e+004	   -5.549440e+001
+3.237904e+004	   -5.566965e+001
+3.245200e+004	   -5.579588e+001
+3.252513e+004	   -5.621235e+001
+3.259841e+004	   -5.639460e+001
+3.267187e+004	   -5.703091e+001
+3.274549e+004	   -5.727856e+001
+3.281928e+004	   -5.745198e+001
+3.289323e+004	   -5.762991e+001
+3.296735e+004	   -5.787371e+001
+3.304164e+004	   -5.820556e+001
+3.311609e+004	   -5.856881e+001
+3.319071e+004	   -5.886501e+001
+3.326551e+004	   -5.906410e+001
+3.334046e+004	   -5.921003e+001
+3.341559e+004	   -5.963481e+001
+3.349089e+004	   -5.988459e+001
+3.356636e+004	   -6.014770e+001
+3.364199e+004	   -6.049746e+001
+3.371780e+004	   -6.081423e+001
+3.379378e+004	   -6.112511e+001
+3.386993e+004	   -6.157618e+001
+3.394625e+004	   -6.173727e+001
+3.402274e+004	   -6.193814e+001
+3.409941e+004	   -6.225652e+001
+3.417625e+004	   -6.261283e+001
+3.425325e+004	   -6.295945e+001
+3.433044e+004	   -6.328927e+001
+3.440780e+004	   -6.340056e+001
+3.448533e+004	   -6.394187e+001
+3.456304e+004	   -6.416288e+001
+3.464092e+004	   -6.437158e+001
+3.471898e+004	   -6.484058e+001
+3.479721e+004	   -6.511166e+001
+3.487563e+004	   -6.542995e+001
+3.495421e+004	   -6.568018e+001
+3.503298e+004	   -6.602225e+001
+3.511192e+004	   -6.623527e+001
+3.519104e+004	   -6.656162e+001
+3.527034e+004	   -6.694054e+001
+3.534981e+004	   -6.729099e+001
+3.542946e+004	   -6.748682e+001
+3.550930e+004	   -6.803674e+001
+3.558932e+004	   -6.812311e+001
+3.566951e+004	   -6.841957e+001
+3.574989e+004	   -6.895277e+001
+3.583045e+004	   -6.920135e+001
+3.591118e+004	   -6.956756e+001
+3.599211e+004	   -6.970376e+001
+3.607321e+004	   -7.030572e+001
+3.615449e+004	   -7.041813e+001
+3.623596e+004	   -7.083236e+001
+3.631761e+004	   -7.110964e+001
+3.639945e+004	   -7.125051e+001
+3.648147e+004	   -7.175735e+001
+3.656368e+004	   -7.207533e+001
+3.664607e+004	   -7.237841e+001
+3.672864e+004	   -7.270218e+001
+3.681141e+004	   -7.288303e+001
+3.689436e+004	   -7.320744e+001
+3.697749e+004	   -7.373383e+001
+3.706081e+004	   -7.385268e+001
+3.714432e+004	   -7.446228e+001
+3.722802e+004	   -7.473823e+001
+3.731191e+004	   -7.506260e+001
+3.739599e+004	   -7.526315e+001
+3.748025e+004	   -7.552534e+001
+3.756471e+004	   -7.589222e+001
+3.764936e+004	   -7.628035e+001
+3.773420e+004	   -7.669154e+001
+3.781922e+004	   -7.686845e+001
+3.790445e+004	   -7.705412e+001
+3.798986e+004	   -7.764294e+001
+3.807546e+004	   -7.796996e+001
+3.816126e+004	   -7.805090e+001
+3.824725e+004	   -7.855103e+001
+3.833343e+004	   -7.890958e+001
+3.841981e+004	   -7.891401e+001
+3.850639e+004	   -7.942375e+001
+3.859315e+004	   -7.984446e+001
+3.868012e+004	   -8.016487e+001
+3.876728e+004	   -8.048531e+001
+3.885463e+004	   -8.082090e+001
+3.894219e+004	   -8.108870e+001
+3.902994e+004	   -8.148199e+001
+3.911789e+004	   -8.158783e+001
+3.920603e+004	   -8.202533e+001
+3.929438e+004	   -8.248791e+001
+3.938292e+004	   -8.264688e+001
+3.947166e+004	   -8.295575e+001
+3.956061e+004	   -8.316647e+001
+3.964975e+004	   -8.368709e+001
+3.973910e+004	   -8.398621e+001
+3.982864e+004	   -8.425157e+001
+3.991839e+004	   -8.467476e+001
+4.000834e+004	   -8.481349e+001
+4.009849e+004	   -8.533974e+001
+4.018885e+004	   -8.570870e+001
+4.027941e+004	   -8.578873e+001
+4.037017e+004	   -8.624297e+001
+4.046114e+004	   -8.648070e+001
+4.055231e+004	   -8.677295e+001
+4.064369e+004	   -8.703979e+001
+4.073528e+004	   -8.727092e+001
+4.082707e+004	   -8.791716e+001
+4.091907e+004	   -8.807320e+001
+4.101127e+004	   -8.837516e+001
+4.110368e+004	   -8.881379e+001
+4.119630e+004	   -8.885256e+001
+4.128913e+004	   -8.937162e+001
+4.138217e+004	   -8.969699e+001
+4.147542e+004	   -8.993866e+001
+4.156888e+004	   -9.016628e+001
+4.166255e+004	   -9.055043e+001
+4.175643e+004	   -9.077722e+001
+4.185052e+004	   -9.112650e+001
+4.194482e+004	   -9.136008e+001
+4.203934e+004	   -9.162426e+001
+4.213407e+004	   -9.212024e+001
+4.222902e+004	   -9.222813e+001
+4.232417e+004	   -9.273913e+001
+4.241954e+004	   -9.278845e+001
+4.251513e+004	   -9.304028e+001
+4.261093e+004	   -9.377377e+001
+4.270695e+004	   -9.365498e+001
+4.280318e+004	   -9.405847e+001
+4.289963e+004	   -9.439128e+001
+4.299630e+004	   -9.473571e+001
+4.309319e+004	   -9.510262e+001
+4.319029e+004	   -9.509669e+001
+4.328761e+004	   -9.558839e+001
+4.338516e+004	   -9.584394e+001
+4.348292e+004	   -9.606575e+001
+4.358090e+004	   -9.633652e+001
+4.367910e+004	   -9.666630e+001
+4.377753e+004	   -9.707268e+001
+4.387617e+004	   -9.711626e+001
+4.397504e+004	   -9.759176e+001
+4.407413e+004	   -9.755424e+001
+4.417345e+004	   -9.791956e+001
+4.427298e+004	   -9.833564e+001
+4.437275e+004	   -9.861047e+001
+4.447273e+004	   -9.890073e+001
+4.457295e+004	   -9.907034e+001
+4.467339e+004	   -9.937032e+001
+4.477405e+004	   -9.968140e+001
+4.487494e+004	   -1.001215e+002
+4.497606e+004	   -1.003011e+002
+4.507741e+004	   -1.004304e+002
+4.517898e+004	   -1.005840e+002
+4.528079e+004	   -1.010519e+002
+4.538282e+004	   -1.013066e+002
+4.548509e+004	   -1.014733e+002
+4.558758e+004	   -1.019479e+002
+4.569030e+004	   -1.021160e+002
+4.579326e+004	   -1.024431e+002
+4.589645e+004	   -1.025108e+002
+4.599987e+004	   -1.027709e+002
+4.610352e+004	   -1.031042e+002
+4.620741e+004	   -1.032668e+002
+4.631153e+004	   -1.036540e+002
+4.641589e+004	   -1.037805e+002
+4.652048e+004	   -1.040921e+002
+4.662530e+004	   -1.043507e+002
+4.673037e+004	   -1.046855e+002
+4.683567e+004	   -1.047712e+002
+4.694121e+004	   -1.049504e+002
+4.704698e+004	   -1.051495e+002
+4.715300e+004	   -1.055851e+002
+4.725925e+004	   -1.059071e+002
+4.736574e+004	   -1.060546e+002
+4.747247e+004	   -1.061742e+002
+4.757944e+004	   -1.065000e+002
+4.768666e+004	   -1.066883e+002
+4.779411e+004	   -1.070319e+002
+4.790181e+004	   -1.071935e+002
+4.800975e+004	   -1.074328e+002
+4.811793e+004	   -1.077150e+002
+4.822636e+004	   -1.079345e+002
+4.833503e+004	   -1.080709e+002
+4.844395e+004	   -1.082635e+002
+4.855311e+004	   -1.085169e+002
+4.866251e+004	   -1.087575e+002
+4.877216e+004	   -1.090117e+002
+4.888207e+004	   -1.092491e+002
+4.899221e+004	   -1.094775e+002
+4.910261e+004	   -1.097835e+002
+4.921326e+004	   -1.098564e+002
+4.932415e+004	   -1.102381e+002
+4.943530e+004	   -1.102332e+002
+4.954669e+004	   -1.104264e+002
+4.965834e+004	   -1.106264e+002
+4.977023e+004	   -1.109344e+002
+4.988239e+004	   -1.110865e+002
+4.999479e+004	   -1.113276e+002
+5.010745e+004	   -1.116616e+002
+5.022035e+004	   -1.117210e+002
+5.033352e+004	   -1.119549e+002
+5.044694e+004	   -1.122615e+002
+5.056061e+004	   -1.123126e+002
+5.067454e+004	   -1.126755e+002
+5.078873e+004	   -1.127172e+002
+5.090318e+004	   -1.130284e+002
+5.101788e+004	   -1.132214e+002
+5.113284e+004	   -1.131849e+002
+5.124806e+004	   -1.134114e+002
+5.136354e+004	   -1.138619e+002
+5.147928e+004	   -1.140752e+002
+5.159528e+004	   -1.140971e+002
+5.171154e+004	   -1.141544e+002
+5.182807e+004	   -1.145164e+002
+5.194485e+004	   -1.146985e+002
+5.206190e+004	   -1.148907e+002
+5.217922e+004	   -1.151205e+002
+5.229679e+004	   -1.155215e+002
+5.241464e+004	   -1.155728e+002
+5.253275e+004	   -1.155731e+002
+5.265112e+004	   -1.159716e+002
+5.276976e+004	   -1.159561e+002
+5.288867e+004	   -1.161733e+002
+5.300785e+004	   -1.163724e+002
+5.312729e+004	   -1.165699e+002
+5.324701e+004	   -1.166957e+002
+5.336699e+004	   -1.168584e+002
+5.348725e+004	   -1.170785e+002
+5.360777e+004	   -1.173060e+002
+5.372857e+004	   -1.175748e+002
+5.384964e+004	   -1.176397e+002
+5.397098e+004	   -1.177190e+002
+5.409260e+004	   -1.177908e+002
+5.421448e+004	   -1.182211e+002
+5.433665e+004	   -1.183376e+002
+5.445909e+004	   -1.184093e+002
+5.458180e+004	   -1.186163e+002
+5.470480e+004	   -1.187363e+002
+5.482807e+004	   -1.189387e+002
+5.495161e+004	   -1.191043e+002
+5.507544e+004	   -1.190534e+002
+5.519954e+004	   -1.193853e+002
+5.532393e+004	   -1.195575e+002
+5.544859e+004	   -1.196803e+002
+5.557354e+004	   -1.197872e+002
+5.569876e+004	   -1.199198e+002
+5.582427e+004	   -1.202505e+002
+5.595006e+004	   -1.203010e+002
+5.607614e+004	   -1.204616e+002
+5.620250e+004	   -1.206698e+002
+5.632914e+004	   -1.207844e+002
+5.645607e+004	   -1.209948e+002
+5.658329e+004	   -1.211417e+002
+5.671079e+004	   -1.212933e+002
+5.683858e+004	   -1.212642e+002
+5.696666e+004	   -1.214967e+002
+5.709502e+004	   -1.218291e+002
+5.722368e+004	   -1.219605e+002
+5.735262e+004	   -1.220121e+002
+5.748186e+004	   -1.220253e+002
+5.761138e+004	   -1.222510e+002
+5.774120e+004	   -1.222895e+002
+5.787131e+004	   -1.226078e+002
+5.800172e+004	   -1.227013e+002
+5.813242e+004	   -1.227908e+002
+5.826341e+004	   -1.228550e+002
+5.839470e+004	   -1.229888e+002
+5.852628e+004	   -1.231252e+002
+5.865816e+004	   -1.233195e+002
+5.879034e+004	   -1.235873e+002
+5.892281e+004	   -1.237749e+002
+5.905559e+004	   -1.236645e+002
+5.918866e+004	   -1.239933e+002
+5.932204e+004	   -1.240883e+002
+5.945571e+004	   -1.240210e+002
+5.958968e+004	   -1.242915e+002
+5.972396e+004	   -1.243605e+002
+5.985854e+004	   -1.246780e+002
+5.999342e+004	   -1.245903e+002
+6.012861e+004	   -1.248294e+002
+6.026410e+004	   -1.249278e+002
+6.039989e+004	   -1.250575e+002
+6.053600e+004	   -1.249514e+002
+6.067240e+004	   -1.253267e+002
+6.080912e+004	   -1.254646e+002
+6.094614e+004	   -1.256507e+002
+6.108348e+004	   -1.255790e+002
+6.122112e+004	   -1.256815e+002
+6.135907e+004	   -1.258607e+002
+6.149734e+004	   -1.260170e+002
+6.163591e+004	   -1.261022e+002
+6.177480e+004	   -1.261172e+002
+6.191400e+004	   -1.262498e+002
+6.205351e+004	   -1.266903e+002
+6.219334e+004	   -1.267596e+002
+6.233348e+004	   -1.265890e+002
+6.247395e+004	   -1.267373e+002
+6.261472e+004	   -1.269495e+002
+6.275581e+004	   -1.269881e+002
+6.289722e+004	   -1.270137e+002
+6.303895e+004	   -1.272007e+002
+6.318100e+004	   -1.273664e+002
+6.332337e+004	   -1.274658e+002
+6.346606e+004	   -1.275067e+002
+6.360907e+004	   -1.277203e+002
+6.375241e+004	   -1.277436e+002
+6.389606e+004	   -1.279794e+002
+6.404004e+004	   -1.279726e+002
+6.418435e+004	   -1.280317e+002
+6.432898e+004	   -1.280439e+002
+6.447393e+004	   -1.283792e+002
+6.461921e+004	   -1.284793e+002
+6.476482e+004	   -1.287878e+002
+6.491076e+004	   -1.287135e+002
+6.505703e+004	   -1.288128e+002
+6.520363e+004	   -1.289443e+002
+6.535055e+004	   -1.289931e+002
+6.549781e+004	   -1.289753e+002
+6.564540e+004	   -1.291768e+002
+6.579332e+004	   -1.291568e+002
+6.594158e+004	   -1.295070e+002
+6.609016e+004	   -1.294809e+002
+6.623909e+004	   -1.298896e+002
+6.638835e+004	   -1.298451e+002
+6.653795e+004	   -1.299079e+002
+6.668788e+004	   -1.299218e+002
+6.683816e+004	   -1.299044e+002
+6.698877e+004	   -1.301161e+002
+6.713971e+004	   -1.301557e+002
+6.729100e+004	   -1.303510e+002
+6.744263e+004	   -1.303404e+002
+6.759460e+004	   -1.303976e+002
+6.774691e+004	   -1.306476e+002
+6.789958e+004	   -1.306983e+002
+6.805258e+004	   -1.307179e+002
+6.820592e+004	   -1.308856e+002
+6.835962e+004	   -1.308672e+002
+6.851366e+004	   -1.309972e+002
+6.866804e+004	   -1.311955e+002
+6.882277e+004	   -1.312462e+002
+6.897785e+004	   -1.313645e+002
+6.913328e+004	   -1.313701e+002
+6.928907e+004	   -1.316533e+002
+6.944520e+004	   -1.315723e+002
+6.960169e+004	   -1.315598e+002
+6.975852e+004	   -1.318017e+002
+6.991571e+004	   -1.320088e+002
+7.007326e+004	   -1.319349e+002
+7.023116e+004	   -1.319371e+002
+7.038941e+004	   -1.320732e+002
+7.054802e+004	   -1.321510e+002
+7.070699e+004	   -1.323486e+002
+7.086632e+004	   -1.324337e+002
+7.102601e+004	   -1.326084e+002
+7.118605e+004	   -1.326984e+002
+7.134646e+004	   -1.325854e+002
+7.150723e+004	   -1.327173e+002
+7.166836e+004	   -1.329335e+002
+7.182985e+004	   -1.329534e+002
+7.199171e+004	   -1.330011e+002
+7.215394e+004	   -1.328019e+002
+7.231652e+004	   -1.329912e+002
+7.247948e+004	   -1.331698e+002
+7.264280e+004	   -1.330692e+002
+7.280649e+004	   -1.333455e+002
+7.297055e+004	   -1.336664e+002
+7.313498e+004	   -1.334653e+002
+7.329977e+004	   -1.335044e+002
+7.346495e+004	   -1.337113e+002
+7.363048e+004	   -1.337520e+002
+7.379641e+004	   -1.337239e+002
+7.396270e+004	   -1.337537e+002
+7.412936e+004	   -1.340939e+002
+7.429640e+004	   -1.340145e+002
+7.446381e+004	   -1.340298e+002
+7.463160e+004	   -1.343525e+002
+7.479977e+004	   -1.343155e+002
+7.496833e+004	   -1.345104e+002
+7.513726e+004	   -1.343078e+002
+7.530656e+004	   -1.344722e+002
+7.547626e+004	   -1.347263e+002
+7.564634e+004	   -1.345838e+002
+7.581679e+004	   -1.346282e+002
+7.598763e+004	   -1.347926e+002
+7.615886e+004	   -1.348311e+002
+7.633047e+004	   -1.347939e+002
+7.650247e+004	   -1.351091e+002
+7.667486e+004	   -1.352086e+002
+7.684763e+004	   -1.353659e+002
+7.702080e+004	   -1.352767e+002
+7.719435e+004	   -1.353267e+002
+7.736830e+004	   -1.354400e+002
+7.754264e+004	   -1.353799e+002
+7.771737e+004	   -1.356184e+002
+7.789249e+004	   -1.357193e+002
+7.806801e+004	   -1.358879e+002
+7.824393e+004	   -1.357553e+002
+7.842023e+004	   -1.358898e+002
+7.859695e+004	   -1.360558e+002
+7.877405e+004	   -1.360317e+002
+7.895155e+004	   -1.358381e+002
+7.912946e+004	   -1.360531e+002
+7.930777e+004	   -1.359793e+002
+7.948648e+004	   -1.362084e+002
+7.966559e+004	   -1.363831e+002
+7.984510e+004	   -1.362291e+002
+8.002502e+004	   -1.366939e+002
+8.020534e+004	   -1.365815e+002
+8.038608e+004	   -1.366448e+002
+8.056722e+004	   -1.367121e+002
+8.074877e+004	   -1.367890e+002
+8.093072e+004	   -1.369305e+002
+8.111309e+004	   -1.368753e+002
+8.129586e+004	   -1.370065e+002
+8.147905e+004	   -1.369884e+002
+8.166265e+004	   -1.368680e+002
+8.184666e+004	   -1.373170e+002
+8.203109e+004	   -1.370178e+002
+8.221594e+004	   -1.372677e+002
+8.240120e+004	   -1.371559e+002
+8.258688e+004	   -1.373452e+002
+8.277298e+004	   -1.374918e+002
+8.295949e+004	   -1.375827e+002
+8.314643e+004	   -1.374824e+002
+8.333379e+004	   -1.375536e+002
+8.352157e+004	   -1.376155e+002
+8.370977e+004	   -1.378870e+002
+8.389840e+004	   -1.378824e+002
+8.408745e+004	   -1.378304e+002
+8.427693e+004	   -1.380234e+002
+8.446684e+004	   -1.379370e+002
+8.465716e+004	   -1.382832e+002
+8.484793e+004	   -1.380781e+002
+8.503913e+004	   -1.382278e+002
+8.523074e+004	   -1.383532e+002
+8.542280e+004	   -1.382138e+002
+8.561529e+004	   -1.384100e+002
+8.580821e+004	   -1.385141e+002
+8.600156e+004	   -1.385390e+002
+8.619536e+004	   -1.386024e+002
+8.638959e+004	   -1.386108e+002
+8.658425e+004	   -1.388203e+002
+8.677936e+004	   -1.388329e+002
+8.697490e+004	   -1.387222e+002
+8.717088e+004	   -1.391263e+002
+8.736731e+004	   -1.389017e+002
+8.756418e+004	   -1.392525e+002
+8.776149e+004	   -1.392053e+002
+8.795925e+004	   -1.393075e+002
+8.815745e+004	   -1.391633e+002
+8.835610e+004	   -1.394151e+002
+8.855520e+004	   -1.392254e+002
+8.875475e+004	   -1.394043e+002
+8.895474e+004	   -1.394443e+002
+8.915519e+004	   -1.394389e+002
+8.935609e+004	   -1.394940e+002
+8.955744e+004	   -1.397032e+002
+8.975924e+004	   -1.394829e+002
+8.996150e+004	   -1.397772e+002
+9.016422e+004	   -1.396031e+002
+9.036739e+004	   -1.398891e+002
+9.057102e+004	   -1.398329e+002
+9.077511e+004	   -1.400374e+002
+9.097966e+004	   -1.400828e+002
+9.118466e+004	   -1.402308e+002
+9.139013e+004	   -1.402263e+002
+9.159607e+004	   -1.401380e+002
+9.180247e+004	   -1.403050e+002
+9.200933e+004	   -1.402690e+002
+9.221666e+004	   -1.405301e+002
+9.242445e+004	   -1.401768e+002
+9.263272e+004	   -1.403558e+002
+9.284145e+004	   -1.404076e+002
+9.305066e+004	   -1.403347e+002
+9.326034e+004	   -1.404530e+002
+9.347048e+004	   -1.406976e+002
+9.368110e+004	   -1.405706e+002
+9.389220e+004	   -1.408248e+002
+9.410377e+004	   -1.410193e+002
+9.431582e+004	   -1.406963e+002
+9.452835e+004	   -1.408774e+002
+9.474135e+004	   -1.411162e+002
+9.495484e+004	   -1.411415e+002
+9.516880e+004	   -1.411983e+002
+9.538326e+004	   -1.412445e+002
+9.559819e+004	   -1.411050e+002
+9.581360e+004	   -1.411216e+002
+9.602951e+004	   -1.411659e+002
+9.624589e+004	   -1.414471e+002
+9.646277e+004	   -1.412883e+002
+9.668013e+004	   -1.414862e+002
+9.689798e+004	   -1.417034e+002
+9.711634e+004	   -1.412716e+002
+9.733517e+004	   -1.417937e+002
+9.755450e+004	   -1.418217e+002
+9.777433e+004	   -1.416532e+002
+9.799465e+004	   -1.417617e+002
+9.821546e+004	   -1.416808e+002
+9.843677e+004	   -1.418562e+002
+9.865859e+004	   -1.421691e+002
+9.888090e+004	   -1.420557e+002
+9.910371e+004	   -1.421088e+002
+9.932703e+004	   -1.421106e+002
+9.955085e+004	   -1.421543e+002
+9.977517e+004	   -1.419371e+002
+1.000000e+005	   -1.421174e+002
