+1.000000e+003	   +6.005053e+001
+1.002253e+003	   +6.004621e+001
+1.004512e+003	   +6.005045e+001
+1.006775e+003	   +6.004751e+001
+1.009044e+003	   +6.005156e+001
+1.011318e+003	   +6.005085e+001
+1.013596e+003	   +6.005503e+001
+1.015880e+003	   +6.003482e+001
+1.018170e+003	   +6.005538e+001
+1.020464e+003	   +6.008418e+001
+1.022763e+003	   +6.004691e+001
+1.025068e+003	   +6.005270e+001
+1.027378e+003	   +6.003782e+001
+1.029693e+003	   +6.004662e+001
+1.032013e+003	   +6.005378e+001
+1.034339e+003	   +6.002996e+001
+1.036669e+003	   +6.004686e+001
+1.039005e+003	   +6.006167e+001
+1.041347e+003	   +6.005923e+001
+1.043693e+003	   +6.005804e+001
+1.046045e+003	   +6.003522e+001
+1.048402e+003	   +6.005747e+001
+1.050764e+003	   +6.005000e+001
+1.053132e+003	   +6.005383e+001
+1.055505e+003	   +6.006017e+001
+1.057884e+003	   +6.004461e+001
+1.060267e+003	   +6.005911e+001
+1.062657e+003	   +6.004245e+001
+1.065051e+003	   +6.004561e+001
+1.067451e+003	   +6.006357e+001
+1.069856e+003	   +6.005620e+001
+1.072267e+003	   +6.004189e+001
+1.074683e+003	   +6.004808e+001
+1.077105e+003	   +6.004315e+001
+1.079532e+003	   +6.004842e+001
+1.081965e+003	   +6.005248e+001
+1.084403e+003	   +6.005391e+001
+1.086846e+003	   +6.004248e+001
+1.089295e+003	   +6.004247e+001
+1.091750e+003	   +6.005975e+001
+1.094210e+003	   +6.004758e+001
+1.096676e+003	   +6.005121e+001
+1.099147e+003	   +6.003790e+001
+1.101624e+003	   +6.005509e+001
+1.104106e+003	   +6.005500e+001
+1.106594e+003	   +6.004134e+001
+1.109087e+003	   +6.006848e+001
+1.111587e+003	   +6.003994e+001
+1.114091e+003	   +6.005848e+001
+1.116602e+003	   +6.005756e+001
+1.119118e+003	   +6.004985e+001
+1.121640e+003	   +6.004427e+001
+1.124167e+003	   +6.005239e+001
+1.126700e+003	   +6.006501e+001
+1.129239e+003	   +6.005925e+001
+1.131784e+003	   +6.005873e+001
+1.134334e+003	   +6.005251e+001
+1.136890e+003	   +6.005756e+001
+1.139452e+003	   +6.007003e+001
+1.142020e+003	   +6.005709e+001
+1.144593e+003	   +6.004616e+001
+1.147172e+003	   +6.006449e+001
+1.149757e+003	   +6.002866e+001
+1.152348e+003	   +6.007007e+001
+1.154944e+003	   +6.006091e+001
+1.157547e+003	   +6.005309e+001
+1.160155e+003	   +6.003893e+001
+1.162770e+003	   +6.005153e+001
+1.165390e+003	   +6.002434e+001
+1.168016e+003	   +6.005461e+001
+1.170648e+003	   +6.004688e+001
+1.173286e+003	   +6.004609e+001
+1.175929e+003	   +6.003994e+001
+1.178579e+003	   +6.005218e+001
+1.181235e+003	   +6.004472e+001
+1.183897e+003	   +6.006486e+001
+1.186564e+003	   +6.006356e+001
+1.189238e+003	   +6.004876e+001
+1.191918e+003	   +6.006420e+001
+1.194604e+003	   +6.005013e+001
+1.197296e+003	   +6.004682e+001
+1.199994e+003	   +6.005859e+001
+1.202698e+003	   +6.005069e+001
+1.205408e+003	   +6.003201e+001
+1.208124e+003	   +6.005441e+001
+1.210846e+003	   +6.005270e+001
+1.213575e+003	   +6.004998e+001
+1.216309e+003	   +6.004445e+001
+1.219050e+003	   +6.005110e+001
+1.221797e+003	   +6.005083e+001
+1.224550e+003	   +6.004617e+001
+1.227309e+003	   +6.004979e+001
+1.230075e+003	   +6.004551e+001
+1.232847e+003	   +6.006064e+001
+1.235625e+003	   +6.005229e+001
+1.238409e+003	   +6.004595e+001
+1.241200e+003	   +6.003955e+001
+1.243996e+003	   +6.004824e+001
+1.246800e+003	   +6.005233e+001
+1.249609e+003	   +6.002890e+001
+1.252425e+003	   +6.006797e+001
+1.255247e+003	   +6.005252e+001
+1.258076e+003	   +6.007075e+001
+1.260911e+003	   +6.005989e+001
+1.263752e+003	   +6.007024e+001
+1.266599e+003	   +6.003547e+001
+1.269453e+003	   +6.004261e+001
+1.272314e+003	   +6.005101e+001
+1.275181e+003	   +6.004922e+001
+1.278054e+003	   +6.005197e+001
+1.280934e+003	   +6.002906e+001
+1.283821e+003	   +6.005032e+001
+1.286714e+003	   +6.004258e+001
+1.289613e+003	   +6.004646e+001
+1.292519e+003	   +6.004077e+001
+1.295432e+003	   +6.004858e+001
+1.298351e+003	   +6.003917e+001
+1.301276e+003	   +6.004158e+001
+1.304208e+003	   +6.003115e+001
+1.307147e+003	   +6.003542e+001
+1.310093e+003	   +6.006100e+001
+1.313045e+003	   +6.002546e+001
+1.316004e+003	   +6.005121e+001
+1.318969e+003	   +6.003316e+001
+1.321941e+003	   +6.007422e+001
+1.324920e+003	   +6.006705e+001
+1.327905e+003	   +6.004771e+001
+1.330898e+003	   +6.004951e+001
+1.333897e+003	   +6.004668e+001
+1.336902e+003	   +6.004057e+001
+1.339915e+003	   +6.004844e+001
+1.342934e+003	   +6.004062e+001
+1.345960e+003	   +6.005858e+001
+1.348993e+003	   +6.005412e+001
+1.352033e+003	   +6.005658e+001
+1.355080e+003	   +6.004392e+001
+1.358133e+003	   +6.004655e+001
+1.361193e+003	   +6.005147e+001
+1.364261e+003	   +6.007435e+001
+1.367335e+003	   +6.004514e+001
+1.370416e+003	   +6.005495e+001
+1.373504e+003	   +6.004197e+001
+1.376599e+003	   +6.005939e+001
+1.379701e+003	   +6.006173e+001
+1.382810e+003	   +6.007422e+001
+1.385926e+003	   +6.004410e+001
+1.389049e+003	   +6.006317e+001
+1.392179e+003	   +6.006046e+001
+1.395316e+003	   +6.004005e+001
+1.398460e+003	   +6.006365e+001
+1.401611e+003	   +6.005323e+001
+1.404770e+003	   +6.005355e+001
+1.407935e+003	   +6.006229e+001
+1.411108e+003	   +6.004759e+001
+1.414287e+003	   +6.005854e+001
+1.417474e+003	   +6.004758e+001
+1.420668e+003	   +6.005502e+001
+1.423870e+003	   +6.004916e+001
+1.427078e+003	   +6.006432e+001
+1.430294e+003	   +6.005954e+001
+1.433517e+003	   +6.004018e+001
+1.436747e+003	   +6.005906e+001
+1.439984e+003	   +6.005137e+001
+1.443229e+003	   +6.005803e+001
+1.446481e+003	   +6.006100e+001
+1.449741e+003	   +6.004742e+001
+1.453007e+003	   +6.003578e+001
+1.456282e+003	   +6.005681e+001
+1.459563e+003	   +6.003421e+001
+1.462852e+003	   +6.005707e+001
+1.466148e+003	   +6.004605e+001
+1.469452e+003	   +6.005498e+001
+1.472763e+003	   +6.005001e+001
+1.476082e+003	   +6.006326e+001
+1.479408e+003	   +6.005784e+001
+1.482742e+003	   +6.003846e+001
+1.486083e+003	   +6.006304e+001
+1.489432e+003	   +6.005574e+001
+1.492788e+003	   +6.004923e+001
+1.496151e+003	   +6.002526e+001
+1.499523e+003	   +6.008601e+001
+1.502902e+003	   +6.006248e+001
+1.506288e+003	   +6.004725e+001
+1.509682e+003	   +6.006670e+001
+1.513084e+003	   +6.005228e+001
+1.516494e+003	   +6.005456e+001
+1.519911e+003	   +6.004457e+001
+1.523336e+003	   +6.005863e+001
+1.526769e+003	   +6.005145e+001
+1.530209e+003	   +6.005466e+001
+1.533657e+003	   +6.005626e+001
+1.537113e+003	   +6.005767e+001
+1.540577e+003	   +6.004631e+001
+1.544048e+003	   +6.005046e+001
+1.547527e+003	   +6.004401e+001
+1.551014e+003	   +6.005379e+001
+1.554509e+003	   +6.004140e+001
+1.558012e+003	   +6.005457e+001
+1.561523e+003	   +6.005341e+001
+1.565042e+003	   +6.006737e+001
+1.568568e+003	   +6.004963e+001
+1.572103e+003	   +6.007743e+001
+1.575645e+003	   +6.005909e+001
+1.579196e+003	   +6.005775e+001
+1.582754e+003	   +6.005889e+001
+1.586321e+003	   +6.005482e+001
+1.589895e+003	   +6.004203e+001
+1.593478e+003	   +6.005667e+001
+1.597069e+003	   +6.003968e+001
+1.600667e+003	   +6.005367e+001
+1.604274e+003	   +6.005332e+001
+1.607889e+003	   +6.004203e+001
+1.611512e+003	   +6.004620e+001
+1.615144e+003	   +6.004710e+001
+1.618783e+003	   +6.005654e+001
+1.622431e+003	   +6.006953e+001
+1.626087e+003	   +6.003904e+001
+1.629751e+003	   +6.006932e+001
+1.633423e+003	   +6.004343e+001
+1.637104e+003	   +6.005727e+001
+1.640793e+003	   +6.003392e+001
+1.644490e+003	   +6.005648e+001
+1.648196e+003	   +6.005073e+001
+1.651910e+003	   +6.005549e+001
+1.655632e+003	   +6.005612e+001
+1.659363e+003	   +6.004935e+001
+1.663102e+003	   +6.006102e+001
+1.666849e+003	   +6.006055e+001
+1.670605e+003	   +6.004819e+001
+1.674370e+003	   +6.005886e+001
+1.678143e+003	   +6.004046e+001
+1.681924e+003	   +6.007573e+001
+1.685714e+003	   +6.003269e+001
+1.689513e+003	   +6.005736e+001
+1.693320e+003	   +6.003658e+001
+1.697135e+003	   +6.005269e+001
+1.700960e+003	   +6.005144e+001
+1.704793e+003	   +6.003568e+001
+1.708634e+003	   +6.003939e+001
+1.712484e+003	   +6.006318e+001
+1.716343e+003	   +6.006297e+001
+1.720211e+003	   +6.005622e+001
+1.724087e+003	   +6.005808e+001
+1.727972e+003	   +6.007081e+001
+1.731866e+003	   +6.006030e+001
+1.735768e+003	   +6.005664e+001
+1.739679e+003	   +6.003598e+001
+1.743599e+003	   +6.006744e+001
+1.747528e+003	   +6.005120e+001
+1.751466e+003	   +6.004578e+001
+1.755413e+003	   +6.003789e+001
+1.759368e+003	   +6.005272e+001
+1.763333e+003	   +6.004847e+001
+1.767306e+003	   +6.006681e+001
+1.771289e+003	   +6.005996e+001
+1.775280e+003	   +6.007843e+001
+1.779280e+003	   +6.004445e+001
+1.783290e+003	   +6.005492e+001
+1.787308e+003	   +6.006002e+001
+1.791335e+003	   +6.005548e+001
+1.795372e+003	   +6.004893e+001
+1.799418e+003	   +6.004021e+001
+1.803472e+003	   +6.006088e+001
+1.807536e+003	   +6.002951e+001
+1.811609e+003	   +6.004016e+001
+1.815691e+003	   +6.004364e+001
+1.819783e+003	   +6.005480e+001
+1.823883e+003	   +6.004887e+001
+1.827993e+003	   +6.007937e+001
+1.832112e+003	   +6.007104e+001
+1.836241e+003	   +6.004850e+001
+1.840378e+003	   +6.005304e+001
+1.844526e+003	   +6.005573e+001
+1.848682e+003	   +6.004976e+001
+1.852848e+003	   +6.003809e+001
+1.857023e+003	   +6.006632e+001
+1.861207e+003	   +6.005536e+001
+1.865401e+003	   +6.006382e+001
+1.869604e+003	   +6.005981e+001
+1.873817e+003	   +6.006461e+001
+1.878040e+003	   +6.004453e+001
+1.882272e+003	   +6.006095e+001
+1.886513e+003	   +6.007359e+001
+1.890764e+003	   +6.004988e+001
+1.895025e+003	   +6.005224e+001
+1.899295e+003	   +6.006322e+001
+1.903575e+003	   +6.007175e+001
+1.907864e+003	   +6.004491e+001
+1.912163e+003	   +6.006499e+001
+1.916472e+003	   +6.003546e+001
+1.920790e+003	   +6.007426e+001
+1.925119e+003	   +6.008200e+001
+1.929457e+003	   +6.005307e+001
+1.933804e+003	   +6.005048e+001
+1.938162e+003	   +6.005416e+001
+1.942529e+003	   +6.005776e+001
+1.946906e+003	   +6.007705e+001
+1.951293e+003	   +6.005274e+001
+1.955690e+003	   +6.006067e+001
+1.960097e+003	   +6.006953e+001
+1.964514e+003	   +6.007878e+001
+1.968941e+003	   +6.006585e+001
+1.973377e+003	   +6.006657e+001
+1.977824e+003	   +6.007076e+001
+1.982281e+003	   +6.007006e+001
+1.986748e+003	   +6.006669e+001
+1.991224e+003	   +6.006273e+001
+1.995711e+003	   +6.005704e+001
+2.000208e+003	   +6.004707e+001
+2.004716e+003	   +6.005286e+001
+2.009233e+003	   +6.005358e+001
+2.013760e+003	   +6.007195e+001
+2.018298e+003	   +6.004052e+001
+2.022846e+003	   +6.007629e+001
+2.027404e+003	   +6.006136e+001
+2.031973e+003	   +6.004206e+001
+2.036552e+003	   +6.005257e+001
+2.041141e+003	   +6.005574e+001
+2.045740e+003	   +6.007999e+001
+2.050350e+003	   +6.007911e+001
+2.054970e+003	   +6.007130e+001
+2.059601e+003	   +6.006312e+001
+2.064241e+003	   +6.004726e+001
+2.068893e+003	   +6.007575e+001
+2.073555e+003	   +6.005591e+001
+2.078227e+003	   +6.005841e+001
+2.082910e+003	   +6.005673e+001
+2.087604e+003	   +6.005906e+001
+2.092308e+003	   +6.006386e+001
+2.097023e+003	   +6.007007e+001
+2.101748e+003	   +6.006014e+001
+2.106484e+003	   +6.006375e+001
+2.111231e+003	   +6.004594e+001
+2.115988e+003	   +6.006666e+001
+2.120756e+003	   +6.007509e+001
+2.125535e+003	   +6.005347e+001
+2.130324e+003	   +6.006800e+001
+2.135125e+003	   +6.005643e+001
+2.139936e+003	   +6.005660e+001
+2.144758e+003	   +6.006035e+001
+2.149591e+003	   +6.005888e+001
+2.154435e+003	   +6.006050e+001
+2.159289e+003	   +6.004108e+001
+2.164155e+003	   +6.008012e+001
+2.169032e+003	   +6.005416e+001
+2.173919e+003	   +6.005210e+001
+2.178818e+003	   +6.005396e+001
+2.183728e+003	   +6.006169e+001
+2.188648e+003	   +6.008445e+001
+2.193580e+003	   +6.008386e+001
+2.198523e+003	   +6.006092e+001
+2.203477e+003	   +6.006365e+001
+2.208442e+003	   +6.005450e+001
+2.213418e+003	   +6.006694e+001
+2.218406e+003	   +6.007140e+001
+2.223405e+003	   +6.008596e+001
+2.228415e+003	   +6.007080e+001
+2.233437e+003	   +6.007766e+001
+2.238469e+003	   +6.005754e+001
+2.243513e+003	   +6.005154e+001
+2.248569e+003	   +6.006687e+001
+2.253635e+003	   +6.006457e+001
+2.258714e+003	   +6.006515e+001
+2.263803e+003	   +6.004820e+001
+2.268905e+003	   +6.006152e+001
+2.274017e+003	   +6.006971e+001
+2.279141e+003	   +6.005411e+001
+2.284277e+003	   +6.005486e+001
+2.289424e+003	   +6.006827e+001
+2.294583e+003	   +6.006772e+001
+2.299754e+003	   +6.005106e+001
+2.304936e+003	   +6.006221e+001
+2.310130e+003	   +6.009856e+001
+2.315335e+003	   +6.006743e+001
+2.320552e+003	   +6.006249e+001
+2.325781e+003	   +6.007536e+001
+2.331022e+003	   +6.007141e+001
+2.336275e+003	   +6.005993e+001
+2.341539e+003	   +6.005292e+001
+2.346816e+003	   +6.006824e+001
+2.352104e+003	   +6.006720e+001
+2.357404e+003	   +6.005173e+001
+2.362716e+003	   +6.007764e+001
+2.368040e+003	   +6.008326e+001
+2.373376e+003	   +6.009264e+001
+2.378724e+003	   +6.004911e+001
+2.384084e+003	   +6.006857e+001
+2.389457e+003	   +6.007420e+001
+2.394841e+003	   +6.005425e+001
+2.400237e+003	   +6.006480e+001
+2.405646e+003	   +6.006025e+001
+2.411066e+003	   +6.006314e+001
+2.416500e+003	   +6.007870e+001
+2.421945e+003	   +6.005296e+001
+2.427402e+003	   +6.005045e+001
+2.432872e+003	   +6.006477e+001
+2.438354e+003	   +6.008487e+001
+2.443849e+003	   +6.007430e+001
+2.449355e+003	   +6.003866e+001
+2.454875e+003	   +6.007350e+001
+2.460406e+003	   +6.007416e+001
+2.465950e+003	   +6.005030e+001
+2.471507e+003	   +6.006069e+001
+2.477076e+003	   +6.006441e+001
+2.482658e+003	   +6.009250e+001
+2.488252e+003	   +6.006720e+001
+2.493859e+003	   +6.006412e+001
+2.499479e+003	   +6.009379e+001
+2.505111e+003	   +6.009192e+001
+2.510756e+003	   +6.007381e+001
+2.516414e+003	   +6.007144e+001
+2.522084e+003	   +6.007954e+001
+2.527767e+003	   +6.008716e+001
+2.533463e+003	   +6.006335e+001
+2.539172e+003	   +6.005208e+001
+2.544893e+003	   +6.007230e+001
+2.550628e+003	   +6.006178e+001
+2.556375e+003	   +6.007043e+001
+2.562136e+003	   +6.003160e+001
+2.567909e+003	   +6.004128e+001
+2.573696e+003	   +6.005617e+001
+2.579495e+003	   +6.006229e+001
+2.585308e+003	   +6.007008e+001
+2.591133e+003	   +6.006778e+001
+2.596972e+003	   +6.004986e+001
+2.602824e+003	   +6.005353e+001
+2.608689e+003	   +6.008490e+001
+2.614567e+003	   +6.007021e+001
+2.620459e+003	   +6.005798e+001
+2.626364e+003	   +6.008059e+001
+2.632282e+003	   +6.006767e+001
+2.638213e+003	   +6.007296e+001
+2.644158e+003	   +6.007973e+001
+2.650116e+003	   +6.008288e+001
+2.656088e+003	   +6.004823e+001
+2.662073e+003	   +6.006376e+001
+2.668072e+003	   +6.010023e+001
+2.674083e+003	   +6.004057e+001
+2.680109e+003	   +6.005569e+001
+2.686148e+003	   +6.008133e+001
+2.692201e+003	   +6.010228e+001
+2.698268e+003	   +6.006217e+001
+2.704348e+003	   +6.011068e+001
+2.710442e+003	   +6.007223e+001
+2.716549e+003	   +6.005975e+001
+2.722671e+003	   +6.005318e+001
+2.728806e+003	   +6.005508e+001
+2.734955e+003	   +6.007050e+001
+2.741118e+003	   +6.008694e+001
+2.747294e+003	   +6.008576e+001
+2.753485e+003	   +6.007840e+001
+2.759689e+003	   +6.007979e+001
+2.765908e+003	   +6.009087e+001
+2.772141e+003	   +6.010947e+001
+2.778387e+003	   +6.007719e+001
+2.784648e+003	   +6.004249e+001
+2.790923e+003	   +6.009496e+001
+2.797212e+003	   +6.006206e+001
+2.803515e+003	   +6.007686e+001
+2.809832e+003	   +6.009782e+001
+2.816164e+003	   +6.005268e+001
+2.822509e+003	   +6.005878e+001
+2.828869e+003	   +6.006592e+001
+2.835244e+003	   +6.007375e+001
+2.841633e+003	   +6.008723e+001
+2.848036e+003	   +6.007908e+001
+2.854454e+003	   +6.008646e+001
+2.860885e+003	   +6.008331e+001
+2.867332e+003	   +6.007946e+001
+2.873793e+003	   +6.009011e+001
+2.880269e+003	   +6.008880e+001
+2.886759e+003	   +6.006338e+001
+2.893264e+003	   +6.008512e+001
+2.899784e+003	   +6.008242e+001
+2.906318e+003	   +6.005861e+001
+2.912867e+003	   +6.007217e+001
+2.919430e+003	   +6.006195e+001
+2.926009e+003	   +6.008163e+001
+2.932602e+003	   +6.007287e+001
+2.939210e+003	   +6.007053e+001
+2.945833e+003	   +6.007684e+001
+2.952472e+003	   +6.007896e+001
+2.959125e+003	   +6.009557e+001
+2.965792e+003	   +6.008640e+001
+2.972476e+003	   +6.008659e+001
+2.979174e+003	   +6.007980e+001
+2.985887e+003	   +6.008768e+001
+2.992615e+003	   +6.009169e+001
+2.999358e+003	   +6.009760e+001
+3.006117e+003	   +6.007833e+001
+3.012891e+003	   +6.008654e+001
+3.019680e+003	   +6.008478e+001
+3.026484e+003	   +6.008362e+001
+3.033304e+003	   +6.008599e+001
+3.040139e+003	   +6.010833e+001
+3.046990e+003	   +6.008433e+001
+3.053855e+003	   +6.009660e+001
+3.060737e+003	   +6.009931e+001
+3.067634e+003	   +6.007401e+001
+3.074546e+003	   +6.008133e+001
+3.081474e+003	   +6.008030e+001
+3.088418e+003	   +6.009214e+001
+3.095377e+003	   +6.006640e+001
+3.102352e+003	   +6.007619e+001
+3.109343e+003	   +6.009023e+001
+3.116349e+003	   +6.009009e+001
+3.123372e+003	   +6.008802e+001
+3.130410e+003	   +6.009755e+001
+3.137464e+003	   +6.011745e+001
+3.144533e+003	   +6.010393e+001
+3.151619e+003	   +6.011021e+001
+3.158721e+003	   +6.008168e+001
+3.165839e+003	   +6.008250e+001
+3.172972e+003	   +6.007572e+001
+3.180122e+003	   +6.007869e+001
+3.187288e+003	   +6.009024e+001
+3.194470e+003	   +6.008724e+001
+3.201668e+003	   +6.009702e+001
+3.208883e+003	   +6.008690e+001
+3.216114e+003	   +6.011199e+001
+3.223361e+003	   +6.009340e+001
+3.230624e+003	   +6.010192e+001
+3.237904e+003	   +6.008775e+001
+3.245200e+003	   +6.009379e+001
+3.252512e+003	   +6.007430e+001
+3.259842e+003	   +6.007651e+001
+3.267187e+003	   +6.010386e+001
+3.274549e+003	   +6.011295e+001
+3.281928e+003	   +6.008340e+001
+3.289323e+003	   +6.009771e+001
+3.296735e+003	   +6.009188e+001
+3.304164e+003	   +6.008263e+001
+3.311609e+003	   +6.007667e+001
+3.319072e+003	   +6.008367e+001
+3.326551e+003	   +6.007629e+001
+3.334046e+003	   +6.012370e+001
+3.341559e+003	   +6.009407e+001
+3.349089e+003	   +6.012231e+001
+3.356636e+003	   +6.007814e+001
+3.364199e+003	   +6.009227e+001
+3.371780e+003	   +6.011720e+001
+3.379378e+003	   +6.010187e+001
+3.386993e+003	   +6.012523e+001
+3.394625e+003	   +6.009620e+001
+3.402274e+003	   +6.010866e+001
+3.409941e+003	   +6.008649e+001
+3.417625e+003	   +6.009644e+001
+3.425326e+003	   +6.008012e+001
+3.433044e+003	   +6.008926e+001
+3.440780e+003	   +6.009548e+001
+3.448533e+003	   +6.010319e+001
+3.456304e+003	   +6.004425e+001
+3.464092e+003	   +6.009616e+001
+3.471898e+003	   +6.008085e+001
+3.479721e+003	   +6.009438e+001
+3.487563e+003	   +6.011337e+001
+3.495421e+003	   +6.011908e+001
+3.503298e+003	   +6.010250e+001
+3.511192e+003	   +6.009200e+001
+3.519104e+003	   +6.010198e+001
+3.527033e+003	   +6.010816e+001
+3.534981e+003	   +6.009426e+001
+3.542947e+003	   +6.012151e+001
+3.550930e+003	   +6.011747e+001
+3.558932e+003	   +6.010091e+001
+3.566951e+003	   +6.009278e+001
+3.574989e+003	   +6.007635e+001
+3.583044e+003	   +6.011029e+001
+3.591118e+003	   +6.010414e+001
+3.599210e+003	   +6.010907e+001
+3.607321e+003	   +6.009861e+001
+3.615449e+003	   +6.011462e+001
+3.623596e+003	   +6.012748e+001
+3.631761e+003	   +6.010497e+001
+3.639945e+003	   +6.010447e+001
+3.648147e+003	   +6.010518e+001
+3.656368e+003	   +6.009670e+001
+3.664607e+003	   +6.009083e+001
+3.672864e+003	   +6.012112e+001
+3.681141e+003	   +6.010345e+001
+3.689436e+003	   +6.015252e+001
+3.697749e+003	   +6.010107e+001
+3.706081e+003	   +6.008428e+001
+3.714433e+003	   +6.011263e+001
+3.722802e+003	   +6.009016e+001
+3.731191e+003	   +6.011765e+001
+3.739599e+003	   +6.011723e+001
+3.748026e+003	   +6.009346e+001
+3.756471e+003	   +6.010439e+001
+3.764936e+003	   +6.008673e+001
+3.773419e+003	   +6.011401e+001
+3.781922e+003	   +6.009832e+001
+3.790444e+003	   +6.011631e+001
+3.798986e+003	   +6.011457e+001
+3.807546e+003	   +6.012143e+001
+3.816126e+003	   +6.009753e+001
+3.824725e+003	   +6.010006e+001
+3.833343e+003	   +6.012840e+001
+3.841981e+003	   +6.011301e+001
+3.850638e+003	   +6.010009e+001
+3.859315e+003	   +6.011897e+001
+3.868012e+003	   +6.010815e+001
+3.876728e+003	   +6.010884e+001
+3.885463e+003	   +6.010821e+001
+3.894219e+003	   +6.011699e+001
+3.902994e+003	   +6.011940e+001
+3.911789e+003	   +6.011633e+001
+3.920603e+003	   +6.013453e+001
+3.929438e+003	   +6.010443e+001
+3.938292e+003	   +6.011695e+001
+3.947167e+003	   +6.011374e+001
+3.956061e+003	   +6.010412e+001
+3.964975e+003	   +6.010138e+001
+3.973910e+003	   +6.014092e+001
+3.982864e+003	   +6.013650e+001
+3.991839e+003	   +6.014085e+001
+4.000834e+003	   +6.013412e+001
+4.009849e+003	   +6.009931e+001
+4.018885e+003	   +6.012699e+001
+4.027941e+003	   +6.012928e+001
+4.037017e+003	   +6.015127e+001
+4.046114e+003	   +6.012252e+001
+4.055231e+003	   +6.013206e+001
+4.064369e+003	   +6.012269e+001
+4.073528e+003	   +6.012878e+001
+4.082707e+003	   +6.009952e+001
+4.091906e+003	   +6.011432e+001
+4.101127e+003	   +6.012847e+001
+4.110368e+003	   +6.013346e+001
+4.119630e+003	   +6.010978e+001
+4.128914e+003	   +6.010991e+001
+4.138217e+003	   +6.012865e+001
+4.147542e+003	   +6.012215e+001
+4.156888e+003	   +6.011196e+001
+4.166255e+003	   +6.011942e+001
+4.175643e+003	   +6.012885e+001
+4.185052e+003	   +6.012279e+001
+4.194482e+003	   +6.010710e+001
+4.203934e+003	   +6.012487e+001
+4.213407e+003	   +6.012074e+001
+4.222901e+003	   +6.013306e+001
+4.232417e+003	   +6.013969e+001
+4.241954e+003	   +6.010592e+001
+4.251513e+003	   +6.012573e+001
+4.261093e+003	   +6.015213e+001
+4.270695e+003	   +6.015723e+001
+4.280318e+003	   +6.015151e+001
+4.289963e+003	   +6.013176e+001
+4.299630e+003	   +6.012929e+001
+4.309318e+003	   +6.013962e+001
+4.319029e+003	   +6.013322e+001
+4.328761e+003	   +6.016226e+001
+4.338516e+003	   +6.010008e+001
+4.348292e+003	   +6.012665e+001
+4.358090e+003	   +6.014108e+001
+4.367910e+003	   +6.012530e+001
+4.377752e+003	   +6.013663e+001
+4.387617e+003	   +6.014226e+001
+4.397504e+003	   +6.015425e+001
+4.407413e+003	   +6.012008e+001
+4.417345e+003	   +6.013945e+001
+4.427298e+003	   +6.014663e+001
+4.437275e+003	   +6.013421e+001
+4.447273e+003	   +6.012409e+001
+4.457295e+003	   +6.012531e+001
+4.467339e+003	   +6.012167e+001
+4.477405e+003	   +6.012814e+001
+4.487494e+003	   +6.014127e+001
+4.497606e+003	   +6.015426e+001
+4.507741e+003	   +6.014549e+001
+4.517898e+003	   +6.014381e+001
+4.528079e+003	   +6.015820e+001
+4.538282e+003	   +6.012496e+001
+4.548508e+003	   +6.014063e+001
+4.558758e+003	   +6.013770e+001
+4.569030e+003	   +6.014710e+001
+4.579326e+003	   +6.015450e+001
+4.589645e+003	   +6.014141e+001
+4.599987e+003	   +6.015918e+001
+4.610353e+003	   +6.015480e+001
+4.620741e+003	   +6.013857e+001
+4.631153e+003	   +6.012003e+001
+4.641589e+003	   +6.011826e+001
+4.652048e+003	   +6.012838e+001
+4.662531e+003	   +6.014161e+001
+4.673037e+003	   +6.013232e+001
+4.683567e+003	   +6.013970e+001
+4.694121e+003	   +6.014345e+001
+4.704698e+003	   +6.014385e+001
+4.715299e+003	   +6.016675e+001
+4.725925e+003	   +6.015569e+001
+4.736574e+003	   +6.014826e+001
+4.747247e+003	   +6.015215e+001
+4.757944e+003	   +6.014767e+001
+4.768666e+003	   +6.015003e+001
+4.779411e+003	   +6.015030e+001
+4.790181e+003	   +6.016346e+001
+4.800975e+003	   +6.017041e+001
+4.811793e+003	   +6.018975e+001
+4.822636e+003	   +6.016269e+001
+4.833503e+003	   +6.016243e+001
+4.844395e+003	   +6.014332e+001
+4.855311e+003	   +6.015275e+001
+4.866251e+003	   +6.014891e+001
+4.877217e+003	   +6.016366e+001
+4.888207e+003	   +6.015326e+001
+4.899222e+003	   +6.015830e+001
+4.910261e+003	   +6.014602e+001
+4.921326e+003	   +6.014000e+001
+4.932415e+003	   +6.016922e+001
+4.943530e+003	   +6.015797e+001
+4.954669e+003	   +6.018515e+001
+4.965834e+003	   +6.016859e+001
+4.977023e+003	   +6.016611e+001
+4.988239e+003	   +6.016184e+001
+4.999479e+003	   +6.017312e+001
+5.010744e+003	   +6.017497e+001
+5.022035e+003	   +6.017339e+001
+5.033352e+003	   +6.016054e+001
+5.044694e+003	   +6.016486e+001
+5.056061e+003	   +6.019114e+001
+5.067454e+003	   +6.017918e+001
+5.078873e+003	   +6.017147e+001
+5.090317e+003	   +6.017044e+001
+5.101788e+003	   +6.015841e+001
+5.113284e+003	   +6.015602e+001
+5.124806e+003	   +6.017047e+001
+5.136354e+003	   +6.014506e+001
+5.147928e+003	   +6.018248e+001
+5.159528e+003	   +6.018970e+001
+5.171154e+003	   +6.014839e+001
+5.182807e+003	   +6.019462e+001
+5.194485e+003	   +6.015933e+001
+5.206190e+003	   +6.018089e+001
+5.217922e+003	   +6.020138e+001
+5.229680e+003	   +6.015659e+001
+5.241464e+003	   +6.019830e+001
+5.253274e+003	   +6.019055e+001
+5.265112e+003	   +6.017373e+001
+5.276976e+003	   +6.021513e+001
+5.288867e+003	   +6.015462e+001
+5.300785e+003	   +6.017308e+001
+5.312729e+003	   +6.017906e+001
+5.324701e+003	   +6.020010e+001
+5.336699e+003	   +6.016580e+001
+5.348725e+003	   +6.016432e+001
+5.360777e+003	   +6.018521e+001
+5.372857e+003	   +6.019919e+001
+5.384964e+003	   +6.017993e+001
+5.397098e+003	   +6.017675e+001
+5.409260e+003	   +6.017663e+001
+5.421449e+003	   +6.017203e+001
+5.433665e+003	   +6.016909e+001
+5.445909e+003	   +6.019689e+001
+5.458181e+003	   +6.019022e+001
+5.470480e+003	   +6.018479e+001
+5.482807e+003	   +6.016860e+001
+5.495161e+003	   +6.018663e+001
+5.507544e+003	   +6.021120e+001
+5.519954e+003	   +6.019075e+001
+5.532393e+003	   +6.019754e+001
+5.544859e+003	   +6.018404e+001
+5.557354e+003	   +6.021455e+001
+5.569876e+003	   +6.019350e+001
+5.582427e+003	   +6.017731e+001
+5.595006e+003	   +6.021335e+001
+5.607614e+003	   +6.019312e+001
+5.620250e+003	   +6.018687e+001
+5.632914e+003	   +6.019821e+001
+5.645607e+003	   +6.020300e+001
+5.658329e+003	   +6.019507e+001
+5.671079e+003	   +6.019558e+001
+5.683858e+003	   +6.020842e+001
+5.696666e+003	   +6.018353e+001
+5.709502e+003	   +6.018489e+001
+5.722368e+003	   +6.020937e+001
+5.735262e+003	   +6.021162e+001
+5.748186e+003	   +6.019229e+001
+5.761138e+003	   +6.020559e+001
+5.774120e+003	   +6.020717e+001
+5.787131e+003	   +6.020586e+001
+5.800172e+003	   +6.020942e+001
+5.813242e+003	   +6.020307e+001
+5.826341e+003	   +6.018890e+001
+5.839470e+003	   +6.019559e+001
+5.852628e+003	   +6.022705e+001
+5.865816e+003	   +6.021392e+001
+5.879034e+003	   +6.021040e+001
+5.892281e+003	   +6.022548e+001
+5.905559e+003	   +6.021617e+001
+5.918866e+003	   +6.024127e+001
+5.932204e+003	   +6.021446e+001
+5.945571e+003	   +6.019781e+001
+5.958968e+003	   +6.022878e+001
+5.972396e+003	   +6.019559e+001
+5.985854e+003	   +6.020180e+001
+5.999342e+003	   +6.022349e+001
+6.012860e+003	   +6.022971e+001
+6.026410e+003	   +6.019350e+001
+6.039989e+003	   +6.020331e+001
+6.053600e+003	   +6.020273e+001
+6.067240e+003	   +6.021356e+001
+6.080912e+003	   +6.023586e+001
+6.094614e+003	   +6.023987e+001
+6.108348e+003	   +6.022556e+001
+6.122112e+003	   +6.024604e+001
+6.135907e+003	   +6.022849e+001
+6.149733e+003	   +6.023686e+001
+6.163591e+003	   +6.023537e+001
+6.177480e+003	   +6.022037e+001
+6.191400e+003	   +6.023276e+001
+6.205351e+003	   +6.021616e+001
+6.219334e+003	   +6.024666e+001
+6.233349e+003	   +6.022560e+001
+6.247395e+003	   +6.022135e+001
+6.261472e+003	   +6.022414e+001
+6.275581e+003	   +6.020600e+001
+6.289722e+003	   +6.021391e+001
+6.303896e+003	   +6.023640e+001
+6.318100e+003	   +6.024401e+001
+6.332337e+003	   +6.024324e+001
+6.346606e+003	   +6.023866e+001
+6.360907e+003	   +6.023775e+001
+6.375241e+003	   +6.024525e+001
+6.389606e+003	   +6.023436e+001
+6.404004e+003	   +6.026911e+001
+6.418435e+003	   +6.024438e+001
+6.432898e+003	   +6.024091e+001
+6.447393e+003	   +6.024300e+001
+6.461921e+003	   +6.023552e+001
+6.476482e+003	   +6.025570e+001
+6.491076e+003	   +6.024948e+001
+6.505703e+003	   +6.024233e+001
+6.520363e+003	   +6.025111e+001
+6.535055e+003	   +6.024511e+001
+6.549781e+003	   +6.024401e+001
+6.564540e+003	   +6.024660e+001
+6.579332e+003	   +6.022906e+001
+6.594158e+003	   +6.026618e+001
+6.609017e+003	   +6.025363e+001
+6.623909e+003	   +6.023917e+001
+6.638835e+003	   +6.024465e+001
+6.653795e+003	   +6.026192e+001
+6.668788e+003	   +6.027433e+001
+6.683815e+003	   +6.025853e+001
+6.698876e+003	   +6.027021e+001
+6.713971e+003	   +6.028173e+001
+6.729100e+003	   +6.028499e+001
+6.744263e+003	   +6.027778e+001
+6.759460e+003	   +6.025878e+001
+6.774692e+003	   +6.026152e+001
+6.789958e+003	   +6.027401e+001
+6.805258e+003	   +6.025930e+001
+6.820592e+003	   +6.029298e+001
+6.835961e+003	   +6.029211e+001
+6.851365e+003	   +6.029151e+001
+6.866804e+003	   +6.031064e+001
+6.882277e+003	   +6.027568e+001
+6.897785e+003	   +6.027840e+001
+6.913329e+003	   +6.026351e+001
+6.928907e+003	   +6.028860e+001
+6.944520e+003	   +6.024135e+001
+6.960168e+003	   +6.027658e+001
+6.975852e+003	   +6.028960e+001
+6.991571e+003	   +6.028107e+001
+7.007326e+003	   +6.029789e+001
+7.023116e+003	   +6.028720e+001
+7.038941e+003	   +6.028852e+001
+7.054802e+003	   +6.028012e+001
+7.070699e+003	   +6.028172e+001
+7.086632e+003	   +6.032097e+001
+7.102601e+003	   +6.030110e+001
+7.118605e+003	   +6.032428e+001
+7.134646e+003	   +6.029196e+001
+7.150723e+003	   +6.029620e+001
+7.166836e+003	   +6.029037e+001
+7.182985e+003	   +6.031961e+001
+7.199171e+003	   +6.028593e+001
+7.215394e+003	   +6.030738e+001
+7.231652e+003	   +6.031190e+001
+7.247948e+003	   +6.029498e+001
+7.264280e+003	   +6.028759e+001
+7.280649e+003	   +6.031618e+001
+7.297055e+003	   +6.030835e+001
+7.313498e+003	   +6.029924e+001
+7.329978e+003	   +6.028800e+001
+7.346495e+003	   +6.027174e+001
+7.363049e+003	   +6.032005e+001
+7.379640e+003	   +6.030087e+001
+7.396269e+003	   +6.030387e+001
+7.412936e+003	   +6.032245e+001
+7.429640e+003	   +6.030964e+001
+7.446381e+003	   +6.031615e+001
+7.463161e+003	   +6.029807e+001
+7.479978e+003	   +6.032474e+001
+7.496833e+003	   +6.032363e+001
+7.513726e+003	   +6.032187e+001
+7.530657e+003	   +6.033340e+001
+7.547626e+003	   +6.030698e+001
+7.564633e+003	   +6.035849e+001
+7.581679e+003	   +6.031586e+001
+7.598763e+003	   +6.033696e+001
+7.615886e+003	   +6.030843e+001
+7.633047e+003	   +6.031721e+001
+7.650247e+003	   +6.032330e+001
+7.667486e+003	   +6.032337e+001
+7.684763e+003	   +6.033122e+001
+7.702080e+003	   +6.034925e+001
+7.719436e+003	   +6.034701e+001
+7.736830e+003	   +6.033115e+001
+7.754264e+003	   +6.032522e+001
+7.771737e+003	   +6.031557e+001
+7.789249e+003	   +6.035587e+001
+7.806801e+003	   +6.033471e+001
+7.824393e+003	   +6.035120e+001
+7.842024e+003	   +6.033364e+001
+7.859694e+003	   +6.035315e+001
+7.877405e+003	   +6.034864e+001
+7.895156e+003	   +6.035397e+001
+7.912946e+003	   +6.034068e+001
+7.930777e+003	   +6.037082e+001
+7.948648e+003	   +6.034627e+001
+7.966559e+003	   +6.038612e+001
+7.984510e+003	   +6.037082e+001
+8.002502e+003	   +6.038281e+001
+8.020535e+003	   +6.038726e+001
+8.038608e+003	   +6.034410e+001
+8.056722e+003	   +6.036474e+001
+8.074876e+003	   +6.037249e+001
+8.093072e+003	   +6.038910e+001
+8.111308e+003	   +6.038557e+001
+8.129586e+003	   +6.038140e+001
+8.147905e+003	   +6.036042e+001
+8.166265e+003	   +6.039782e+001
+8.184667e+003	   +6.037074e+001
+8.203109e+003	   +6.039778e+001
+8.221594e+003	   +6.038148e+001
+8.240120e+003	   +6.039266e+001
+8.258688e+003	   +6.038029e+001
+8.277298e+003	   +6.036950e+001
+8.295949e+003	   +6.040333e+001
+8.314643e+003	   +6.039230e+001
+8.333379e+003	   +6.038390e+001
+8.352156e+003	   +6.040036e+001
+8.370977e+003	   +6.037074e+001
+8.389840e+003	   +6.039471e+001
+8.408745e+003	   +6.039754e+001
+8.427692e+003	   +6.039530e+001
+8.446684e+003	   +6.039516e+001
+8.465717e+003	   +6.042191e+001
+8.484793e+003	   +6.039008e+001
+8.503912e+003	   +6.038753e+001
+8.523074e+003	   +6.041935e+001
+8.542280e+003	   +6.042172e+001
+8.561528e+003	   +6.041797e+001
+8.580821e+003	   +6.042072e+001
+8.600156e+003	   +6.039152e+001
+8.619536e+003	   +6.041665e+001
+8.638959e+003	   +6.041765e+001
+8.658425e+003	   +6.042020e+001
+8.677936e+003	   +6.041375e+001
+8.697490e+003	   +6.040123e+001
+8.717089e+003	   +6.040998e+001
+8.736731e+003	   +6.044877e+001
+8.756418e+003	   +6.044252e+001
+8.776149e+003	   +6.040372e+001
+8.795925e+003	   +6.045471e+001
+8.815745e+003	   +6.043664e+001
+8.835610e+003	   +6.042614e+001
+8.855521e+003	   +6.044728e+001
+8.875475e+003	   +6.042477e+001
+8.895475e+003	   +6.040411e+001
+8.915519e+003	   +6.040224e+001
+8.935608e+003	   +6.045396e+001
+8.955744e+003	   +6.045124e+001
+8.975924e+003	   +6.043997e+001
+8.996150e+003	   +6.044799e+001
+9.016422e+003	   +6.044225e+001
+9.036739e+003	   +6.044421e+001
+9.057102e+003	   +6.044341e+001
+9.077511e+003	   +6.046383e+001
+9.097966e+003	   +6.046571e+001
+9.118467e+003	   +6.044778e+001
+9.139014e+003	   +6.044941e+001
+9.159606e+003	   +6.047285e+001
+9.180247e+003	   +6.044827e+001
+9.200933e+003	   +6.047305e+001
+9.221666e+003	   +6.046572e+001
+9.242445e+003	   +6.046562e+001
+9.263272e+003	   +6.047669e+001
+9.284146e+003	   +6.048554e+001
+9.305065e+003	   +6.047934e+001
+9.326033e+003	   +6.050050e+001
+9.347048e+003	   +6.047918e+001
+9.368110e+003	   +6.049072e+001
+9.389220e+003	   +6.048694e+001
+9.410377e+003	   +6.050124e+001
+9.431582e+003	   +6.048429e+001
+9.452835e+003	   +6.048464e+001
+9.474136e+003	   +6.047709e+001
+9.495484e+003	   +6.048670e+001
+9.516881e+003	   +6.050563e+001
+9.538325e+003	   +6.049149e+001
+9.559818e+003	   +6.047385e+001
+9.581360e+003	   +6.052418e+001
+9.602950e+003	   +6.048069e+001
+9.624590e+003	   +6.050850e+001
+9.646277e+003	   +6.050989e+001
+9.668014e+003	   +6.051181e+001
+9.689799e+003	   +6.053724e+001
+9.711634e+003	   +6.050843e+001
+9.733517e+003	   +6.052897e+001
+9.755450e+003	   +6.051696e+001
+9.777433e+003	   +6.053182e+001
+9.799465e+003	   +6.050789e+001
+9.821546e+003	   +6.049965e+001
+9.843678e+003	   +6.050971e+001
+9.865858e+003	   +6.052232e+001
+9.888090e+003	   +6.051430e+001
+9.910371e+003	   +6.051243e+001
+9.932703e+003	   +6.052470e+001
+9.955085e+003	   +6.052765e+001
+9.977518e+003	   +6.053146e+001
+1.000000e+004	   +6.054398e+001
+1.002253e+004	   +6.054537e+001
+1.004512e+004	   +6.055959e+001
+1.006775e+004	   +6.056496e+001
+1.009044e+004	   +6.054347e+001
+1.011318e+004	   +6.053562e+001
+1.013596e+004	   +6.055173e+001
+1.015880e+004	   +6.055322e+001
+1.018170e+004	   +6.057322e+001
+1.020464e+004	   +6.056112e+001
+1.022763e+004	   +6.057941e+001
+1.025068e+004	   +6.056538e+001
+1.027378e+004	   +6.056341e+001
+1.029693e+004	   +6.055310e+001
+1.032013e+004	   +6.057720e+001
+1.034339e+004	   +6.055397e+001
+1.036669e+004	   +6.058159e+001
+1.039005e+004	   +6.057729e+001
+1.041347e+004	   +6.058210e+001
+1.043693e+004	   +6.057521e+001
+1.046045e+004	   +6.058940e+001
+1.048402e+004	   +6.058313e+001
+1.050764e+004	   +6.057292e+001
+1.053132e+004	   +6.055862e+001
+1.055505e+004	   +6.057896e+001
+1.057884e+004	   +6.060048e+001
+1.060267e+004	   +6.062402e+001
+1.062657e+004	   +6.060446e+001
+1.065051e+004	   +6.061084e+001
+1.067451e+004	   +6.059199e+001
+1.069856e+004	   +6.063568e+001
+1.072267e+004	   +6.060083e+001
+1.074683e+004	   +6.061498e+001
+1.077105e+004	   +6.062641e+001
+1.079532e+004	   +6.065134e+001
+1.081965e+004	   +6.063091e+001
+1.084403e+004	   +6.061161e+001
+1.086846e+004	   +6.063967e+001
+1.089295e+004	   +6.063507e+001
+1.091750e+004	   +6.064019e+001
+1.094210e+004	   +6.062357e+001
+1.096676e+004	   +6.064837e+001
+1.099147e+004	   +6.067070e+001
+1.101624e+004	   +6.063949e+001
+1.104106e+004	   +6.063369e+001
+1.106594e+004	   +6.062785e+001
+1.109087e+004	   +6.064947e+001
+1.111587e+004	   +6.066173e+001
+1.114091e+004	   +6.064184e+001
+1.116602e+004	   +6.068383e+001
+1.119118e+004	   +6.065749e+001
+1.121640e+004	   +6.069111e+001
+1.124167e+004	   +6.067287e+001
+1.126700e+004	   +6.068341e+001
+1.129239e+004	   +6.068019e+001
+1.131784e+004	   +6.066597e+001
+1.134334e+004	   +6.068094e+001
+1.136890e+004	   +6.068521e+001
+1.139452e+004	   +6.071495e+001
+1.142019e+004	   +6.068985e+001
+1.144593e+004	   +6.069289e+001
+1.147172e+004	   +6.068342e+001
+1.149757e+004	   +6.071415e+001
+1.152348e+004	   +6.070149e+001
+1.154944e+004	   +6.071041e+001
+1.157547e+004	   +6.072950e+001
+1.160155e+004	   +6.073348e+001
+1.162770e+004	   +6.072795e+001
+1.165390e+004	   +6.072723e+001
+1.168016e+004	   +6.072959e+001
+1.170648e+004	   +6.072130e+001
+1.173286e+004	   +6.072868e+001
+1.175929e+004	   +6.074041e+001
+1.178579e+004	   +6.076524e+001
+1.181235e+004	   +6.075461e+001
+1.183897e+004	   +6.072935e+001
+1.186564e+004	   +6.073831e+001
+1.189238e+004	   +6.075144e+001
+1.191918e+004	   +6.073484e+001
+1.194604e+004	   +6.075707e+001
+1.197296e+004	   +6.075152e+001
+1.199993e+004	   +6.077464e+001
+1.202697e+004	   +6.076001e+001
+1.205408e+004	   +6.076321e+001
+1.208124e+004	   +6.075414e+001
+1.210846e+004	   +6.079149e+001
+1.213575e+004	   +6.079861e+001
+1.216309e+004	   +6.077548e+001
+1.219050e+004	   +6.078724e+001
+1.221797e+004	   +6.078490e+001
+1.224550e+004	   +6.078885e+001
+1.227309e+004	   +6.080764e+001
+1.230075e+004	   +6.080035e+001
+1.232847e+004	   +6.080907e+001
+1.235625e+004	   +6.080618e+001
+1.238409e+004	   +6.082930e+001
+1.241200e+004	   +6.080941e+001
+1.243996e+004	   +6.082176e+001
+1.246800e+004	   +6.083279e+001
+1.249609e+004	   +6.081026e+001
+1.252425e+004	   +6.082675e+001
+1.255247e+004	   +6.080222e+001
+1.258076e+004	   +6.082340e+001
+1.260911e+004	   +6.085398e+001
+1.263752e+004	   +6.084317e+001
+1.266599e+004	   +6.084008e+001
+1.269454e+004	   +6.084333e+001
+1.272314e+004	   +6.085044e+001
+1.275181e+004	   +6.084510e+001
+1.278054e+004	   +6.085676e+001
+1.280934e+004	   +6.084391e+001
+1.283821e+004	   +6.086856e+001
+1.286714e+004	   +6.085764e+001
+1.289613e+004	   +6.088489e+001
+1.292519e+004	   +6.089708e+001
+1.295432e+004	   +6.087930e+001
+1.298351e+004	   +6.086033e+001
+1.301276e+004	   +6.087170e+001
+1.304208e+004	   +6.091363e+001
+1.307147e+004	   +6.090135e+001
+1.310093e+004	   +6.088260e+001
+1.313045e+004	   +6.090054e+001
+1.316004e+004	   +6.090083e+001
+1.318969e+004	   +6.089791e+001
+1.321941e+004	   +6.088941e+001
+1.324920e+004	   +6.094586e+001
+1.327905e+004	   +6.091980e+001
+1.330898e+004	   +6.094644e+001
+1.333897e+004	   +6.090763e+001
+1.336902e+004	   +6.095136e+001
+1.339915e+004	   +6.092235e+001
+1.342934e+004	   +6.095022e+001
+1.345960e+004	   +6.094435e+001
+1.348993e+004	   +6.095933e+001
+1.352033e+004	   +6.094793e+001
+1.355080e+004	   +6.093240e+001
+1.358133e+004	   +6.097100e+001
+1.361193e+004	   +6.096286e+001
+1.364261e+004	   +6.095940e+001
+1.367335e+004	   +6.097414e+001
+1.370416e+004	   +6.100148e+001
+1.373504e+004	   +6.098925e+001
+1.376599e+004	   +6.099721e+001
+1.379701e+004	   +6.101310e+001
+1.382810e+004	   +6.099291e+001
+1.385926e+004	   +6.100357e+001
+1.389049e+004	   +6.101474e+001
+1.392179e+004	   +6.100787e+001
+1.395316e+004	   +6.099233e+001
+1.398460e+004	   +6.101537e+001
+1.401611e+004	   +6.101505e+001
+1.404770e+004	   +6.104813e+001
+1.407935e+004	   +6.103432e+001
+1.411108e+004	   +6.102369e+001
+1.414287e+004	   +6.104527e+001
+1.417474e+004	   +6.102734e+001
+1.420668e+004	   +6.102492e+001
+1.423870e+004	   +6.102710e+001
+1.427078e+004	   +6.104993e+001
+1.430294e+004	   +6.105622e+001
+1.433517e+004	   +6.106598e+001
+1.436747e+004	   +6.106622e+001
+1.439984e+004	   +6.106250e+001
+1.443229e+004	   +6.107083e+001
+1.446481e+004	   +6.109353e+001
+1.449741e+004	   +6.111037e+001
+1.453007e+004	   +6.106684e+001
+1.456282e+004	   +6.109460e+001
+1.459563e+004	   +6.108404e+001
+1.462852e+004	   +6.109921e+001
+1.466148e+004	   +6.109488e+001
+1.469452e+004	   +6.109823e+001
+1.472763e+004	   +6.112297e+001
+1.476082e+004	   +6.113118e+001
+1.479408e+004	   +6.114861e+001
+1.482742e+004	   +6.113404e+001
+1.486083e+004	   +6.115844e+001
+1.489431e+004	   +6.114979e+001
+1.492788e+004	   +6.117480e+001
+1.496151e+004	   +6.114445e+001
+1.499523e+004	   +6.117481e+001
+1.502902e+004	   +6.116331e+001
+1.506288e+004	   +6.117273e+001
+1.509683e+004	   +6.118678e+001
+1.513084e+004	   +6.118728e+001
+1.516494e+004	   +6.116003e+001
+1.519911e+004	   +6.119360e+001
+1.523336e+004	   +6.119775e+001
+1.526769e+004	   +6.121209e+001
+1.530209e+004	   +6.117563e+001
+1.533657e+004	   +6.122239e+001
+1.537113e+004	   +6.121338e+001
+1.540577e+004	   +6.120808e+001
+1.544048e+004	   +6.123240e+001
+1.547527e+004	   +6.119318e+001
+1.551014e+004	   +6.124233e+001
+1.554509e+004	   +6.124931e+001
+1.558012e+004	   +6.124023e+001
+1.561523e+004	   +6.126859e+001
+1.565042e+004	   +6.123832e+001
+1.568568e+004	   +6.126681e+001
+1.572103e+004	   +6.125711e+001
+1.575645e+004	   +6.127781e+001
+1.579196e+004	   +6.128904e+001
+1.582754e+004	   +6.129953e+001
+1.586321e+004	   +6.129720e+001
+1.589895e+004	   +6.128411e+001
+1.593478e+004	   +6.130421e+001
+1.597069e+004	   +6.127523e+001
+1.600667e+004	   +6.130547e+001
+1.604274e+004	   +6.132537e+001
+1.607889e+004	   +6.134071e+001
+1.611512e+004	   +6.134591e+001
+1.615144e+004	   +6.132923e+001
+1.618783e+004	   +6.134116e+001
+1.622431e+004	   +6.137186e+001
+1.626087e+004	   +6.137381e+001
+1.629751e+004	   +6.136641e+001
+1.633423e+004	   +6.136569e+001
+1.637104e+004	   +6.138062e+001
+1.640793e+004	   +6.136951e+001
+1.644490e+004	   +6.138561e+001
+1.648196e+004	   +6.137959e+001
+1.651910e+004	   +6.138997e+001
+1.655632e+004	   +6.140657e+001
+1.659363e+004	   +6.140112e+001
+1.663102e+004	   +6.143243e+001
+1.666849e+004	   +6.142553e+001
+1.670605e+004	   +6.141006e+001
+1.674370e+004	   +6.142537e+001
+1.678143e+004	   +6.143726e+001
+1.681924e+004	   +6.148229e+001
+1.685714e+004	   +6.145240e+001
+1.689513e+004	   +6.145585e+001
+1.693320e+004	   +6.147351e+001
+1.697136e+004	   +6.147162e+001
+1.700960e+004	   +6.149762e+001
+1.704793e+004	   +6.147191e+001
+1.708634e+004	   +6.150322e+001
+1.712484e+004	   +6.148468e+001
+1.716343e+004	   +6.149809e+001
+1.720211e+004	   +6.151019e+001
+1.724087e+004	   +6.151179e+001
+1.727972e+004	   +6.152286e+001
+1.731866e+004	   +6.153316e+001
+1.735768e+004	   +6.152322e+001
+1.739679e+004	   +6.151289e+001
+1.743599e+004	   +6.154725e+001
+1.747528e+004	   +6.154441e+001
+1.751466e+004	   +6.155662e+001
+1.755413e+004	   +6.153627e+001
+1.759368e+004	   +6.159153e+001
+1.763333e+004	   +6.156597e+001
+1.767306e+004	   +6.157091e+001
+1.771289e+004	   +6.158303e+001
+1.775280e+004	   +6.157305e+001
+1.779280e+004	   +6.161710e+001
+1.783290e+004	   +6.163074e+001
+1.787308e+004	   +6.163091e+001
+1.791336e+004	   +6.164647e+001
+1.795372e+004	   +6.163045e+001
+1.799418e+004	   +6.163537e+001
+1.803472e+004	   +6.164048e+001
+1.807536e+004	   +6.164762e+001
+1.811609e+004	   +6.168933e+001
+1.815691e+004	   +6.167282e+001
+1.819783e+004	   +6.167392e+001
+1.823883e+004	   +6.167350e+001
+1.827993e+004	   +6.169438e+001
+1.832112e+004	   +6.170736e+001
+1.836241e+004	   +6.171820e+001
+1.840379e+004	   +6.169424e+001
+1.844525e+004	   +6.169966e+001
+1.848682e+004	   +6.173822e+001
+1.852847e+004	   +6.173936e+001
+1.857023e+004	   +6.175817e+001
+1.861207e+004	   +6.174209e+001
+1.865401e+004	   +6.175001e+001
+1.869604e+004	   +6.175693e+001
+1.873817e+004	   +6.173710e+001
+1.878040e+004	   +6.178011e+001
+1.882272e+004	   +6.179036e+001
+1.886513e+004	   +6.180987e+001
+1.890764e+004	   +6.181178e+001
+1.895025e+004	   +6.179613e+001
+1.899295e+004	   +6.180694e+001
+1.903575e+004	   +6.182703e+001
+1.907864e+004	   +6.183536e+001
+1.912163e+004	   +6.185060e+001
+1.916472e+004	   +6.183630e+001
+1.920790e+004	   +6.186927e+001
+1.925119e+004	   +6.190005e+001
+1.929456e+004	   +6.183968e+001
+1.933804e+004	   +6.185122e+001
+1.938162e+004	   +6.189730e+001
+1.942529e+004	   +6.188124e+001
+1.946906e+004	   +6.190488e+001
+1.951293e+004	   +6.191990e+001
+1.955690e+004	   +6.189417e+001
+1.960097e+004	   +6.191282e+001
+1.964514e+004	   +6.191147e+001
+1.968941e+004	   +6.195065e+001
+1.973378e+004	   +6.196155e+001
+1.977824e+004	   +6.196123e+001
+1.982281e+004	   +6.195807e+001
+1.986748e+004	   +6.195193e+001
+1.991225e+004	   +6.197900e+001
+1.995712e+004	   +6.199813e+001
+2.000209e+004	   +6.200462e+001
+2.004716e+004	   +6.198272e+001
+2.009233e+004	   +6.202275e+001
+2.013761e+004	   +6.201939e+001
+2.018298e+004	   +6.205261e+001
+2.022846e+004	   +6.201897e+001
+2.027404e+004	   +6.205543e+001
+2.031973e+004	   +6.205458e+001
+2.036552e+004	   +6.206297e+001
+2.041141e+004	   +6.207549e+001
+2.045740e+004	   +6.207484e+001
+2.050350e+004	   +6.207432e+001
+2.054970e+004	   +6.211266e+001
+2.059601e+004	   +6.207554e+001
+2.064242e+004	   +6.211500e+001
+2.068893e+004	   +6.211293e+001
+2.073555e+004	   +6.213883e+001
+2.078227e+004	   +6.214161e+001
+2.082910e+004	   +6.216884e+001
+2.087604e+004	   +6.215306e+001
+2.092308e+004	   +6.217021e+001
+2.097023e+004	   +6.220500e+001
+2.101748e+004	   +6.217265e+001
+2.106484e+004	   +6.219302e+001
+2.111231e+004	   +6.220540e+001
+2.115988e+004	   +6.223303e+001
+2.120756e+004	   +6.221146e+001
+2.125535e+004	   +6.221455e+001
+2.130324e+004	   +6.223244e+001
+2.135125e+004	   +6.227945e+001
+2.139936e+004	   +6.225737e+001
+2.144758e+004	   +6.225161e+001
+2.149591e+004	   +6.228664e+001
+2.154435e+004	   +6.228051e+001
+2.159289e+004	   +6.230725e+001
+2.164155e+004	   +6.229555e+001
+2.169032e+004	   +6.229719e+001
+2.173919e+004	   +6.234060e+001
+2.178818e+004	   +6.233088e+001
+2.183728e+004	   +6.236060e+001
+2.188648e+004	   +6.232916e+001
+2.193580e+004	   +6.233808e+001
+2.198523e+004	   +6.236422e+001
+2.203477e+004	   +6.238504e+001
+2.208442e+004	   +6.238411e+001
+2.213419e+004	   +6.236776e+001
+2.218406e+004	   +6.240459e+001
+2.223405e+004	   +6.241460e+001
+2.228415e+004	   +6.239972e+001
+2.233437e+004	   +6.241583e+001
+2.238469e+004	   +6.243946e+001
+2.243513e+004	   +6.246368e+001
+2.248569e+004	   +6.248048e+001
+2.253636e+004	   +6.249358e+001
+2.258714e+004	   +6.248716e+001
+2.263803e+004	   +6.250694e+001
+2.268904e+004	   +6.248149e+001
+2.274017e+004	   +6.251054e+001
+2.279141e+004	   +6.253357e+001
+2.284277e+004	   +6.251350e+001
+2.289424e+004	   +6.256561e+001
+2.294583e+004	   +6.256165e+001
+2.299754e+004	   +6.257207e+001
+2.304936e+004	   +6.255841e+001
+2.310130e+004	   +6.259200e+001
+2.315335e+004	   +6.260305e+001
+2.320553e+004	   +6.257932e+001
+2.325781e+004	   +6.261057e+001
+2.331022e+004	   +6.261267e+001
+2.336275e+004	   +6.264828e+001
+2.341539e+004	   +6.263033e+001
+2.346816e+004	   +6.265386e+001
+2.352104e+004	   +6.265056e+001
+2.357404e+004	   +6.265270e+001
+2.362716e+004	   +6.268411e+001
+2.368040e+004	   +6.269099e+001
+2.373376e+004	   +6.271264e+001
+2.378724e+004	   +6.271291e+001
+2.384084e+004	   +6.272539e+001
+2.389456e+004	   +6.272084e+001
+2.394841e+004	   +6.272152e+001
+2.400237e+004	   +6.275954e+001
+2.405646e+004	   +6.275388e+001
+2.411066e+004	   +6.277957e+001
+2.416499e+004	   +6.277738e+001
+2.421945e+004	   +6.279492e+001
+2.427402e+004	   +6.279821e+001
+2.432872e+004	   +6.281740e+001
+2.438354e+004	   +6.280278e+001
+2.443849e+004	   +6.281937e+001
+2.449355e+004	   +6.284677e+001
+2.454875e+004	   +6.283733e+001
+2.460406e+004	   +6.286362e+001
+2.465951e+004	   +6.285056e+001
+2.471507e+004	   +6.290501e+001
+2.477076e+004	   +6.287326e+001
+2.482658e+004	   +6.290807e+001
+2.488252e+004	   +6.290730e+001
+2.493859e+004	   +6.291846e+001
+2.499479e+004	   +6.294711e+001
+2.505111e+004	   +6.296563e+001
+2.510756e+004	   +6.295420e+001
+2.516413e+004	   +6.296466e+001
+2.522084e+004	   +6.297217e+001
+2.527767e+004	   +6.299234e+001
+2.533463e+004	   +6.298360e+001
+2.539172e+004	   +6.300984e+001
+2.544893e+004	   +6.299508e+001
+2.550628e+004	   +6.303275e+001
+2.556375e+004	   +6.303012e+001
+2.562136e+004	   +6.303091e+001
+2.567909e+004	   +6.305182e+001
+2.573696e+004	   +6.306936e+001
+2.579495e+004	   +6.309130e+001
+2.585308e+004	   +6.309138e+001
+2.591133e+004	   +6.312126e+001
+2.596972e+004	   +6.309127e+001
+2.602824e+004	   +6.314627e+001
+2.608689e+004	   +6.312332e+001
+2.614567e+004	   +6.311921e+001
+2.620459e+004	   +6.313371e+001
+2.626363e+004	   +6.316723e+001
+2.632282e+004	   +6.317550e+001
+2.638213e+004	   +6.319397e+001
+2.644158e+004	   +6.319364e+001
+2.650116e+004	   +6.322068e+001
+2.656088e+004	   +6.322054e+001
+2.662073e+004	   +6.321621e+001
+2.668071e+004	   +6.321913e+001
+2.674084e+004	   +6.322837e+001
+2.680109e+004	   +6.324734e+001
+2.686148e+004	   +6.325377e+001
+2.692201e+004	   +6.327523e+001
+2.698268e+004	   +6.328103e+001
+2.704348e+004	   +6.329071e+001
+2.710442e+004	   +6.328506e+001
+2.716549e+004	   +6.330835e+001
+2.722671e+004	   +6.333076e+001
+2.728806e+004	   +6.333102e+001
+2.734955e+004	   +6.333129e+001
+2.741118e+004	   +6.333141e+001
+2.747294e+004	   +6.337177e+001
+2.753485e+004	   +6.336271e+001
+2.759689e+004	   +6.336681e+001
+2.765908e+004	   +6.339408e+001
+2.772141e+004	   +6.338987e+001
+2.778387e+004	   +6.341663e+001
+2.784648e+004	   +6.341182e+001
+2.790923e+004	   +6.344740e+001
+2.797212e+004	   +6.341506e+001
+2.803515e+004	   +6.342808e+001
+2.809832e+004	   +6.347507e+001
+2.816163e+004	   +6.346841e+001
+2.822509e+004	   +6.348976e+001
+2.828870e+004	   +6.348933e+001
+2.835244e+004	   +6.349647e+001
+2.841633e+004	   +6.349187e+001
+2.848036e+004	   +6.348606e+001
+2.854454e+004	   +6.352534e+001
+2.860886e+004	   +6.352170e+001
+2.867332e+004	   +6.353712e+001
+2.873793e+004	   +6.350901e+001
+2.880269e+004	   +6.354240e+001
+2.886759e+004	   +6.355206e+001
+2.893264e+004	   +6.356205e+001
+2.899784e+004	   +6.355748e+001
+2.906318e+004	   +6.360190e+001
+2.912867e+004	   +6.362262e+001
+2.919430e+004	   +6.360679e+001
+2.926009e+004	   +6.362509e+001
+2.932602e+004	   +6.362463e+001
+2.939211e+004	   +6.362423e+001
+2.945834e+004	   +6.363458e+001
+2.952472e+004	   +6.364896e+001
+2.959125e+004	   +6.364917e+001
+2.965793e+004	   +6.363907e+001
+2.972475e+004	   +6.366602e+001
+2.979173e+004	   +6.365858e+001
+2.985887e+004	   +6.368250e+001
+2.992615e+004	   +6.370217e+001
+2.999358e+004	   +6.368845e+001
+3.006117e+004	   +6.370348e+001
+3.012891e+004	   +6.370925e+001
+3.019680e+004	   +6.370833e+001
+3.026484e+004	   +6.371136e+001
+3.033304e+004	   +6.374421e+001
+3.040139e+004	   +6.371747e+001
+3.046990e+004	   +6.373030e+001
+3.053855e+004	   +6.371822e+001
+3.060737e+004	   +6.373749e+001
+3.067634e+004	   +6.374298e+001
+3.074546e+004	   +6.376597e+001
+3.081474e+004	   +6.378588e+001
+3.088418e+004	   +6.378886e+001
+3.095377e+004	   +6.377496e+001
+3.102352e+004	   +6.378344e+001
+3.109343e+004	   +6.376865e+001
+3.116349e+004	   +6.380700e+001
+3.123372e+004	   +6.376377e+001
+3.130410e+004	   +6.379755e+001
+3.137463e+004	   +6.379618e+001
+3.144533e+004	   +6.381630e+001
+3.151619e+004	   +6.381276e+001
+3.158721e+004	   +6.382233e+001
+3.165838e+004	   +6.383931e+001
+3.172972e+004	   +6.380539e+001
+3.180122e+004	   +6.385270e+001
+3.187288e+004	   +6.382286e+001
+3.194470e+004	   +6.383300e+001
+3.201668e+004	   +6.381841e+001
+3.208883e+004	   +6.382068e+001
+3.216114e+004	   +6.383643e+001
+3.223361e+004	   +6.383070e+001
+3.230624e+004	   +6.382804e+001
+3.237904e+004	   +6.382242e+001
+3.245200e+004	   +6.385624e+001
+3.252513e+004	   +6.387994e+001
+3.259841e+004	   +6.385441e+001
+3.267187e+004	   +6.383807e+001
+3.274549e+004	   +6.385746e+001
+3.281928e+004	   +6.384422e+001
+3.289323e+004	   +6.384131e+001
+3.296735e+004	   +6.388540e+001
+3.304164e+004	   +6.386302e+001
+3.311609e+004	   +6.385339e+001
+3.319071e+004	   +6.385101e+001
+3.326551e+004	   +6.384618e+001
+3.334046e+004	   +6.385297e+001
+3.341559e+004	   +6.384751e+001
+3.349089e+004	   +6.383097e+001
+3.356636e+004	   +6.383632e+001
+3.364199e+004	   +6.385003e+001
+3.371780e+004	   +6.387497e+001
+3.379378e+004	   +6.385302e+001
+3.386993e+004	   +6.382933e+001
+3.394625e+004	   +6.385863e+001
+3.402274e+004	   +6.385228e+001
+3.409941e+004	   +6.384755e+001
+3.417625e+004	   +6.381709e+001
+3.425325e+004	   +6.383541e+001
+3.433044e+004	   +6.383504e+001
+3.440780e+004	   +6.384659e+001
+3.448533e+004	   +6.384129e+001
+3.456304e+004	   +6.381279e+001
+3.464092e+004	   +6.383348e+001
+3.471898e+004	   +6.380843e+001
+3.479721e+004	   +6.378030e+001
+3.487563e+004	   +6.378328e+001
+3.495421e+004	   +6.378977e+001
+3.503298e+004	   +6.374649e+001
+3.511192e+004	   +6.375286e+001
+3.519104e+004	   +6.375164e+001
+3.527034e+004	   +6.374702e+001
+3.534981e+004	   +6.374863e+001
+3.542946e+004	   +6.373903e+001
+3.550930e+004	   +6.372817e+001
+3.558932e+004	   +6.373916e+001
+3.566951e+004	   +6.371095e+001
+3.574989e+004	   +6.372211e+001
+3.583045e+004	   +6.369652e+001
+3.591118e+004	   +6.370858e+001
+3.599211e+004	   +6.366602e+001
+3.607321e+004	   +6.366756e+001
+3.615449e+004	   +6.364851e+001
+3.623596e+004	   +6.363528e+001
+3.631761e+004	   +6.366192e+001
+3.639945e+004	   +6.362387e+001
+3.648147e+004	   +6.362617e+001
+3.656368e+004	   +6.363532e+001
+3.664607e+004	   +6.358964e+001
+3.672864e+004	   +6.356707e+001
+3.681141e+004	   +6.354967e+001
+3.689436e+004	   +6.356157e+001
+3.697749e+004	   +6.354543e+001
+3.706081e+004	   +6.353052e+001
+3.714432e+004	   +6.350964e+001
+3.722802e+004	   +6.352252e+001
+3.731191e+004	   +6.346000e+001
+3.739599e+004	   +6.348529e+001
+3.748025e+004	   +6.345501e+001
+3.756471e+004	   +6.346564e+001
+3.764936e+004	   +6.342488e+001
+3.773420e+004	   +6.338945e+001
+3.781922e+004	   +6.339598e+001
+3.790445e+004	   +6.341074e+001
+3.798986e+004	   +6.333135e+001
+3.807546e+004	   +6.334318e+001
+3.816126e+004	   +6.335583e+001
+3.824725e+004	   +6.331609e+001
+3.833343e+004	   +6.329811e+001
+3.841981e+004	   +6.326307e+001
+3.850639e+004	   +6.328262e+001
+3.859315e+004	   +6.324063e+001
+3.868012e+004	   +6.321323e+001
+3.876728e+004	   +6.318474e+001
+3.885463e+004	   +6.316849e+001
+3.894219e+004	   +6.318705e+001
+3.902994e+004	   +6.314981e+001
+3.911789e+004	   +6.312084e+001
+3.920603e+004	   +6.307851e+001
+3.929438e+004	   +6.307785e+001
+3.938292e+004	   +6.305760e+001
+3.947166e+004	   +6.302569e+001
+3.956061e+004	   +6.301522e+001
+3.964975e+004	   +6.300964e+001
+3.973910e+004	   +6.296577e+001
+3.982864e+004	   +6.292714e+001
+3.991839e+004	   +6.291402e+001
+4.000834e+004	   +6.291200e+001
+4.009849e+004	   +6.285714e+001
+4.018885e+004	   +6.283567e+001
+4.027941e+004	   +6.281436e+001
+4.037017e+004	   +6.279657e+001
+4.046114e+004	   +6.278189e+001
+4.055231e+004	   +6.277427e+001
+4.064369e+004	   +6.269014e+001
+4.073528e+004	   +6.269902e+001
+4.082707e+004	   +6.264774e+001
+4.091907e+004	   +6.264494e+001
+4.101127e+004	   +6.263254e+001
+4.110368e+004	   +6.259036e+001
+4.119630e+004	   +6.257586e+001
+4.128913e+004	   +6.254026e+001
+4.138217e+004	   +6.252006e+001
+4.147542e+004	   +6.247705e+001
+4.156888e+004	   +6.246327e+001
+4.166255e+004	   +6.242948e+001
+4.175643e+004	   +6.238932e+001
+4.185052e+004	   +6.237208e+001
+4.194482e+004	   +6.234137e+001
+4.203934e+004	   +6.230223e+001
+4.213407e+004	   +6.230466e+001
+4.222902e+004	   +6.226242e+001
+4.232417e+004	   +6.223481e+001
+4.241954e+004	   +6.220349e+001
+4.251513e+004	   +6.215630e+001
+4.261093e+004	   +6.214870e+001
+4.270695e+004	   +6.209574e+001
+4.280318e+004	   +6.209376e+001
+4.289963e+004	   +6.202876e+001
+4.299630e+004	   +6.201479e+001
+4.309319e+004	   +6.196773e+001
+4.319029e+004	   +6.192770e+001
+4.328761e+004	   +6.189969e+001
+4.338516e+004	   +6.188389e+001
+4.348292e+004	   +6.183152e+001
+4.358090e+004	   +6.180217e+001
+4.367910e+004	   +6.174791e+001
+4.377753e+004	   +6.176433e+001
+4.387617e+004	   +6.172093e+001
+4.397504e+004	   +6.165127e+001
+4.407413e+004	   +6.164507e+001
+4.417345e+004	   +6.162970e+001
+4.427298e+004	   +6.158475e+001
+4.437275e+004	   +6.154486e+001
+4.447273e+004	   +6.150467e+001
+4.457295e+004	   +6.148288e+001
+4.467339e+004	   +6.143948e+001
+4.477405e+004	   +6.139398e+001
+4.487494e+004	   +6.136958e+001
+4.497606e+004	   +6.133440e+001
+4.507741e+004	   +6.129476e+001
+4.517898e+004	   +6.125681e+001
+4.528079e+004	   +6.125563e+001
+4.538282e+004	   +6.118050e+001
+4.548509e+004	   +6.114994e+001
+4.558758e+004	   +6.107994e+001
+4.569030e+004	   +6.107367e+001
+4.579326e+004	   +6.103455e+001
+4.589645e+004	   +6.097895e+001
+4.599987e+004	   +6.097065e+001
+4.610352e+004	   +6.093649e+001
+4.620741e+004	   +6.090422e+001
+4.631153e+004	   +6.085003e+001
+4.641589e+004	   +6.078378e+001
+4.652048e+004	   +6.077415e+001
+4.662530e+004	   +6.074230e+001
+4.673037e+004	   +6.069486e+001
+4.683567e+004	   +6.068310e+001
+4.694121e+004	   +6.063565e+001
+4.704698e+004	   +6.061596e+001
+4.715300e+004	   +6.054842e+001
+4.725925e+004	   +6.047703e+001
+4.736574e+004	   +6.049263e+001
+4.747247e+004	   +6.042041e+001
+4.757944e+004	   +6.041542e+001
+4.768666e+004	   +6.035983e+001
+4.779411e+004	   +6.030266e+001
+4.790181e+004	   +6.028631e+001
+4.800975e+004	   +6.025713e+001
+4.811793e+004	   +6.021361e+001
+4.822636e+004	   +6.015940e+001
+4.833503e+004	   +6.010378e+001
+4.844395e+004	   +6.007298e+001
+4.855311e+004	   +6.001641e+001
+4.866251e+004	   +5.998529e+001
+4.877216e+004	   +5.995695e+001
+4.888207e+004	   +5.993545e+001
+4.899221e+004	   +5.986650e+001
+4.910261e+004	   +5.985526e+001
+4.921326e+004	   +5.978498e+001
+4.932415e+004	   +5.974420e+001
+4.943530e+004	   +5.971040e+001
+4.954669e+004	   +5.966344e+001
+4.965834e+004	   +5.962275e+001
+4.977023e+004	   +5.960636e+001
+4.988239e+004	   +5.953772e+001
+4.999479e+004	   +5.949508e+001
+5.010745e+004	   +5.945800e+001
+5.022035e+004	   +5.942049e+001
+5.033352e+004	   +5.938046e+001
+5.044694e+004	   +5.933504e+001
+5.056061e+004	   +5.933081e+001
+5.067454e+004	   +5.924814e+001
+5.078873e+004	   +5.922757e+001
+5.090318e+004	   +5.917947e+001
+5.101788e+004	   +5.914275e+001
+5.113284e+004	   +5.909937e+001
+5.124806e+004	   +5.904918e+001
+5.136354e+004	   +5.901282e+001
+5.147928e+004	   +5.896023e+001
+5.159528e+004	   +5.892540e+001
+5.171154e+004	   +5.889030e+001
+5.182807e+004	   +5.883176e+001
+5.194485e+004	   +5.879657e+001
+5.206190e+004	   +5.873371e+001
+5.217922e+004	   +5.871939e+001
+5.229679e+004	   +5.867623e+001
+5.241464e+004	   +5.863964e+001
+5.253275e+004	   +5.862111e+001
+5.265112e+004	   +5.854116e+001
+5.276976e+004	   +5.848949e+001
+5.288867e+004	   +5.848547e+001
+5.300785e+004	   +5.841732e+001
+5.312729e+004	   +5.837824e+001
+5.324701e+004	   +5.830162e+001
+5.336699e+004	   +5.829827e+001
+5.348725e+004	   +5.825696e+001
+5.360777e+004	   +5.819676e+001
+5.372857e+004	   +5.817968e+001
+5.384964e+004	   +5.814275e+001
+5.397098e+004	   +5.808517e+001
+5.409260e+004	   +5.803452e+001
+5.421448e+004	   +5.801787e+001
+5.433665e+004	   +5.794357e+001
+5.445909e+004	   +5.792282e+001
+5.458180e+004	   +5.789445e+001
+5.470480e+004	   +5.782738e+001
+5.482807e+004	   +5.780070e+001
+5.495161e+004	   +5.771157e+001
+5.507544e+004	   +5.769481e+001
+5.519954e+004	   +5.769339e+001
+5.532393e+004	   +5.763664e+001
+5.544859e+004	   +5.756656e+001
+5.557354e+004	   +5.756616e+001
+5.569876e+004	   +5.749638e+001
+5.582427e+004	   +5.746838e+001
+5.595006e+004	   +5.743401e+001
+5.607614e+004	   +5.738370e+001
+5.620250e+004	   +5.734932e+001
+5.632914e+004	   +5.730001e+001
+5.645607e+004	   +5.725690e+001
+5.658329e+004	   +5.722738e+001
+5.671079e+004	   +5.717050e+001
+5.683858e+004	   +5.713154e+001
+5.696666e+004	   +5.704705e+001
+5.709502e+004	   +5.701789e+001
+5.722368e+004	   +5.700869e+001
+5.735262e+004	   +5.694220e+001
+5.748186e+004	   +5.691330e+001
+5.761138e+004	   +5.685945e+001
+5.774120e+004	   +5.681513e+001
+5.787131e+004	   +5.677911e+001
+5.800172e+004	   +5.675387e+001
+5.813242e+004	   +5.670311e+001
+5.826341e+004	   +5.664634e+001
+5.839470e+004	   +5.663893e+001
+5.852628e+004	   +5.657187e+001
+5.865816e+004	   +5.657452e+001
+5.879034e+004	   +5.647460e+001
+5.892281e+004	   +5.643240e+001
+5.905559e+004	   +5.641278e+001
+5.918866e+004	   +5.636732e+001
+5.932204e+004	   +5.633439e+001
+5.945571e+004	   +5.628669e+001
+5.958968e+004	   +5.626254e+001
+5.972396e+004	   +5.619734e+001
+5.985854e+004	   +5.614980e+001
+5.999342e+004	   +5.614602e+001
+6.012861e+004	   +5.608544e+001
+6.026410e+004	   +5.605291e+001
+6.039989e+004	   +5.601575e+001
+6.053600e+004	   +5.593177e+001
+6.067240e+004	   +5.591076e+001
+6.080912e+004	   +5.587317e+001
+6.094614e+004	   +5.582613e+001
+6.108348e+004	   +5.580632e+001
+6.122112e+004	   +5.572923e+001
+6.135907e+004	   +5.570357e+001
+6.149734e+004	   +5.562904e+001
+6.163591e+004	   +5.564470e+001
+6.177480e+004	   +5.557026e+001
+6.191400e+004	   +5.554732e+001
+6.205351e+004	   +5.548924e+001
+6.219334e+004	   +5.545079e+001
+6.233348e+004	   +5.539978e+001
+6.247395e+004	   +5.539547e+001
+6.261472e+004	   +5.531764e+001
+6.275581e+004	   +5.533110e+001
+6.289722e+004	   +5.523988e+001
+6.303895e+004	   +5.520352e+001
+6.318100e+004	   +5.514015e+001
+6.332337e+004	   +5.512928e+001
+6.346606e+004	   +5.507617e+001
+6.360907e+004	   +5.503783e+001
+6.375241e+004	   +5.499605e+001
+6.389606e+004	   +5.495037e+001
+6.404004e+004	   +5.491627e+001
+6.418435e+004	   +5.489699e+001
+6.432898e+004	   +5.485674e+001
+6.447393e+004	   +5.479780e+001
+6.461921e+004	   +5.474553e+001
+6.476482e+004	   +5.472752e+001
+6.491076e+004	   +5.465469e+001
+6.505703e+004	   +5.462333e+001
+6.520363e+004	   +5.457645e+001
+6.535055e+004	   +5.454515e+001
+6.549781e+004	   +5.451464e+001
+6.564540e+004	   +5.446078e+001
+6.579332e+004	   +5.444323e+001
+6.594158e+004	   +5.439659e+001
+6.609016e+004	   +5.433632e+001
+6.623909e+004	   +5.429715e+001
+6.638835e+004	   +5.425931e+001
+6.653795e+004	   +5.423339e+001
+6.668788e+004	   +5.419550e+001
+6.683816e+004	   +5.414940e+001
+6.698877e+004	   +5.407650e+001
+6.713971e+004	   +5.408393e+001
+6.729100e+004	   +5.403438e+001
+6.744263e+004	   +5.398192e+001
+6.759460e+004	   +5.396725e+001
+6.774691e+004	   +5.388088e+001
+6.789958e+004	   +5.386027e+001
+6.805258e+004	   +5.381778e+001
+6.820592e+004	   +5.381829e+001
+6.835962e+004	   +5.376408e+001
+6.851366e+004	   +5.369241e+001
+6.866804e+004	   +5.366599e+001
+6.882277e+004	   +5.362349e+001
+6.897785e+004	   +5.359684e+001
+6.913328e+004	   +5.356772e+001
+6.928907e+004	   +5.350670e+001
+6.944520e+004	   +5.349205e+001
+6.960169e+004	   +5.345291e+001
+6.975852e+004	   +5.338475e+001
+6.991571e+004	   +5.332362e+001
+7.007326e+004	   +5.330854e+001
+7.023116e+004	   +5.327119e+001
+7.038941e+004	   +5.322692e+001
+7.054802e+004	   +5.317339e+001
+7.070699e+004	   +5.317046e+001
+7.086632e+004	   +5.310357e+001
+7.102601e+004	   +5.306351e+001
+7.118605e+004	   +5.304025e+001
+7.134646e+004	   +5.301144e+001
+7.150723e+004	   +5.296468e+001
+7.166836e+004	   +5.290689e+001
+7.182985e+004	   +5.288872e+001
+7.199171e+004	   +5.283120e+001
+7.215394e+004	   +5.281852e+001
+7.231652e+004	   +5.278080e+001
+7.247948e+004	   +5.271231e+001
+7.264280e+004	   +5.268185e+001
+7.280649e+004	   +5.264109e+001
+7.297055e+004	   +5.260260e+001
+7.313498e+004	   +5.257265e+001
+7.329977e+004	   +5.251560e+001
+7.346495e+004	   +5.248339e+001
+7.363048e+004	   +5.243431e+001
+7.379641e+004	   +5.241072e+001
+7.396270e+004	   +5.240552e+001
+7.412936e+004	   +5.233945e+001
+7.429640e+004	   +5.229028e+001
+7.446381e+004	   +5.225047e+001
+7.463160e+004	   +5.222415e+001
+7.479977e+004	   +5.215960e+001
+7.496833e+004	   +5.214167e+001
+7.513726e+004	   +5.211903e+001
+7.530656e+004	   +5.206046e+001
+7.547626e+004	   +5.202876e+001
+7.564634e+004	   +5.197264e+001
+7.581679e+004	   +5.192865e+001
+7.598763e+004	   +5.194099e+001
+7.615886e+004	   +5.185984e+001
+7.633047e+004	   +5.182474e+001
+7.650247e+004	   +5.184056e+001
+7.667486e+004	   +5.175505e+001
+7.684763e+004	   +5.170549e+001
+7.702080e+004	   +5.168271e+001
+7.719435e+004	   +5.165584e+001
+7.736830e+004	   +5.159153e+001
+7.754264e+004	   +5.157729e+001
+7.771737e+004	   +5.153405e+001
+7.789249e+004	   +5.149036e+001
+7.806801e+004	   +5.145723e+001
+7.824393e+004	   +5.141382e+001
+7.842023e+004	   +5.138293e+001
+7.859695e+004	   +5.133451e+001
+7.877405e+004	   +5.131215e+001
+7.895155e+004	   +5.128479e+001
+7.912946e+004	   +5.123812e+001
+7.930777e+004	   +5.118713e+001
+7.948648e+004	   +5.114992e+001
+7.966559e+004	   +5.113155e+001
+7.984510e+004	   +5.110196e+001
+8.002502e+004	   +5.104676e+001
+8.020534e+004	   +5.101514e+001
+8.038608e+004	   +5.098481e+001
+8.056722e+004	   +5.095291e+001
+8.074877e+004	   +5.091159e+001
+8.093072e+004	   +5.087406e+001
+8.111309e+004	   +5.083522e+001
+8.129586e+004	   +5.078061e+001
+8.147905e+004	   +5.074724e+001
+8.166265e+004	   +5.070712e+001
+8.184666e+004	   +5.065304e+001
+8.203109e+004	   +5.063258e+001
+8.221594e+004	   +5.058067e+001
+8.240120e+004	   +5.059849e+001
+8.258688e+004	   +5.053653e+001
+8.277298e+004	   +5.048190e+001
+8.295949e+004	   +5.048261e+001
+8.314643e+004	   +5.041505e+001
+8.333379e+004	   +5.035168e+001
+8.352157e+004	   +5.031892e+001
+8.370977e+004	   +5.032243e+001
+8.389840e+004	   +5.025585e+001
+8.408745e+004	   +5.023717e+001
+8.427693e+004	   +5.020944e+001
+8.446684e+004	   +5.014180e+001
+8.465716e+004	   +5.009061e+001
+8.484793e+004	   +5.005691e+001
+8.503913e+004	   +5.004218e+001
+8.523074e+004	   +5.002046e+001
+8.542280e+004	   +4.997661e+001
+8.561529e+004	   +4.991789e+001
+8.580821e+004	   +4.991961e+001
+8.600156e+004	   +4.984000e+001
+8.619536e+004	   +4.983634e+001
+8.638959e+004	   +4.978731e+001
+8.658425e+004	   +4.972891e+001
+8.677936e+004	   +4.971990e+001
+8.697490e+004	   +4.971000e+001
+8.717088e+004	   +4.963615e+001
+8.736731e+004	   +4.960083e+001
+8.756418e+004	   +4.960572e+001
+8.776149e+004	   +4.950221e+001
+8.795925e+004	   +4.949845e+001
+8.815745e+004	   +4.947402e+001
+8.835610e+004	   +4.944675e+001
+8.855520e+004	   +4.940957e+001
+8.875475e+004	   +4.934171e+001
+8.895474e+004	   +4.932836e+001
+8.915519e+004	   +4.930285e+001
+8.935609e+004	   +4.923874e+001
+8.955744e+004	   +4.920051e+001
+8.975924e+004	   +4.916162e+001
+8.996150e+004	   +4.915152e+001
+9.016422e+004	   +4.908430e+001
+9.036739e+004	   +4.906299e+001
+9.057102e+004	   +4.906767e+001
+9.077511e+004	   +4.898116e+001
+9.097966e+004	   +4.896245e+001
+9.118466e+004	   +4.893379e+001
+9.139013e+004	   +4.889011e+001
+9.159607e+004	   +4.887426e+001
+9.180247e+004	   +4.882674e+001
+9.200933e+004	   +4.877103e+001
+9.221666e+004	   +4.873109e+001
+9.242445e+004	   +4.876287e+001
+9.263272e+004	   +4.867155e+001
+9.284145e+004	   +4.862299e+001
+9.305066e+004	   +4.865034e+001
+9.326034e+004	   +4.860541e+001
+9.347048e+004	   +4.854187e+001
+9.368110e+004	   +4.850924e+001
+9.389220e+004	   +4.848782e+001
+9.410377e+004	   +4.844512e+001
+9.431582e+004	   +4.840928e+001
+9.452835e+004	   +4.837900e+001
+9.474135e+004	   +4.834305e+001
+9.495484e+004	   +4.832695e+001
+9.516880e+004	   +4.826252e+001
+9.538326e+004	   +4.822221e+001
+9.559819e+004	   +4.816706e+001
+9.581360e+004	   +4.814120e+001
+9.602951e+004	   +4.816087e+001
+9.624589e+004	   +4.806190e+001
+9.646277e+004	   +4.805723e+001
+9.668013e+004	   +4.800326e+001
+9.689798e+004	   +4.796520e+001
+9.711634e+004	   +4.794578e+001
+9.733517e+004	   +4.791862e+001
+9.755450e+004	   +4.788488e+001
+9.777433e+004	   +4.783188e+001
+9.799465e+004	   +4.780701e+001
+9.821546e+004	   +4.780025e+001
+9.843677e+004	   +4.773262e+001
+9.865859e+004	   +4.771291e+001
+9.888090e+004	   +4.767101e+001
+9.910371e+004	   +4.762195e+001
+9.932703e+004	   +4.757812e+001
+9.955085e+004	   +4.758727e+001
+9.977517e+004	   +4.752672e+001
+1.000000e+005	   +4.749185e+001
