+1.000000e+004	   +1.152840e-001
+1.001126e+004	   +1.160559e-001
+1.002253e+004	   +1.139334e-001
+1.003382e+004	   +1.160083e-001
+1.004512e+004	   +1.176775e-001
+1.005643e+004	   +1.153435e-001
+1.006775e+004	   +1.157643e-001
+1.007909e+004	   +1.169062e-001
+1.009044e+004	   +1.182335e-001
+1.010180e+004	   +1.179832e-001
+1.011318e+004	   +1.159487e-001
+1.012456e+004	   +1.181099e-001
+1.013596e+004	   +1.187709e-001
+1.014738e+004	   +1.179659e-001
+1.015880e+004	   +1.193587e-001
+1.017024e+004	   +1.199507e-001
+1.018170e+004	   +1.179200e-001
+1.019316e+004	   +1.202950e-001
+1.020464e+004	   +1.183493e-001
+1.021613e+004	   +1.198215e-001
+1.022763e+004	   +1.192124e-001
+1.023915e+004	   +1.203585e-001
+1.025068e+004	   +1.215739e-001
+1.026222e+004	   +1.203140e-001
+1.027378e+004	   +1.200987e-001
+1.028535e+004	   +1.198392e-001
+1.029693e+004	   +1.234119e-001
+1.030852e+004	   +1.236134e-001
+1.032013e+004	   +1.226352e-001
+1.033175e+004	   +1.210978e-001
+1.034339e+004	   +1.231260e-001
+1.035503e+004	   +1.230857e-001
+1.036669e+004	   +1.236948e-001
+1.037837e+004	   +1.250241e-001
+1.039005e+004	   +1.251537e-001
+1.040175e+004	   +1.219485e-001
+1.041347e+004	   +1.246677e-001
+1.042519e+004	   +1.243952e-001
+1.043693e+004	   +1.260583e-001
+1.044868e+004	   +1.239327e-001
+1.046045e+004	   +1.243574e-001
+1.047223e+004	   +1.260096e-001
+1.048402e+004	   +1.249168e-001
+1.049583e+004	   +1.254406e-001
+1.050764e+004	   +1.263871e-001
+1.051948e+004	   +1.260940e-001
+1.053132e+004	   +1.274129e-001
+1.054318e+004	   +1.291786e-001
+1.055505e+004	   +1.262682e-001
+1.056694e+004	   +1.265601e-001
+1.057884e+004	   +1.284420e-001
+1.059075e+004	   +1.279281e-001
+1.060267e+004	   +1.276348e-001
+1.061461e+004	   +1.312032e-001
+1.062657e+004	   +1.293756e-001
+1.063853e+004	   +1.275046e-001
+1.065051e+004	   +1.307222e-001
+1.066250e+004	   +1.306711e-001
+1.067451e+004	   +1.314443e-001
+1.068653e+004	   +1.291958e-001
+1.069856e+004	   +1.323287e-001
+1.071061e+004	   +1.324525e-001
+1.072267e+004	   +1.332048e-001
+1.073475e+004	   +1.326499e-001
+1.074683e+004	   +1.315773e-001
+1.075894e+004	   +1.314535e-001
+1.077105e+004	   +1.331623e-001
+1.078318e+004	   +1.319224e-001
+1.079532e+004	   +1.334941e-001
+1.080748e+004	   +1.319125e-001
+1.081965e+004	   +1.335543e-001
+1.083183e+004	   +1.361729e-001
+1.084403e+004	   +1.351214e-001
+1.085624e+004	   +1.330216e-001
+1.086846e+004	   +1.346142e-001
+1.088070e+004	   +1.351088e-001
+1.089295e+004	   +1.353405e-001
+1.090522e+004	   +1.353918e-001
+1.091750e+004	   +1.352718e-001
+1.092979e+004	   +1.378216e-001
+1.094210e+004	   +1.356525e-001
+1.095442e+004	   +1.341532e-001
+1.096676e+004	   +1.371372e-001
+1.097911e+004	   +1.382909e-001
+1.099147e+004	   +1.382927e-001
+1.100385e+004	   +1.360596e-001
+1.101624e+004	   +1.406496e-001
+1.102864e+004	   +1.393849e-001
+1.104106e+004	   +1.392663e-001
+1.105349e+004	   +1.411802e-001
+1.106594e+004	   +1.379315e-001
+1.107840e+004	   +1.387257e-001
+1.109087e+004	   +1.410388e-001
+1.110336e+004	   +1.396095e-001
+1.111587e+004	   +1.398989e-001
+1.112838e+004	   +1.411280e-001
+1.114091e+004	   +1.433374e-001
+1.115346e+004	   +1.415649e-001
+1.116602e+004	   +1.416741e-001
+1.117859e+004	   +1.415579e-001
+1.119118e+004	   +1.436028e-001
+1.120378e+004	   +1.426817e-001
+1.121640e+004	   +1.427298e-001
+1.122903e+004	   +1.415394e-001
+1.124167e+004	   +1.440138e-001
+1.125433e+004	   +1.429041e-001
+1.126700e+004	   +1.423461e-001
+1.127969e+004	   +1.453732e-001
+1.129239e+004	   +1.449730e-001
+1.130511e+004	   +1.474022e-001
+1.131784e+004	   +1.443227e-001
+1.133058e+004	   +1.469794e-001
+1.134334e+004	   +1.455617e-001
+1.135611e+004	   +1.472395e-001
+1.136890e+004	   +1.465897e-001
+1.138170e+004	   +1.455200e-001
+1.139452e+004	   +1.472988e-001
+1.140735e+004	   +1.479872e-001
+1.142019e+004	   +1.491500e-001
+1.143305e+004	   +1.475410e-001
+1.144593e+004	   +1.466451e-001
+1.145882e+004	   +1.487787e-001
+1.147172e+004	   +1.483178e-001
+1.148464e+004	   +1.507938e-001
+1.149757e+004	   +1.500515e-001
+1.151052e+004	   +1.512897e-001
+1.152348e+004	   +1.505701e-001
+1.153645e+004	   +1.511192e-001
+1.154944e+004	   +1.511884e-001
+1.156245e+004	   +1.526205e-001
+1.157547e+004	   +1.492174e-001
+1.158850e+004	   +1.518188e-001
+1.160155e+004	   +1.523486e-001
+1.161462e+004	   +1.521885e-001
+1.162770e+004	   +1.533575e-001
+1.164079e+004	   +1.545898e-001
+1.165390e+004	   +1.523185e-001
+1.166702e+004	   +1.539974e-001
+1.168016e+004	   +1.553684e-001
+1.169331e+004	   +1.549633e-001
+1.170648e+004	   +1.553027e-001
+1.171966e+004	   +1.534654e-001
+1.173286e+004	   +1.543503e-001
+1.174607e+004	   +1.575549e-001
+1.175929e+004	   +1.549518e-001
+1.177254e+004	   +1.539219e-001
+1.178579e+004	   +1.575952e-001
+1.179906e+004	   +1.569226e-001
+1.181235e+004	   +1.560329e-001
+1.182565e+004	   +1.591207e-001
+1.183897e+004	   +1.576752e-001
+1.185230e+004	   +1.596585e-001
+1.186564e+004	   +1.603744e-001
+1.187900e+004	   +1.597728e-001
+1.189238e+004	   +1.598230e-001
+1.190577e+004	   +1.582318e-001
+1.191918e+004	   +1.610859e-001
+1.193260e+004	   +1.594995e-001
+1.194604e+004	   +1.600788e-001
+1.195949e+004	   +1.609598e-001
+1.197296e+004	   +1.636322e-001
+1.198644e+004	   +1.619914e-001
+1.199993e+004	   +1.626994e-001
+1.201345e+004	   +1.605957e-001
+1.202697e+004	   +1.617787e-001
+1.204052e+004	   +1.624733e-001
+1.205408e+004	   +1.638251e-001
+1.206765e+004	   +1.618451e-001
+1.208124e+004	   +1.645332e-001
+1.209484e+004	   +1.640747e-001
+1.210846e+004	   +1.647668e-001
+1.212210e+004	   +1.656483e-001
+1.213575e+004	   +1.660943e-001
+1.214941e+004	   +1.659139e-001
+1.216309e+004	   +1.657217e-001
+1.217679e+004	   +1.656045e-001
+1.219050e+004	   +1.656129e-001
+1.220423e+004	   +1.663115e-001
+1.221797e+004	   +1.683409e-001
+1.223173e+004	   +1.677821e-001
+1.224550e+004	   +1.669060e-001
+1.225929e+004	   +1.684065e-001
+1.227309e+004	   +1.697293e-001
+1.228691e+004	   +1.685378e-001
+1.230075e+004	   +1.686352e-001
+1.231460e+004	   +1.699794e-001
+1.232847e+004	   +1.691550e-001
+1.234235e+004	   +1.711949e-001
+1.235625e+004	   +1.708332e-001
+1.237016e+004	   +1.724384e-001
+1.238409e+004	   +1.700708e-001
+1.239804e+004	   +1.705851e-001
+1.241200e+004	   +1.720977e-001
+1.242597e+004	   +1.719130e-001
+1.243996e+004	   +1.727667e-001
+1.245397e+004	   +1.741538e-001
+1.246800e+004	   +1.735684e-001
+1.248204e+004	   +1.720238e-001
+1.249609e+004	   +1.759650e-001
+1.251016e+004	   +1.740383e-001
+1.252425e+004	   +1.753327e-001
+1.253835e+004	   +1.765321e-001
+1.255247e+004	   +1.778447e-001
+1.256661e+004	   +1.779378e-001
+1.258076e+004	   +1.739857e-001
+1.259492e+004	   +1.770979e-001
+1.260911e+004	   +1.774247e-001
+1.262330e+004	   +1.782525e-001
+1.263752e+004	   +1.786644e-001
+1.265175e+004	   +1.791798e-001
+1.266599e+004	   +1.798791e-001
+1.268026e+004	   +1.810908e-001
+1.269454e+004	   +1.783109e-001
+1.270883e+004	   +1.802682e-001
+1.272314e+004	   +1.804302e-001
+1.273747e+004	   +1.808060e-001
+1.275181e+004	   +1.801697e-001
+1.276617e+004	   +1.799227e-001
+1.278054e+004	   +1.842690e-001
+1.279494e+004	   +1.819176e-001
+1.280934e+004	   +1.840546e-001
+1.282377e+004	   +1.822463e-001
+1.283821e+004	   +1.845470e-001
+1.285266e+004	   +1.839580e-001
+1.286714e+004	   +1.851533e-001
+1.288163e+004	   +1.857913e-001
+1.289613e+004	   +1.841048e-001
+1.291065e+004	   +1.848682e-001
+1.292519e+004	   +1.859250e-001
+1.293975e+004	   +1.866862e-001
+1.295432e+004	   +1.855695e-001
+1.296890e+004	   +1.862764e-001
+1.298351e+004	   +1.876761e-001
+1.299813e+004	   +1.860319e-001
+1.301276e+004	   +1.885506e-001
+1.302742e+004	   +1.887594e-001
+1.304208e+004	   +1.883826e-001
+1.305677e+004	   +1.890536e-001
+1.307147e+004	   +1.895359e-001
+1.308619e+004	   +1.893997e-001
+1.310093e+004	   +1.888964e-001
+1.311568e+004	   +1.889899e-001
+1.313045e+004	   +1.908939e-001
+1.314523e+004	   +1.904458e-001
+1.316004e+004	   +1.908081e-001
+1.317486e+004	   +1.920554e-001
+1.318969e+004	   +1.943368e-001
+1.320454e+004	   +1.937220e-001
+1.321941e+004	   +1.937204e-001
+1.323430e+004	   +1.949783e-001
+1.324920e+004	   +1.935164e-001
+1.326412e+004	   +1.958975e-001
+1.327905e+004	   +1.975784e-001
+1.329401e+004	   +1.963854e-001
+1.330898e+004	   +1.971464e-001
+1.332396e+004	   +1.945499e-001
+1.333897e+004	   +1.977302e-001
+1.335399e+004	   +1.969325e-001
+1.336902e+004	   +1.967142e-001
+1.338408e+004	   +1.964970e-001
+1.339915e+004	   +1.976373e-001
+1.341424e+004	   +2.000329e-001
+1.342934e+004	   +1.972366e-001
+1.344446e+004	   +2.010172e-001
+1.345960e+004	   +1.998410e-001
+1.347476e+004	   +2.025564e-001
+1.348993e+004	   +2.023948e-001
+1.350512e+004	   +2.008657e-001
+1.352033e+004	   +2.025008e-001
+1.353555e+004	   +2.015463e-001
+1.355080e+004	   +2.033799e-001
+1.356605e+004	   +2.018321e-001
+1.358133e+004	   +2.049355e-001
+1.359662e+004	   +2.027820e-001
+1.361193e+004	   +2.069286e-001
+1.362726e+004	   +2.075755e-001
+1.364261e+004	   +2.024886e-001
+1.365797e+004	   +2.047076e-001
+1.367335e+004	   +2.061978e-001
+1.368875e+004	   +2.055090e-001
+1.370416e+004	   +2.078979e-001
+1.371959e+004	   +2.082459e-001
+1.373504e+004	   +2.084422e-001
+1.375051e+004	   +2.083162e-001
+1.376599e+004	   +2.091175e-001
+1.378149e+004	   +2.073979e-001
+1.379701e+004	   +2.108660e-001
+1.381254e+004	   +2.091136e-001
+1.382810e+004	   +2.094659e-001
+1.384367e+004	   +2.093107e-001
+1.385926e+004	   +2.097081e-001
+1.387486e+004	   +2.116612e-001
+1.389049e+004	   +2.123914e-001
+1.390613e+004	   +2.143126e-001
+1.392179e+004	   +2.140010e-001
+1.393746e+004	   +2.145914e-001
+1.395316e+004	   +2.153146e-001
+1.396887e+004	   +2.147181e-001
+1.398460e+004	   +2.142406e-001
+1.400035e+004	   +2.145126e-001
+1.401611e+004	   +2.163810e-001
+1.403189e+004	   +2.152142e-001
+1.404770e+004	   +2.160003e-001
+1.406351e+004	   +2.185205e-001
+1.407935e+004	   +2.177130e-001
+1.409520e+004	   +2.191691e-001
+1.411108e+004	   +2.179044e-001
+1.412696e+004	   +2.200084e-001
+1.414287e+004	   +2.175355e-001
+1.415880e+004	   +2.180858e-001
+1.417474e+004	   +2.220779e-001
+1.419070e+004	   +2.186773e-001
+1.420668e+004	   +2.207504e-001
+1.422268e+004	   +2.217909e-001
+1.423870e+004	   +2.198518e-001
+1.425473e+004	   +2.234934e-001
+1.427078e+004	   +2.234138e-001
+1.428685e+004	   +2.239714e-001
+1.430294e+004	   +2.246549e-001
+1.431904e+004	   +2.239106e-001
+1.433517e+004	   +2.262097e-001
+1.435131e+004	   +2.245491e-001
+1.436747e+004	   +2.263598e-001
+1.438365e+004	   +2.254115e-001
+1.439984e+004	   +2.255570e-001
+1.441606e+004	   +2.278472e-001
+1.443229e+004	   +2.278251e-001
+1.444854e+004	   +2.289162e-001
+1.446481e+004	   +2.277112e-001
+1.448110e+004	   +2.286046e-001
+1.449741e+004	   +2.301588e-001
+1.451373e+004	   +2.305725e-001
+1.453007e+004	   +2.298588e-001
+1.454644e+004	   +2.295139e-001
+1.456282e+004	   +2.311141e-001
+1.457921e+004	   +2.312165e-001
+1.459563e+004	   +2.322414e-001
+1.461207e+004	   +2.345539e-001
+1.462852e+004	   +2.353721e-001
+1.464499e+004	   +2.344309e-001
+1.466148e+004	   +2.347759e-001
+1.467799e+004	   +2.350306e-001
+1.469452e+004	   +2.353304e-001
+1.471107e+004	   +2.353540e-001
+1.472763e+004	   +2.377823e-001
+1.474422e+004	   +2.383330e-001
+1.476082e+004	   +2.376931e-001
+1.477744e+004	   +2.375506e-001
+1.479408e+004	   +2.380135e-001
+1.481074e+004	   +2.405103e-001
+1.482742e+004	   +2.418542e-001
+1.484411e+004	   +2.414058e-001
+1.486083e+004	   +2.397599e-001
+1.487756e+004	   +2.412170e-001
+1.489431e+004	   +2.414692e-001
+1.491109e+004	   +2.421449e-001
+1.492788e+004	   +2.428659e-001
+1.494469e+004	   +2.431858e-001
+1.496151e+004	   +2.422575e-001
+1.497836e+004	   +2.436935e-001
+1.499523e+004	   +2.440378e-001
+1.501211e+004	   +2.447713e-001
+1.502902e+004	   +2.467758e-001
+1.504594e+004	   +2.452739e-001
+1.506288e+004	   +2.460625e-001
+1.507984e+004	   +2.483143e-001
+1.509683e+004	   +2.457271e-001
+1.511383e+004	   +2.477459e-001
+1.513084e+004	   +2.479166e-001
+1.514788e+004	   +2.476582e-001
+1.516494e+004	   +2.498876e-001
+1.518202e+004	   +2.501996e-001
+1.519911e+004	   +2.506933e-001
+1.521623e+004	   +2.491069e-001
+1.523336e+004	   +2.518439e-001
+1.525051e+004	   +2.523958e-001
+1.526769e+004	   +2.509926e-001
+1.528488e+004	   +2.536803e-001
+1.530209e+004	   +2.541435e-001
+1.531932e+004	   +2.533587e-001
+1.533657e+004	   +2.544901e-001
+1.535384e+004	   +2.559528e-001
+1.537113e+004	   +2.545775e-001
+1.538844e+004	   +2.556475e-001
+1.540577e+004	   +2.574588e-001
+1.542311e+004	   +2.570031e-001
+1.544048e+004	   +2.579831e-001
+1.545787e+004	   +2.598037e-001
+1.547527e+004	   +2.612680e-001
+1.549270e+004	   +2.609535e-001
+1.551014e+004	   +2.625610e-001
+1.552761e+004	   +2.615551e-001
+1.554509e+004	   +2.609778e-001
+1.556260e+004	   +2.633487e-001
+1.558012e+004	   +2.628934e-001
+1.559767e+004	   +2.628692e-001
+1.561523e+004	   +2.618024e-001
+1.563281e+004	   +2.656597e-001
+1.565042e+004	   +2.663464e-001
+1.566804e+004	   +2.649399e-001
+1.568568e+004	   +2.672617e-001
+1.570335e+004	   +2.655492e-001
+1.572103e+004	   +2.659930e-001
+1.573873e+004	   +2.683644e-001
+1.575645e+004	   +2.670937e-001
+1.577420e+004	   +2.693860e-001
+1.579196e+004	   +2.687071e-001
+1.580974e+004	   +2.671980e-001
+1.582754e+004	   +2.698459e-001
+1.584537e+004	   +2.700141e-001
+1.586321e+004	   +2.721765e-001
+1.588107e+004	   +2.729279e-001
+1.589895e+004	   +2.717402e-001
+1.591686e+004	   +2.726759e-001
+1.593478e+004	   +2.734344e-001
+1.595272e+004	   +2.729293e-001
+1.597069e+004	   +2.735002e-001
+1.598867e+004	   +2.737440e-001
+1.600667e+004	   +2.765800e-001
+1.602470e+004	   +2.758397e-001
+1.604274e+004	   +2.751063e-001
+1.606081e+004	   +2.770199e-001
+1.607889e+004	   +2.768981e-001
+1.609700e+004	   +2.792603e-001
+1.611512e+004	   +2.786528e-001
+1.613327e+004	   +2.775513e-001
+1.615144e+004	   +2.791678e-001
+1.616962e+004	   +2.800143e-001
+1.618783e+004	   +2.820871e-001
+1.620606e+004	   +2.793696e-001
+1.622431e+004	   +2.785878e-001
+1.624258e+004	   +2.837033e-001
+1.626087e+004	   +2.842727e-001
+1.627918e+004	   +2.827412e-001
+1.629751e+004	   +2.849259e-001
+1.631586e+004	   +2.844913e-001
+1.633423e+004	   +2.827226e-001
+1.635263e+004	   +2.863038e-001
+1.637104e+004	   +2.861586e-001
+1.638947e+004	   +2.877438e-001
+1.640793e+004	   +2.876855e-001
+1.642640e+004	   +2.892161e-001
+1.644490e+004	   +2.905475e-001
+1.646342e+004	   +2.900263e-001
+1.648196e+004	   +2.902876e-001
+1.650052e+004	   +2.912834e-001
+1.651910e+004	   +2.900043e-001
+1.653770e+004	   +2.928541e-001
+1.655632e+004	   +2.915232e-001
+1.657496e+004	   +2.922863e-001
+1.659363e+004	   +2.942322e-001
+1.661231e+004	   +2.922429e-001
+1.663102e+004	   +2.941939e-001
+1.664975e+004	   +2.966014e-001
+1.666849e+004	   +2.953575e-001
+1.668726e+004	   +2.983127e-001
+1.670605e+004	   +2.935440e-001
+1.672487e+004	   +2.986075e-001
+1.674370e+004	   +2.987187e-001
+1.676255e+004	   +2.987964e-001
+1.678143e+004	   +2.997883e-001
+1.680033e+004	   +3.005892e-001
+1.681924e+004	   +2.997455e-001
+1.683818e+004	   +3.017266e-001
+1.685714e+004	   +3.011402e-001
+1.687613e+004	   +3.011199e-001
+1.689513e+004	   +3.032600e-001
+1.691415e+004	   +3.036614e-001
+1.693320e+004	   +3.066488e-001
+1.695227e+004	   +3.040975e-001
+1.697136e+004	   +3.065534e-001
+1.699046e+004	   +3.062313e-001
+1.700960e+004	   +3.077304e-001
+1.702875e+004	   +3.063009e-001
+1.704793e+004	   +3.070960e-001
+1.706712e+004	   +3.084032e-001
+1.708634e+004	   +3.088595e-001
+1.710558e+004	   +3.080567e-001
+1.712484e+004	   +3.123216e-001
+1.714413e+004	   +3.123393e-001
+1.716343e+004	   +3.133338e-001
+1.718276e+004	   +3.136889e-001
+1.720211e+004	   +3.136695e-001
+1.722148e+004	   +3.138655e-001
+1.724087e+004	   +3.151954e-001
+1.726028e+004	   +3.158861e-001
+1.727972e+004	   +3.151235e-001
+1.729918e+004	   +3.162458e-001
+1.731866e+004	   +3.170703e-001
+1.733816e+004	   +3.187757e-001
+1.735768e+004	   +3.181089e-001
+1.737723e+004	   +3.201725e-001
+1.739679e+004	   +3.179095e-001
+1.741638e+004	   +3.184753e-001
+1.743599e+004	   +3.217704e-001
+1.745563e+004	   +3.189867e-001
+1.747528e+004	   +3.229554e-001
+1.749496e+004	   +3.233732e-001
+1.751466e+004	   +3.232200e-001
+1.753438e+004	   +3.244868e-001
+1.755413e+004	   +3.243692e-001
+1.757389e+004	   +3.256357e-001
+1.759368e+004	   +3.259323e-001
+1.761350e+004	   +3.261057e-001
+1.763333e+004	   +3.269050e-001
+1.765319e+004	   +3.272635e-001
+1.767306e+004	   +3.282806e-001
+1.769296e+004	   +3.291147e-001
+1.771289e+004	   +3.294626e-001
+1.773283e+004	   +3.322176e-001
+1.775280e+004	   +3.329270e-001
+1.777279e+004	   +3.294684e-001
+1.779280e+004	   +3.338445e-001
+1.781284e+004	   +3.335783e-001
+1.783290e+004	   +3.324111e-001
+1.785298e+004	   +3.330496e-001
+1.787308e+004	   +3.363677e-001
+1.789321e+004	   +3.359412e-001
+1.791336e+004	   +3.357742e-001
+1.793353e+004	   +3.390069e-001
+1.795372e+004	   +3.377350e-001
+1.797394e+004	   +3.356772e-001
+1.799418e+004	   +3.393769e-001
+1.801444e+004	   +3.404991e-001
+1.803472e+004	   +3.408700e-001
+1.805503e+004	   +3.405903e-001
+1.807536e+004	   +3.413751e-001
+1.809571e+004	   +3.413458e-001
+1.811609e+004	   +3.424011e-001
+1.813649e+004	   +3.428910e-001
+1.815691e+004	   +3.444577e-001
+1.817736e+004	   +3.470245e-001
+1.819783e+004	   +3.469054e-001
+1.821832e+004	   +3.480211e-001
+1.823883e+004	   +3.501834e-001
+1.825937e+004	   +3.483225e-001
+1.827993e+004	   +3.498725e-001
+1.830052e+004	   +3.474697e-001
+1.832112e+004	   +3.497119e-001
+1.834175e+004	   +3.538585e-001
+1.836241e+004	   +3.491313e-001
+1.838308e+004	   +3.535276e-001
+1.840379e+004	   +3.507475e-001
+1.842451e+004	   +3.549468e-001
+1.844525e+004	   +3.535591e-001
+1.846603e+004	   +3.555279e-001
+1.848682e+004	   +3.571673e-001
+1.850763e+004	   +3.560513e-001
+1.852847e+004	   +3.586951e-001
+1.854934e+004	   +3.559962e-001
+1.857023e+004	   +3.563753e-001
+1.859114e+004	   +3.597577e-001
+1.861207e+004	   +3.600273e-001
+1.863303e+004	   +3.615355e-001
+1.865401e+004	   +3.620593e-001
+1.867502e+004	   +3.617084e-001
+1.869604e+004	   +3.656288e-001
+1.871710e+004	   +3.614227e-001
+1.873817e+004	   +3.626458e-001
+1.875927e+004	   +3.644428e-001
+1.878040e+004	   +3.643904e-001
+1.880154e+004	   +3.658217e-001
+1.882272e+004	   +3.651174e-001
+1.884391e+004	   +3.661378e-001
+1.886513e+004	   +3.708250e-001
+1.888637e+004	   +3.699665e-001
+1.890764e+004	   +3.704440e-001
+1.892893e+004	   +3.695329e-001
+1.895025e+004	   +3.691552e-001
+1.897159e+004	   +3.722810e-001
+1.899295e+004	   +3.726964e-001
+1.901433e+004	   +3.712614e-001
+1.903575e+004	   +3.753622e-001
+1.905718e+004	   +3.711371e-001
+1.907864e+004	   +3.737795e-001
+1.910012e+004	   +3.773303e-001
+1.912163e+004	   +3.749882e-001
+1.914316e+004	   +3.781725e-001
+1.916472e+004	   +3.771396e-001
+1.918630e+004	   +3.785063e-001
+1.920790e+004	   +3.798555e-001
+1.922953e+004	   +3.779697e-001
+1.925119e+004	   +3.802635e-001
+1.927286e+004	   +3.822319e-001
+1.929456e+004	   +3.797243e-001
+1.931629e+004	   +3.825315e-001
+1.933804e+004	   +3.818898e-001
+1.935982e+004	   +3.828094e-001
+1.938162e+004	   +3.850900e-001
+1.940344e+004	   +3.861633e-001
+1.942529e+004	   +3.876865e-001
+1.944717e+004	   +3.892200e-001
+1.946906e+004	   +3.862645e-001
+1.949099e+004	   +3.906154e-001
+1.951293e+004	   +3.898176e-001
+1.953491e+004	   +3.894357e-001
+1.955690e+004	   +3.907477e-001
+1.957893e+004	   +3.927792e-001
+1.960097e+004	   +3.900804e-001
+1.962304e+004	   +3.984348e-001
+1.964514e+004	   +3.914076e-001
+1.966726e+004	   +3.958054e-001
+1.968941e+004	   +3.967102e-001
+1.971158e+004	   +3.953686e-001
+1.973378e+004	   +3.969120e-001
+1.975600e+004	   +3.967115e-001
+1.977824e+004	   +3.972881e-001
+1.980051e+004	   +4.006120e-001
+1.982281e+004	   +3.999235e-001
+1.984513e+004	   +3.998001e-001
+1.986748e+004	   +4.048208e-001
+1.988985e+004	   +4.008137e-001
+1.991225e+004	   +4.041726e-001
+1.993467e+004	   +4.033318e-001
+1.995712e+004	   +4.027694e-001
+1.997959e+004	   +4.058337e-001
+2.000209e+004	   +4.061276e-001
+2.002461e+004	   +4.060219e-001
+2.004716e+004	   +4.088990e-001
+2.006973e+004	   +4.077983e-001
+2.009233e+004	   +4.087865e-001
+2.011496e+004	   +4.094162e-001
+2.013761e+004	   +4.102977e-001
+2.016028e+004	   +4.139381e-001
+2.018298e+004	   +4.102524e-001
+2.020571e+004	   +4.139168e-001
+2.022846e+004	   +4.150242e-001
+2.025124e+004	   +4.152275e-001
+2.027404e+004	   +4.151376e-001
+2.029687e+004	   +4.167157e-001
+2.031973e+004	   +4.150640e-001
+2.034261e+004	   +4.192320e-001
+2.036552e+004	   +4.175692e-001
+2.038845e+004	   +4.194245e-001
+2.041141e+004	   +4.214734e-001
+2.043439e+004	   +4.189788e-001
+2.045740e+004	   +4.216121e-001
+2.048044e+004	   +4.243921e-001
+2.050350e+004	   +4.211282e-001
+2.052659e+004	   +4.234614e-001
+2.054970e+004	   +4.240621e-001
+2.057284e+004	   +4.249284e-001
+2.059601e+004	   +4.278678e-001
+2.061920e+004	   +4.263720e-001
+2.064242e+004	   +4.292589e-001
+2.066566e+004	   +4.290152e-001
+2.068893e+004	   +4.278472e-001
+2.071223e+004	   +4.296862e-001
+2.073555e+004	   +4.305732e-001
+2.075890e+004	   +4.316512e-001
+2.078227e+004	   +4.332997e-001
+2.080568e+004	   +4.352240e-001
+2.082910e+004	   +4.314491e-001
+2.085256e+004	   +4.372752e-001
+2.087604e+004	   +4.343880e-001
+2.089955e+004	   +4.363830e-001
+2.092308e+004	   +4.367560e-001
+2.094664e+004	   +4.378923e-001
+2.097023e+004	   +4.388027e-001
+2.099384e+004	   +4.413674e-001
+2.101748e+004	   +4.397140e-001
+2.104115e+004	   +4.423092e-001
+2.106484e+004	   +4.413690e-001
+2.108856e+004	   +4.438887e-001
+2.111231e+004	   +4.454848e-001
+2.113608e+004	   +4.467361e-001
+2.115988e+004	   +4.467059e-001
+2.118371e+004	   +4.469821e-001
+2.120756e+004	   +4.466121e-001
+2.123144e+004	   +4.484074e-001
+2.125535e+004	   +4.487652e-001
+2.127928e+004	   +4.476509e-001
+2.130324e+004	   +4.522169e-001
+2.132723e+004	   +4.517882e-001
+2.135125e+004	   +4.520516e-001
+2.137529e+004	   +4.539579e-001
+2.139936e+004	   +4.512914e-001
+2.142346e+004	   +4.579361e-001
+2.144758e+004	   +4.557070e-001
+2.147173e+004	   +4.559999e-001
+2.149591e+004	   +4.592549e-001
+2.152012e+004	   +4.565463e-001
+2.154435e+004	   +4.576755e-001
+2.156861e+004	   +4.607029e-001
+2.159289e+004	   +4.600862e-001
+2.161721e+004	   +4.603869e-001
+2.164155e+004	   +4.624221e-001
+2.166592e+004	   +4.637781e-001
+2.169032e+004	   +4.650325e-001
+2.171474e+004	   +4.636889e-001
+2.173919e+004	   +4.644136e-001
+2.176367e+004	   +4.692160e-001
+2.178818e+004	   +4.671782e-001
+2.181271e+004	   +4.675347e-001
+2.183728e+004	   +4.711075e-001
+2.186187e+004	   +4.690691e-001
+2.188648e+004	   +4.720594e-001
+2.191113e+004	   +4.743001e-001
+2.193580e+004	   +4.746623e-001
+2.196050e+004	   +4.755712e-001
+2.198523e+004	   +4.750752e-001
+2.200998e+004	   +4.754131e-001
+2.203477e+004	   +4.806928e-001
+2.205958e+004	   +4.781374e-001
+2.208442e+004	   +4.800107e-001
+2.210929e+004	   +4.818582e-001
+2.213419e+004	   +4.810437e-001
+2.215911e+004	   +4.847721e-001
+2.218406e+004	   +4.829892e-001
+2.220904e+004	   +4.840059e-001
+2.223405e+004	   +4.852682e-001
+2.225909e+004	   +4.872203e-001
+2.228415e+004	   +4.850715e-001
+2.230924e+004	   +4.896631e-001
+2.233437e+004	   +4.868607e-001
+2.235951e+004	   +4.883121e-001
+2.238469e+004	   +4.951377e-001
+2.240990e+004	   +4.871668e-001
+2.243513e+004	   +4.934936e-001
+2.246040e+004	   +4.946761e-001
+2.248569e+004	   +4.928371e-001
+2.251101e+004	   +4.943089e-001
+2.253636e+004	   +4.939444e-001
+2.256173e+004	   +4.985312e-001
+2.258714e+004	   +4.986965e-001
+2.261257e+004	   +4.974613e-001
+2.263803e+004	   +4.983054e-001
+2.266353e+004	   +5.014313e-001
+2.268904e+004	   +4.981817e-001
+2.271459e+004	   +5.014167e-001
+2.274017e+004	   +5.048650e-001
+2.276578e+004	   +5.000057e-001
+2.279141e+004	   +5.068262e-001
+2.281708e+004	   +5.026730e-001
+2.284277e+004	   +5.044203e-001
+2.286849e+004	   +5.089583e-001
+2.289424e+004	   +5.067537e-001
+2.292002e+004	   +5.101764e-001
+2.294583e+004	   +5.120789e-001
+2.297167e+004	   +5.093527e-001
+2.299754e+004	   +5.144356e-001
+2.302343e+004	   +5.139124e-001
+2.304936e+004	   +5.096416e-001
+2.307531e+004	   +5.170316e-001
+2.310130e+004	   +5.151879e-001
+2.312731e+004	   +5.166753e-001
+2.315335e+004	   +5.197241e-001
+2.317942e+004	   +5.174897e-001
+2.320553e+004	   +5.207677e-001
+2.323166e+004	   +5.226402e-001
+2.325781e+004	   +5.200557e-001
+2.328400e+004	   +5.255422e-001
+2.331022e+004	   +5.250399e-001
+2.333647e+004	   +5.251582e-001
+2.336275e+004	   +5.263071e-001
+2.338906e+004	   +5.243676e-001
+2.341539e+004	   +5.284351e-001
+2.344176e+004	   +5.307918e-001
+2.346816e+004	   +5.280312e-001
+2.349458e+004	   +5.344085e-001
+2.352104e+004	   +5.317753e-001
+2.354753e+004	   +5.315044e-001
+2.357404e+004	   +5.377888e-001
+2.360059e+004	   +5.343416e-001
+2.362716e+004	   +5.375592e-001
+2.365377e+004	   +5.416510e-001
+2.368040e+004	   +5.376775e-001
+2.370707e+004	   +5.420241e-001
+2.373376e+004	   +5.432058e-001
+2.376049e+004	   +5.399177e-001
+2.378724e+004	   +5.466219e-001
+2.381403e+004	   +5.447654e-001
+2.384084e+004	   +5.417289e-001
+2.386769e+004	   +5.473843e-001
+2.389456e+004	   +5.459394e-001
+2.392147e+004	   +5.457319e-001
+2.394841e+004	   +5.549572e-001
+2.397538e+004	   +5.498251e-001
+2.400237e+004	   +5.509479e-001
+2.402940e+004	   +5.558577e-001
+2.405646e+004	   +5.521536e-001
+2.408355e+004	   +5.528181e-001
+2.411066e+004	   +5.528657e-001
+2.413781e+004	   +5.494400e-001
+2.416499e+004	   +5.557330e-001
+2.419221e+004	   +5.570166e-001
+2.421945e+004	   +5.551586e-001
+2.424672e+004	   +5.614033e-001
+2.427402e+004	   +5.549894e-001
+2.430136e+004	   +5.599618e-001
+2.432872e+004	   +5.646112e-001
+2.435612e+004	   +5.596252e-001
+2.438354e+004	   +5.656786e-001
+2.441100e+004	   +5.688205e-001
+2.443849e+004	   +5.620946e-001
+2.446600e+004	   +5.673905e-001
+2.449355e+004	   +5.672893e-001
+2.452113e+004	   +5.670819e-001
+2.454875e+004	   +5.719497e-001
+2.457639e+004	   +5.676469e-001
+2.460406e+004	   +5.708201e-001
+2.463177e+004	   +5.743704e-001
+2.465951e+004	   +5.723844e-001
+2.468727e+004	   +5.740377e-001
+2.471507e+004	   +5.810459e-001
+2.474290e+004	   +5.717271e-001
+2.477076e+004	   +5.804943e-001
+2.479866e+004	   +5.793727e-001
+2.482658e+004	   +5.750347e-001
+2.485454e+004	   +5.796563e-001
+2.488252e+004	   +5.855508e-001
+2.491054e+004	   +5.822399e-001
+2.493859e+004	   +5.866606e-001
+2.496667e+004	   +5.843684e-001
+2.499479e+004	   +5.825891e-001
+2.502293e+004	   +5.892124e-001
+2.505111e+004	   +5.868364e-001
+2.507932e+004	   +5.890480e-001
+2.510756e+004	   +5.940264e-001
+2.513583e+004	   +5.904778e-001
+2.516413e+004	   +5.944991e-001
+2.519247e+004	   +5.930144e-001
+2.522084e+004	   +5.953650e-001
+2.524924e+004	   +6.000095e-001
+2.527767e+004	   +5.937347e-001
+2.530613e+004	   +6.018606e-001
+2.533463e+004	   +5.995333e-001
+2.536316e+004	   +6.037863e-001
+2.539172e+004	   +6.030281e-001
+2.542031e+004	   +5.999981e-001
+2.544893e+004	   +6.027973e-001
+2.547759e+004	   +6.082471e-001
+2.550628e+004	   +6.054414e-001
+2.553500e+004	   +6.083477e-001
+2.556375e+004	   +6.051453e-001
+2.559254e+004	   +6.059775e-001
+2.562136e+004	   +6.120784e-001
+2.565021e+004	   +6.078763e-001
+2.567909e+004	   +6.124555e-001
+2.570801e+004	   +6.141132e-001
+2.573696e+004	   +6.118960e-001
+2.576594e+004	   +6.180502e-001
+2.579495e+004	   +6.138628e-001
+2.582400e+004	   +6.199718e-001
+2.585308e+004	   +6.168704e-001
+2.588219e+004	   +6.145166e-001
+2.591133e+004	   +6.242525e-001
+2.594051e+004	   +6.172351e-001
+2.596972e+004	   +6.205992e-001
+2.599896e+004	   +6.252846e-001
+2.602824e+004	   +6.221869e-001
+2.605755e+004	   +6.269732e-001
+2.608689e+004	   +6.259528e-001
+2.611626e+004	   +6.262878e-001
+2.614567e+004	   +6.302702e-001
+2.617511e+004	   +6.275753e-001
+2.620459e+004	   +6.320751e-001
+2.623409e+004	   +6.318107e-001
+2.626363e+004	   +6.334760e-001
+2.629321e+004	   +6.368812e-001
+2.632282e+004	   +6.315475e-001
+2.635246e+004	   +6.383874e-001
+2.638213e+004	   +6.399373e-001
+2.641184e+004	   +6.373261e-001
+2.644158e+004	   +6.443288e-001
+2.647135e+004	   +6.380991e-001
+2.650116e+004	   +6.423150e-001
+2.653100e+004	   +6.452656e-001
+2.656088e+004	   +6.394350e-001
+2.659079e+004	   +6.480584e-001
+2.662073e+004	   +6.416531e-001
+2.665071e+004	   +6.470497e-001
+2.668071e+004	   +6.518552e-001
+2.671076e+004	   +6.471164e-001
+2.674084e+004	   +6.537525e-001
+2.677095e+004	   +6.489950e-001
+2.680109e+004	   +6.499757e-001
+2.683127e+004	   +6.536041e-001
+2.686148e+004	   +6.502506e-001
+2.689173e+004	   +6.596568e-001
+2.692201e+004	   +6.532100e-001
+2.695233e+004	   +6.591370e-001
+2.698268e+004	   +6.625781e-001
+2.701306e+004	   +6.605375e-001
+2.704348e+004	   +6.640015e-001
+2.707393e+004	   +6.606463e-001
+2.710442e+004	   +6.633388e-001
+2.713494e+004	   +6.680405e-001
+2.716549e+004	   +6.609793e-001
+2.719608e+004	   +6.683024e-001
+2.722671e+004	   +6.669587e-001
+2.725737e+004	   +6.668243e-001
+2.728806e+004	   +6.724975e-001
+2.731879e+004	   +6.645535e-001
+2.734955e+004	   +6.743495e-001
+2.738034e+004	   +6.731688e-001
+2.741118e+004	   +6.703996e-001
+2.744204e+004	   +6.808077e-001
+2.747294e+004	   +6.722305e-001
+2.750388e+004	   +6.789210e-001
+2.753485e+004	   +6.803916e-001
+2.756585e+004	   +6.747342e-001
+2.759689e+004	   +6.820555e-001
+2.762797e+004	   +6.805574e-001
+2.765908e+004	   +6.829540e-001
+2.769022e+004	   +6.859764e-001
+2.772141e+004	   +6.815856e-001
+2.775262e+004	   +6.901566e-001
+2.778387e+004	   +6.844828e-001
+2.781516e+004	   +6.842706e-001
+2.784648e+004	   +6.930356e-001
+2.787783e+004	   +6.887748e-001
+2.790923e+004	   +6.947620e-001
+2.794065e+004	   +6.946554e-001
+2.797212e+004	   +6.908857e-001
+2.800361e+004	   +7.008030e-001
+2.803515e+004	   +6.947090e-001
+2.806671e+004	   +6.977962e-001
+2.809832e+004	   +6.997705e-001
+2.812996e+004	   +6.951832e-001
+2.816163e+004	   +7.068904e-001
+2.819335e+004	   +6.994660e-001
+2.822509e+004	   +7.026087e-001
+2.825688e+004	   +7.097272e-001
+2.828870e+004	   +7.038407e-001
+2.832055e+004	   +7.097241e-001
+2.835244e+004	   +7.092295e-001
+2.838437e+004	   +7.082168e-001
+2.841633e+004	   +7.123447e-001
+2.844832e+004	   +7.071604e-001
+2.848036e+004	   +7.101907e-001
+2.851243e+004	   +7.172651e-001
+2.854454e+004	   +7.101130e-001
+2.857668e+004	   +7.197915e-001
+2.860886e+004	   +7.182637e-001
+2.864107e+004	   +7.163484e-001
+2.867332e+004	   +7.247396e-001
+2.870561e+004	   +7.160760e-001
+2.873793e+004	   +7.253251e-001
+2.877029e+004	   +7.231620e-001
+2.880269e+004	   +7.202466e-001
+2.883512e+004	   +7.277781e-001
+2.886759e+004	   +7.233047e-001
+2.890010e+004	   +7.233441e-001
+2.893264e+004	   +7.296203e-001
+2.896522e+004	   +7.262090e-001
+2.899784e+004	   +7.336676e-001
+2.903049e+004	   +7.286931e-001
+2.906318e+004	   +7.303389e-001
+2.909590e+004	   +7.394348e-001
+2.912867e+004	   +7.327680e-001
+2.916147e+004	   +7.369161e-001
+2.919430e+004	   +7.377917e-001
+2.922718e+004	   +7.338116e-001
+2.926009e+004	   +7.432147e-001
+2.929304e+004	   +7.358560e-001
+2.932602e+004	   +7.418481e-001
+2.935904e+004	   +7.460103e-001
+2.939211e+004	   +7.379024e-001
+2.942520e+004	   +7.506063e-001
+2.945834e+004	   +7.455134e-001
+2.949151e+004	   +7.455896e-001
+2.952472e+004	   +7.541787e-001
+2.955796e+004	   +7.445831e-001
+2.959125e+004	   +7.544768e-001
+2.962457e+004	   +7.530616e-001
+2.965793e+004	   +7.497945e-001
+2.969132e+004	   +7.586411e-001
+2.972475e+004	   +7.483877e-001
+2.975823e+004	   +7.525551e-001
+2.979173e+004	   +7.573844e-001
+2.982528e+004	   +7.500907e-001
+2.985887e+004	   +7.626525e-001
+2.989249e+004	   +7.560079e-001
+2.992615e+004	   +7.564335e-001
+2.995985e+004	   +7.651197e-001
+2.999358e+004	   +7.601814e-001
+3.002736e+004	   +7.627179e-001
+3.006117e+004	   +7.646617e-001
+3.009502e+004	   +7.630734e-001
+3.012891e+004	   +7.743492e-001
+3.016283e+004	   +7.643322e-001
+3.019680e+004	   +7.661975e-001
+3.023080e+004	   +7.721624e-001
+3.026484e+004	   +7.628198e-001
+3.029892e+004	   +7.737622e-001
+3.033304e+004	   +7.712050e-001
+3.036720e+004	   +7.677094e-001
+3.040139e+004	   +7.768852e-001
+3.043562e+004	   +7.680888e-001
+3.046990e+004	   +7.738734e-001
+3.050421e+004	   +7.750441e-001
+3.053855e+004	   +7.680914e-001
+3.057294e+004	   +7.771894e-001
+3.060737e+004	   +7.780852e-001
+3.064183e+004	   +7.738076e-001
+3.067634e+004	   +7.876790e-001
+3.071088e+004	   +7.755754e-001
+3.074546e+004	   +7.781253e-001
+3.078008e+004	   +7.816865e-001
+3.081474e+004	   +7.765138e-001
+3.084944e+004	   +7.830456e-001
+3.088418e+004	   +7.863979e-001
+3.091896e+004	   +7.836485e-001
+3.095377e+004	   +7.890819e-001
+3.098863e+004	   +7.832783e-001
+3.102352e+004	   +7.863482e-001
+3.105846e+004	   +7.906371e-001
+3.109343e+004	   +7.849709e-001
+3.112844e+004	   +7.956525e-001
+3.116349e+004	   +7.913805e-001
+3.119859e+004	   +7.900272e-001
+3.123372e+004	   +8.005629e-001
+3.126889e+004	   +7.897582e-001
+3.130410e+004	   +7.952038e-001
+3.133935e+004	   +7.986015e-001
+3.137463e+004	   +7.952785e-001
+3.140996e+004	   +8.032854e-001
+3.144533e+004	   +7.950237e-001
+3.148074e+004	   +7.980829e-001
+3.151619e+004	   +8.042272e-001
+3.155168e+004	   +8.006502e-001
+3.158721e+004	   +8.097349e-001
+3.162278e+004	   +7.997353e-001
+3.165838e+004	   +8.074577e-001
+3.169403e+004	   +8.091083e-001
+3.172972e+004	   +8.053024e-001
+3.176545e+004	   +8.142201e-001
+3.180122e+004	   +8.073855e-001
+3.183703e+004	   +8.050759e-001
+3.187288e+004	   +8.120168e-001
+3.190877e+004	   +8.082824e-001
+3.194470e+004	   +8.166888e-001
+3.198067e+004	   +8.117803e-001
+3.201668e+004	   +8.153347e-001
+3.205274e+004	   +8.194146e-001
+3.208883e+004	   +8.130879e-001
+3.212496e+004	   +8.189701e-001
+3.216114e+004	   +8.239080e-001
+3.219735e+004	   +8.188424e-001
+3.223361e+004	   +8.250294e-001
+3.226990e+004	   +8.242862e-001
+3.230624e+004	   +8.189201e-001
+3.234262e+004	   +8.268929e-001
+3.237904e+004	   +8.222570e-001
+3.241550e+004	   +8.274001e-001
+3.245200e+004	   +8.345300e-001
+3.248854e+004	   +8.288318e-001
+3.252513e+004	   +8.245551e-001
+3.256175e+004	   +8.356510e-001
+3.259841e+004	   +8.256733e-001
+3.263512e+004	   +8.285515e-001
+3.267187e+004	   +8.382549e-001
+3.270866e+004	   +8.325535e-001
+3.274549e+004	   +8.285354e-001
+3.278236e+004	   +8.370192e-001
+3.281928e+004	   +8.326437e-001
+3.285623e+004	   +8.354483e-001
+3.289323e+004	   +8.413481e-001
+3.293027e+004	   +8.334115e-001
+3.296735e+004	   +8.370049e-001
+3.300448e+004	   +8.425183e-001
+3.304164e+004	   +8.399839e-001
+3.307884e+004	   +8.438984e-001
+3.311609e+004	   +8.500308e-001
+3.315338e+004	   +8.459105e-001
+3.319071e+004	   +8.469050e-001
+3.322809e+004	   +8.484518e-001
+3.326551e+004	   +8.457370e-001
+3.330296e+004	   +8.506539e-001
+3.334046e+004	   +8.517686e-001
+3.337801e+004	   +8.478944e-001
+3.341559e+004	   +8.542355e-001
+3.345322e+004	   +8.508331e-001
+3.349089e+004	   +8.483078e-001
+3.352860e+004	   +8.605880e-001
+3.356636e+004	   +8.526947e-001
+3.360415e+004	   +8.522615e-001
+3.364199e+004	   +8.611967e-001
+3.367988e+004	   +8.562400e-001
+3.371780e+004	   +8.529027e-001
+3.375577e+004	   +8.658159e-001
+3.379378e+004	   +8.579641e-001
+3.383183e+004	   +8.535036e-001
+3.386993e+004	   +8.663184e-001
+3.390807e+004	   +8.609214e-001
+3.394625e+004	   +8.609436e-001
+3.398447e+004	   +8.691974e-001
+3.402274e+004	   +8.635617e-001
+3.406105e+004	   +8.591344e-001
+3.409941e+004	   +8.673110e-001
+3.413780e+004	   +8.638353e-001
+3.417625e+004	   +8.642585e-001
+3.421473e+004	   +8.726234e-001
+3.425325e+004	   +8.650037e-001
+3.429183e+004	   +8.691223e-001
+3.433044e+004	   +8.736873e-001
+3.436910e+004	   +8.688174e-001
+3.440780e+004	   +8.700371e-001
+3.444654e+004	   +8.731810e-001
+3.448533e+004	   +8.691701e-001
+3.452416e+004	   +8.742130e-001
+3.456304e+004	   +8.741019e-001
+3.460196e+004	   +8.706187e-001
+3.464092e+004	   +8.798668e-001
+3.467993e+004	   +8.797314e-001
+3.471898e+004	   +8.740956e-001
+3.475807e+004	   +8.770438e-001
+3.479721e+004	   +8.806573e-001
+3.483640e+004	   +8.766245e-001
+3.487563e+004	   +8.839412e-001
+3.491489e+004	   +8.848008e-001
+3.495421e+004	   +8.748944e-001
+3.499357e+004	   +8.844953e-001
+3.503298e+004	   +8.885247e-001
+3.507243e+004	   +8.815695e-001
+3.511192e+004	   +8.833786e-001
+3.515145e+004	   +8.875481e-001
+3.519104e+004	   +8.802055e-001
+3.523066e+004	   +8.885023e-001
+3.527034e+004	   +8.898507e-001
+3.531005e+004	   +8.837284e-001
+3.534981e+004	   +8.902804e-001
+3.538962e+004	   +8.864124e-001
+3.542946e+004	   +8.833334e-001
+3.546936e+004	   +8.921839e-001
+3.550930e+004	   +8.919778e-001
+3.554929e+004	   +8.902726e-001
+3.558932e+004	   +8.953345e-001
+3.562939e+004	   +8.890825e-001
+3.566951e+004	   +8.881897e-001
+3.570968e+004	   +8.984281e-001
+3.574989e+004	   +8.924300e-001
+3.579014e+004	   +8.909866e-001
+3.583045e+004	   +8.981429e-001
+3.587079e+004	   +8.922431e-001
+3.591118e+004	   +8.956411e-001
+3.595162e+004	   +9.030295e-001
+3.599211e+004	   +8.912209e-001
+3.603263e+004	   +8.923927e-001
+3.607321e+004	   +8.982186e-001
+3.611383e+004	   +8.970115e-001
+3.615449e+004	   +8.970581e-001
+3.619520e+004	   +9.068139e-001
+3.623596e+004	   +8.998650e-001
+3.627677e+004	   +8.950192e-001
+3.631761e+004	   +9.031100e-001
+3.635851e+004	   +9.018323e-001
+3.639945e+004	   +9.015769e-001
+3.644044e+004	   +9.075921e-001
+3.648147e+004	   +9.002581e-001
+3.652255e+004	   +9.014320e-001
+3.656368e+004	   +9.056122e-001
+3.660485e+004	   +9.029675e-001
+3.664607e+004	   +9.006065e-001
+3.668733e+004	   +9.086686e-001
+3.672864e+004	   +9.053899e-001
+3.677000e+004	   +9.036375e-001
+3.681141e+004	   +9.055077e-001
+3.685286e+004	   +9.047171e-001
+3.689436e+004	   +9.066393e-001
+3.693590e+004	   +9.081114e-001
+3.697749e+004	   +9.016523e-001
+3.701913e+004	   +9.031112e-001
+3.706081e+004	   +9.137085e-001
+3.710255e+004	   +9.078707e-001
+3.714432e+004	   +9.055480e-001
+3.718615e+004	   +9.105861e-001
+3.722802e+004	   +9.015007e-001
+3.726995e+004	   +9.069345e-001
+3.731191e+004	   +9.127221e-001
+3.735393e+004	   +9.042091e-001
+3.739599e+004	   +9.018134e-001
+3.743810e+004	   +9.129364e-001
+3.748025e+004	   +9.046437e-001
+3.752246e+004	   +9.083863e-001
+3.756471e+004	   +9.171559e-001
+3.760701e+004	   +9.108183e-001
+3.764936e+004	   +9.080591e-001
+3.769175e+004	   +9.148419e-001
+3.773420e+004	   +9.097331e-001
+3.777669e+004	   +9.104751e-001
+3.781922e+004	   +9.149104e-001
+3.786181e+004	   +9.095003e-001
+3.790445e+004	   +9.089081e-001
+3.794713e+004	   +9.121188e-001
+3.798986e+004	   +9.083024e-001
+3.803263e+004	   +9.137776e-001
+3.807546e+004	   +9.134994e-001
+3.811834e+004	   +9.057770e-001
+3.816126e+004	   +9.116843e-001
+3.820423e+004	   +9.160223e-001
+3.824725e+004	   +9.103692e-001
+3.829032e+004	   +9.119943e-001
+3.833343e+004	   +9.135147e-001
+3.837660e+004	   +9.119264e-001
+3.841981e+004	   +9.123435e-001
+3.846307e+004	   +9.169925e-001
+3.850639e+004	   +9.108397e-001
+3.854975e+004	   +9.100429e-001
+3.859315e+004	   +9.152833e-001
+3.863661e+004	   +9.077261e-001
+3.868012e+004	   +9.110540e-001
+3.872367e+004	   +9.173034e-001
+3.876728e+004	   +9.113683e-001
+3.881093e+004	   +9.075054e-001
+3.885463e+004	   +9.128175e-001
+3.889839e+004	   +9.105709e-001
+3.894219e+004	   +9.083590e-001
+3.898604e+004	   +9.155017e-001
+3.902994e+004	   +9.088772e-001
+3.907389e+004	   +9.097894e-001
+3.911789e+004	   +9.113744e-001
+3.916193e+004	   +9.102495e-001
+3.920603e+004	   +9.058505e-001
+3.925018e+004	   +9.082100e-001
+3.929438e+004	   +9.038499e-001
+3.933863e+004	   +9.032924e-001
+3.938292e+004	   +9.071875e-001
+3.942727e+004	   +9.056348e-001
+3.947166e+004	   +9.056048e-001
+3.951611e+004	   +9.097535e-001
+3.956061e+004	   +9.023339e-001
+3.960516e+004	   +9.073293e-001
+3.964975e+004	   +9.108794e-001
+3.969440e+004	   +9.024066e-001
+3.973910e+004	   +9.080007e-001
+3.978384e+004	   +9.099634e-001
+3.982864e+004	   +9.036861e-001
+3.987349e+004	   +9.028785e-001
+3.991839e+004	   +9.092229e-001
+3.996334e+004	   +9.048622e-001
+4.000834e+004	   +9.025459e-001
+4.005339e+004	   +9.083468e-001
+4.009849e+004	   +9.015591e-001
+4.014364e+004	   +9.022573e-001
+4.018885e+004	   +9.052503e-001
+4.023411e+004	   +9.047998e-001
+4.027941e+004	   +8.983574e-001
+4.032477e+004	   +9.021373e-001
+4.037017e+004	   +9.003761e-001
+4.041563e+004	   +8.981172e-001
+4.046114e+004	   +9.011555e-001
+4.050670e+004	   +8.997278e-001
+4.055231e+004	   +8.956141e-001
+4.059798e+004	   +8.980002e-001
+4.064369e+004	   +8.989887e-001
+4.068946e+004	   +8.983592e-001
+4.073528e+004	   +8.975557e-001
+4.078115e+004	   +8.942081e-001
+4.082707e+004	   +8.941990e-001
+4.087304e+004	   +8.968592e-001
+4.091907e+004	   +8.932933e-001
+4.096514e+004	   +8.904408e-001
+4.101127e+004	   +8.947997e-001
+4.105745e+004	   +8.924484e-001
+4.110368e+004	   +8.942035e-001
+4.114997e+004	   +8.936092e-001
+4.119630e+004	   +8.936359e-001
+4.124269e+004	   +8.840007e-001
+4.128913e+004	   +8.885438e-001
+4.133563e+004	   +8.893181e-001
+4.138217e+004	   +8.883547e-001
+4.142877e+004	   +8.890511e-001
+4.147542e+004	   +8.872446e-001
+4.152213e+004	   +8.857058e-001
+4.156888e+004	   +8.857066e-001
+4.161569e+004	   +8.860263e-001
+4.166255e+004	   +8.801960e-001
+4.170946e+004	   +8.803561e-001
+4.175643e+004	   +8.856577e-001
+4.180345e+004	   +8.769831e-001
+4.185052e+004	   +8.775184e-001
+4.189765e+004	   +8.815737e-001
+4.194482e+004	   +8.763614e-001
+4.199206e+004	   +8.741584e-001
+4.203934e+004	   +8.749616e-001
+4.208668e+004	   +8.761452e-001
+4.213407e+004	   +8.729335e-001
+4.218152e+004	   +8.702930e-001
+4.222902e+004	   +8.724304e-001
+4.227657e+004	   +8.710403e-001
+4.232417e+004	   +8.715743e-001
+4.237183e+004	   +8.669938e-001
+4.241954e+004	   +8.681547e-001
+4.246731e+004	   +8.691232e-001
+4.251513e+004	   +8.660169e-001
+4.256300e+004	   +8.640344e-001
+4.261093e+004	   +8.696689e-001
+4.265891e+004	   +8.622457e-001
+4.270695e+004	   +8.594943e-001
+4.275504e+004	   +8.604409e-001
+4.280318e+004	   +8.570423e-001
+4.285138e+004	   +8.523656e-001
+4.289963e+004	   +8.614547e-001
+4.294794e+004	   +8.551561e-001
+4.299630e+004	   +8.529224e-001
+4.304471e+004	   +8.542362e-001
+4.309319e+004	   +8.494196e-001
+4.314171e+004	   +8.505439e-001
+4.319029e+004	   +8.502724e-001
+4.323893e+004	   +8.452195e-001
+4.328761e+004	   +8.456036e-001
+4.333636e+004	   +8.445333e-001
+4.338516e+004	   +8.455793e-001
+4.343401e+004	   +8.424866e-001
+4.348292e+004	   +8.401150e-001
+4.353188e+004	   +8.396257e-001
+4.358090e+004	   +8.365201e-001
+4.362997e+004	   +8.357903e-001
+4.367910e+004	   +8.349852e-001
+4.372829e+004	   +8.348050e-001
+4.377753e+004	   +8.341110e-001
+4.382682e+004	   +8.317845e-001
+4.387617e+004	   +8.296334e-001
+4.392558e+004	   +8.322324e-001
+4.397504e+004	   +8.279039e-001
+4.402456e+004	   +8.246481e-001
+4.407413e+004	   +8.275163e-001
+4.412376e+004	   +8.225285e-001
+4.417345e+004	   +8.193993e-001
+4.422319e+004	   +8.201770e-001
+4.427298e+004	   +8.176936e-001
+4.432284e+004	   +8.133994e-001
+4.437275e+004	   +8.144646e-001
+4.442271e+004	   +8.119969e-001
+4.447273e+004	   +8.122272e-001
+4.452281e+004	   +8.060838e-001
+4.457295e+004	   +8.044683e-001
+4.462314e+004	   +8.065302e-001
+4.467339e+004	   +8.019657e-001
+4.472369e+004	   +8.028628e-001
+4.477405e+004	   +8.002305e-001
+4.482447e+004	   +7.986466e-001
+4.487494e+004	   +7.951941e-001
+4.492547e+004	   +7.947540e-001
+4.497606e+004	   +7.912994e-001
+4.502671e+004	   +7.911204e-001
+4.507741e+004	   +7.888854e-001
+4.512817e+004	   +7.848312e-001
+4.517898e+004	   +7.837719e-001
+4.522986e+004	   +7.807814e-001
+4.528079e+004	   +7.807043e-001
+4.533178e+004	   +7.791987e-001
+4.538282e+004	   +7.761816e-001
+4.543393e+004	   +7.737284e-001
+4.548509e+004	   +7.741243e-001
+4.553630e+004	   +7.695324e-001
+4.558758e+004	   +7.669665e-001
+4.563891e+004	   +7.678993e-001
+4.569030e+004	   +7.650144e-001
+4.574175e+004	   +7.624010e-001
+4.579326e+004	   +7.600781e-001
+4.584482e+004	   +7.599846e-001
+4.589645e+004	   +7.573802e-001
+4.594813e+004	   +7.506720e-001
+4.599987e+004	   +7.538646e-001
+4.605167e+004	   +7.488034e-001
+4.610352e+004	   +7.477638e-001
+4.615544e+004	   +7.456332e-001
+4.620741e+004	   +7.464175e-001
+4.625944e+004	   +7.408447e-001
+4.631153e+004	   +7.365287e-001
+4.636368e+004	   +7.348437e-001
+4.641589e+004	   +7.313998e-001
+4.646816e+004	   +7.297792e-001
+4.652048e+004	   +7.274128e-001
+4.657286e+004	   +7.244284e-001
+4.662530e+004	   +7.235437e-001
+4.667781e+004	   +7.241302e-001
+4.673037e+004	   +7.201021e-001
+4.678299e+004	   +7.178386e-001
+4.683567e+004	   +7.149968e-001
+4.688841e+004	   +7.106392e-001
+4.694121e+004	   +7.089880e-001
+4.699407e+004	   +7.086260e-001
+4.704698e+004	   +7.039414e-001
+4.709996e+004	   +7.026417e-001
+4.715300e+004	   +6.988763e-001
+4.720609e+004	   +6.971303e-001
+4.725925e+004	   +6.947857e-001
+4.731246e+004	   +6.892031e-001
+4.736574e+004	   +6.883090e-001
+4.741907e+004	   +6.882642e-001
+4.747247e+004	   +6.821869e-001
+4.752593e+004	   +6.809787e-001
+4.757944e+004	   +6.776007e-001
+4.763302e+004	   +6.694157e-001
+4.768666e+004	   +6.723460e-001
+4.774035e+004	   +6.674994e-001
+4.779411e+004	   +6.654656e-001
+4.784793e+004	   +6.612657e-001
+4.790181e+004	   +6.622214e-001
+4.795575e+004	   +6.567273e-001
+4.800975e+004	   +6.572883e-001
+4.806381e+004	   +6.523495e-001
+4.811793e+004	   +6.487974e-001
+4.817211e+004	   +6.445721e-001
+4.822636e+004	   +6.427608e-001
+4.828066e+004	   +6.396852e-001
+4.833503e+004	   +6.366951e-001
+4.838946e+004	   +6.345037e-001
+4.844395e+004	   +6.326064e-001
+4.849849e+004	   +6.247030e-001
+4.855311e+004	   +6.244571e-001
+4.860778e+004	   +6.207669e-001
+4.866251e+004	   +6.183528e-001
+4.871731e+004	   +6.156280e-001
+4.877216e+004	   +6.132129e-001
+4.882709e+004	   +6.059882e-001
+4.888207e+004	   +6.024311e-001
+4.893711e+004	   +6.002119e-001
+4.899221e+004	   +6.003259e-001
+4.904738e+004	   +5.979149e-001
+4.910261e+004	   +5.910522e-001
+4.915790e+004	   +5.896172e-001
+4.921326e+004	   +5.869705e-001
+4.926867e+004	   +5.838203e-001
+4.932415e+004	   +5.795518e-001
+4.937969e+004	   +5.743142e-001
+4.943530e+004	   +5.698296e-001
+4.949096e+004	   +5.696150e-001
+4.954669e+004	   +5.636639e-001
+4.960248e+004	   +5.625969e-001
+4.965834e+004	   +5.595400e-001
+4.971425e+004	   +5.563504e-001
+4.977023e+004	   +5.542412e-001
+4.982628e+004	   +5.506446e-001
+4.988239e+004	   +5.414913e-001
+4.993855e+004	   +5.441595e-001
+4.999479e+004	   +5.380344e-001
+5.005109e+004	   +5.309771e-001
+5.010745e+004	   +5.330560e-001
+5.016387e+004	   +5.243623e-001
+5.022035e+004	   +5.214115e-001
+5.027690e+004	   +5.216930e-001
+5.033352e+004	   +5.150199e-001
+5.039020e+004	   +5.111387e-001
+5.044694e+004	   +5.076844e-001
+5.050374e+004	   +5.052312e-001
+5.056061e+004	   +4.997313e-001
+5.061754e+004	   +4.957991e-001
+5.067454e+004	   +4.885294e-001
+5.073161e+004	   +4.860132e-001
+5.078873e+004	   +4.825310e-001
+5.084592e+004	   +4.819555e-001
+5.090318e+004	   +4.758912e-001
+5.096049e+004	   +4.713987e-001
+5.101788e+004	   +4.670208e-001
+5.107532e+004	   +4.653001e-001
+5.113284e+004	   +4.562540e-001
+5.119042e+004	   +4.522045e-001
+5.124806e+004	   +4.530376e-001
+5.130577e+004	   +4.463557e-001
+5.136354e+004	   +4.406732e-001
+5.142138e+004	   +4.385322e-001
+5.147928e+004	   +4.371124e-001
+5.153725e+004	   +4.286538e-001
+5.159528e+004	   +4.267510e-001
+5.165338e+004	   +4.191172e-001
+5.171154e+004	   +4.140298e-001
+5.176977e+004	   +4.117151e-001
+5.182807e+004	   +4.110017e-001
+5.188643e+004	   +4.029427e-001
+5.194485e+004	   +3.990838e-001
+5.200334e+004	   +3.943979e-001
+5.206190e+004	   +3.913526e-001
+5.212053e+004	   +3.883681e-001
+5.217922e+004	   +3.842201e-001
+5.223797e+004	   +3.765750e-001
+5.229679e+004	   +3.679577e-001
+5.235568e+004	   +3.668389e-001
+5.241464e+004	   +3.662508e-001
+5.247366e+004	   +3.561170e-001
+5.253275e+004	   +3.582122e-001
+5.259190e+004	   +3.533905e-001
+5.265112e+004	   +3.446665e-001
+5.271041e+004	   +3.372482e-001
+5.276976e+004	   +3.392915e-001
+5.282918e+004	   +3.294731e-001
+5.288867e+004	   +3.196661e-001
+5.294823e+004	   +3.215075e-001
+5.300785e+004	   +3.176236e-001
+5.306754e+004	   +3.111884e-001
+5.312729e+004	   +3.077640e-001
+5.318712e+004	   +3.029307e-001
+5.324701e+004	   +2.972248e-001
+5.330696e+004	   +2.928138e-001
+5.336699e+004	   +2.898070e-001
+5.342709e+004	   +2.820231e-001
+5.348725e+004	   +2.737385e-001
+5.354748e+004	   +2.726341e-001
+5.360777e+004	   +2.686955e-001
+5.366814e+004	   +2.599665e-001
+5.372857e+004	   +2.591001e-001
+5.378907e+004	   +2.502223e-001
+5.384964e+004	   +2.406761e-001
+5.391028e+004	   +2.442366e-001
+5.397098e+004	   +2.394622e-001
+5.403175e+004	   +2.254582e-001
+5.409260e+004	   +2.212982e-001
+5.415351e+004	   +2.207018e-001
+5.421448e+004	   +2.120444e-001
+5.427554e+004	   +2.067828e-001
+5.433665e+004	   +2.039882e-001
+5.439784e+004	   +1.972842e-001
+5.445909e+004	   +1.899821e-001
+5.452041e+004	   +1.917543e-001
+5.458180e+004	   +1.849372e-001
+5.464327e+004	   +1.685887e-001
+5.470480e+004	   +1.715770e-001
+5.476640e+004	   +1.666612e-001
+5.482807e+004	   +1.607385e-001
+5.488980e+004	   +1.481878e-001
+5.495161e+004	   +1.506458e-001
+5.501349e+004	   +1.444428e-001
+5.507544e+004	   +1.354334e-001
+5.513746e+004	   +1.322224e-001
+5.519954e+004	   +1.273549e-001
+5.526170e+004	   +1.195286e-001
+5.532393e+004	   +1.137638e-001
+5.538622e+004	   +1.091556e-001
+5.544859e+004	   +1.030429e-001
+5.551103e+004	   +9.710056e-002
+5.557354e+004	   +9.642898e-002
+5.563611e+004	   +9.114762e-002
+5.569876e+004	   +7.814518e-002
+5.576148e+004	   +7.488634e-002
+5.582427e+004	   +6.976278e-002
+5.588713e+004	   +6.457191e-002
+5.595006e+004	   +5.687767e-002
+5.601307e+004	   +5.658636e-002
+5.607614e+004	   +4.604200e-002
+5.613928e+004	   +3.722544e-002
+5.620250e+004	   +3.893363e-002
+5.626579e+004	   +3.153471e-002
+5.632914e+004	   +1.874376e-002
+5.639257e+004	   +1.907415e-002
+5.645607e+004	   +1.323807e-002
+5.651964e+004	   +3.675344e-003
+5.658329e+004	   -8.952062e-003
+5.664700e+004	   -5.509708e-003
+5.671079e+004	   -1.169835e-002
+5.677465e+004	   -2.786302e-002
+5.683858e+004	   -2.569207e-002
+5.690258e+004	   -3.398486e-002
+5.696666e+004	   -4.408382e-002
+5.703080e+004	   -4.382800e-002
+5.709502e+004	   -4.858119e-002
+5.715931e+004	   -5.967228e-002
+5.722368e+004	   -7.162169e-002
+5.728811e+004	   -7.065898e-002
+5.735262e+004	   -7.557017e-002
+5.741720e+004	   -8.979388e-002
+5.748186e+004	   -9.045127e-002
+5.754659e+004	   -9.851459e-002
+5.761138e+004	   -1.079777e-001
+5.767626e+004	   -1.116588e-001
+5.774120e+004	   -1.155149e-001
+5.780622e+004	   -1.275411e-001
+5.787131e+004	   -1.344889e-001
+5.793648e+004	   -1.379305e-001
+5.800172e+004	   -1.434533e-001
+5.806703e+004	   -1.561411e-001
+5.813242e+004	   -1.596330e-001
+5.819788e+004	   -1.642030e-001
+5.826341e+004	   -1.735617e-001
+5.832902e+004	   -1.790491e-001
+5.839470e+004	   -1.868980e-001
+5.846045e+004	   -1.951213e-001
+5.852628e+004	   -2.041482e-001
+5.859218e+004	   -2.058586e-001
+5.865816e+004	   -2.129690e-001
+5.872421e+004	   -2.317090e-001
+5.879034e+004	   -2.303458e-001
+5.885654e+004	   -2.331522e-001
+5.892281e+004	   -2.439805e-001
+5.898916e+004	   -2.530924e-001
+5.905559e+004	   -2.507817e-001
+5.912209e+004	   -2.624304e-001
+5.918866e+004	   -2.691149e-001
+5.925531e+004	   -2.754008e-001
+5.932204e+004	   -2.867766e-001
+5.938883e+004	   -2.978700e-001
+5.945571e+004	   -3.035426e-001
+5.952266e+004	   -3.094484e-001
+5.958968e+004	   -3.200504e-001
+5.965678e+004	   -3.247278e-001
+5.972396e+004	   -3.363513e-001
+5.979121e+004	   -3.429516e-001
+5.985854e+004	   -3.471610e-001
+5.992594e+004	   -3.548556e-001
+5.999342e+004	   -3.677250e-001
+6.006098e+004	   -3.740908e-001
+6.012861e+004	   -3.804171e-001
+6.019631e+004	   -3.882254e-001
+6.026410e+004	   -3.941779e-001
+6.033196e+004	   -4.006704e-001
+6.039989e+004	   -4.086425e-001
+6.046791e+004	   -4.177133e-001
+6.053600e+004	   -4.236866e-001
+6.060416e+004	   -4.315124e-001
+6.067240e+004	   -4.496426e-001
+6.074072e+004	   -4.436343e-001
+6.080912e+004	   -4.552117e-001
+6.087759e+004	   -4.695238e-001
+6.094614e+004	   -4.700864e-001
+6.101477e+004	   -4.782073e-001
+6.108348e+004	   -4.942473e-001
+6.115226e+004	   -4.925589e-001
+6.122112e+004	   -5.007372e-001
+6.129006e+004	   -5.113078e-001
+6.135907e+004	   -5.163438e-001
+6.142816e+004	   -5.242941e-001
+6.149734e+004	   -5.330720e-001
+6.156659e+004	   -5.403793e-001
+6.163591e+004	   -5.458446e-001
+6.170532e+004	   -5.598419e-001
+6.177480e+004	   -5.676673e-001
+6.184436e+004	   -5.711972e-001
+6.191400e+004	   -5.864636e-001
+6.198372e+004	   -5.943118e-001
+6.205351e+004	   -6.002718e-001
+6.212339e+004	   -6.111937e-001
+6.219334e+004	   -6.226912e-001
+6.226338e+004	   -6.204992e-001
+6.233348e+004	   -6.308662e-001
+6.240368e+004	   -6.505600e-001
+6.247395e+004	   -6.532220e-001
+6.254429e+004	   -6.535974e-001
+6.261472e+004	   -6.683242e-001
+6.268523e+004	   -6.828470e-001
+6.275581e+004	   -6.817955e-001
+6.282648e+004	   -6.905950e-001
+6.289722e+004	   -7.036715e-001
+6.296805e+004	   -7.055607e-001
+6.303895e+004	   -7.184621e-001
+6.310994e+004	   -7.304014e-001
+6.318100e+004	   -7.336663e-001
+6.325215e+004	   -7.323104e-001
+6.332337e+004	   -7.498370e-001
+6.339468e+004	   -7.631310e-001
+6.346606e+004	   -7.620865e-001
+6.353753e+004	   -7.711449e-001
+6.360907e+004	   -7.874056e-001
+6.368070e+004	   -7.912470e-001
+6.375241e+004	   -7.993197e-001
+6.382420e+004	   -8.092786e-001
+6.389606e+004	   -8.160009e-001
+6.396801e+004	   -8.239315e-001
+6.404004e+004	   -8.349971e-001
+6.411216e+004	   -8.434593e-001
+6.418435e+004	   -8.529143e-001
+6.425662e+004	   -8.588740e-001
+6.432898e+004	   -8.708696e-001
+6.440141e+004	   -8.838606e-001
+6.447393e+004	   -8.871130e-001
+6.454654e+004	   -8.918613e-001
+6.461921e+004	   -9.120160e-001
+6.469198e+004	   -9.126143e-001
+6.476482e+004	   -9.150509e-001
+6.483775e+004	   -9.280185e-001
+6.491076e+004	   -9.529357e-001
+6.498386e+004	   -9.514326e-001
+6.505703e+004	   -9.536847e-001
+6.513029e+004	   -9.693493e-001
+6.520363e+004	   -9.860914e-001
+6.527705e+004	   -9.859884e-001
+6.535055e+004	   -9.921823e-001
+6.542414e+004	   -1.004860e+000
+6.549781e+004	   -1.024084e+000
+6.557156e+004	   -1.024593e+000
+6.564540e+004	   -1.033819e+000
+6.571932e+004	   -1.048561e+000
+6.579332e+004	   -1.052282e+000
+6.586741e+004	   -1.063892e+000
+6.594158e+004	   -1.073520e+000
+6.601583e+004	   -1.076838e+000
+6.609016e+004	   -1.086876e+000
+6.616459e+004	   -1.107117e+000
+6.623909e+004	   -1.113753e+000
+6.631368e+004	   -1.113958e+000
+6.638835e+004	   -1.132807e+000
+6.646311e+004	   -1.144246e+000
+6.653795e+004	   -1.147997e+000
+6.661288e+004	   -1.158392e+000
+6.668788e+004	   -1.172454e+000
+6.676298e+004	   -1.175272e+000
+6.683816e+004	   -1.184403e+000
+6.691341e+004	   -1.203758e+000
+6.698877e+004	   -1.208186e+000
+6.706420e+004	   -1.212967e+000
+6.713971e+004	   -1.224060e+000
+6.721531e+004	   -1.244287e+000
+6.729100e+004	   -1.249772e+000
+6.736677e+004	   -1.249935e+000
+6.744263e+004	   -1.264724e+000
+6.751858e+004	   -1.277255e+000
+6.759460e+004	   -1.279790e+000
+6.767072e+004	   -1.298171e+000
+6.774691e+004	   -1.306322e+000
+6.782320e+004	   -1.311541e+000
+6.789958e+004	   -1.321423e+000
+6.797603e+004	   -1.335578e+000
+6.805258e+004	   -1.342841e+000
+6.812920e+004	   -1.343218e+000
+6.820592e+004	   -1.363952e+000
+6.828273e+004	   -1.375738e+000
+6.835962e+004	   -1.379973e+000
+6.843659e+004	   -1.391749e+000
+6.851366e+004	   -1.404643e+000
+6.859080e+004	   -1.407369e+000
+6.866804e+004	   -1.423625e+000
+6.874536e+004	   -1.440341e+000
+6.882277e+004	   -1.440500e+000
+6.890027e+004	   -1.450856e+000
+6.897785e+004	   -1.469657e+000
+6.905552e+004	   -1.476441e+000
+6.913328e+004	   -1.477082e+000
+6.921113e+004	   -1.499073e+000
+6.928907e+004	   -1.510038e+000
+6.936709e+004	   -1.510884e+000
+6.944520e+004	   -1.518977e+000
+6.952340e+004	   -1.538368e+000
+6.960169e+004	   -1.543777e+000
+6.968005e+004	   -1.550938e+000
+6.975852e+004	   -1.567903e+000
+6.983707e+004	   -1.579194e+000
+6.991571e+004	   -1.582445e+000
+6.999444e+004	   -1.593572e+000
+7.007326e+004	   -1.609674e+000
+7.015216e+004	   -1.618621e+000
+7.023116e+004	   -1.621215e+000
+7.031024e+004	   -1.636274e+000
+7.038941e+004	   -1.650840e+000
+7.046867e+004	   -1.658527e+000
+7.054802e+004	   -1.663950e+000
+7.062746e+004	   -1.678472e+000
+7.070699e+004	   -1.688159e+000
+7.078661e+004	   -1.700798e+000
+7.086632e+004	   -1.710052e+000
+7.094612e+004	   -1.719977e+000
+7.102601e+004	   -1.730207e+000
+7.110598e+004	   -1.745780e+000
+7.118605e+004	   -1.755364e+000
+7.126621e+004	   -1.758968e+000
+7.134646e+004	   -1.769534e+000
+7.142680e+004	   -1.795266e+000
+7.150723e+004	   -1.794574e+000
+7.158775e+004	   -1.801305e+000
+7.166836e+004	   -1.815115e+000
+7.174906e+004	   -1.841139e+000
+7.182985e+004	   -1.835931e+000
+7.191073e+004	   -1.842231e+000
+7.199171e+004	   -1.865210e+000
+7.207278e+004	   -1.877102e+000
+7.215394e+004	   -1.878272e+000
+7.223518e+004	   -1.888681e+000
+7.231652e+004	   -1.909567e+000
+7.239795e+004	   -1.911967e+000
+7.247948e+004	   -1.921202e+000
+7.256109e+004	   -1.930976e+000
+7.264280e+004	   -1.948454e+000
+7.272460e+004	   -1.957190e+000
+7.280649e+004	   -1.966341e+000
+7.288847e+004	   -1.975904e+000
+7.297055e+004	   -1.990673e+000
+7.305272e+004	   -1.993784e+000
+7.313498e+004	   -2.007899e+000
+7.321733e+004	   -2.018333e+000
+7.329977e+004	   -2.028488e+000
+7.338231e+004	   -2.041988e+000
+7.346495e+004	   -2.052886e+000
+7.354767e+004	   -2.070898e+000
+7.363048e+004	   -2.078957e+000
+7.371340e+004	   -2.082539e+000
+7.379641e+004	   -2.103478e+000
+7.387950e+004	   -2.113396e+000
+7.396270e+004	   -2.112929e+000
+7.404598e+004	   -2.120394e+000
+7.412936e+004	   -2.134064e+000
+7.421283e+004	   -2.153687e+000
+7.429640e+004	   -2.155631e+000
+7.438005e+004	   -2.163250e+000
+7.446381e+004	   -2.182199e+000
+7.454766e+004	   -2.198348e+000
+7.463160e+004	   -2.201319e+000
+7.471564e+004	   -2.214337e+000
+7.479977e+004	   -2.220932e+000
+7.488400e+004	   -2.238925e+000
+7.496833e+004	   -2.250848e+000
+7.505274e+004	   -2.261646e+000
+7.513726e+004	   -2.268849e+000
+7.522186e+004	   -2.284872e+000
+7.530656e+004	   -2.292187e+000
+7.539137e+004	   -2.302094e+000
+7.547626e+004	   -2.316087e+000
+7.556125e+004	   -2.329165e+000
+7.564634e+004	   -2.334926e+000
+7.573152e+004	   -2.352970e+000
+7.581679e+004	   -2.369298e+000
+7.590216e+004	   -2.372383e+000
+7.598763e+004	   -2.377096e+000
+7.607320e+004	   -2.391815e+000
+7.615886e+004	   -2.408748e+000
+7.624462e+004	   -2.415840e+000
+7.633047e+004	   -2.424436e+000
+7.641642e+004	   -2.437979e+000
+7.650247e+004	   -2.451726e+000
+7.658862e+004	   -2.453828e+000
+7.667486e+004	   -2.459672e+000
+7.676120e+004	   -2.472089e+000
+7.684763e+004	   -2.491479e+000
+7.693416e+004	   -2.508348e+000
+7.702080e+004	   -2.507121e+000
+7.710752e+004	   -2.515083e+000
+7.719435e+004	   -2.538860e+000
+7.728127e+004	   -2.556023e+000
+7.736830e+004	   -2.555711e+000
+7.745542e+004	   -2.556606e+000
+7.754264e+004	   -2.575127e+000
+7.762995e+004	   -2.599616e+000
+7.771737e+004	   -2.595453e+000
+7.780488e+004	   -2.605983e+000
+7.789249e+004	   -2.616102e+000
+7.798020e+004	   -2.644972e+000
+7.806801e+004	   -2.643058e+000
+7.815592e+004	   -2.645281e+000
+7.824393e+004	   -2.663272e+000
+7.833203e+004	   -2.676995e+000
+7.842023e+004	   -2.692515e+000
+7.850854e+004	   -2.690276e+000
+7.859695e+004	   -2.706316e+000
+7.868545e+004	   -2.721836e+000
+7.877405e+004	   -2.730738e+000
+7.886276e+004	   -2.738294e+000
+7.895155e+004	   -2.745219e+000
+7.904046e+004	   -2.765056e+000
+7.912946e+004	   -2.771376e+000
+7.921857e+004	   -2.776497e+000
+7.930777e+004	   -2.779830e+000
+7.939707e+004	   -2.801111e+000
+7.948648e+004	   -2.813241e+000
+7.957598e+004	   -2.816018e+000
+7.966559e+004	   -2.836436e+000
+7.975530e+004	   -2.860747e+000
+7.984510e+004	   -2.870307e+000
+7.993502e+004	   -2.872675e+000
+8.002502e+004	   -2.875479e+000
+8.011513e+004	   -2.895758e+000
+8.020534e+004	   -2.921414e+000
+8.029566e+004	   -2.925802e+000
+8.038608e+004	   -2.927552e+000
+8.047659e+004	   -2.939639e+000
+8.056722e+004	   -2.963661e+000
+8.065794e+004	   -2.969736e+000
+8.074877e+004	   -2.973019e+000
+8.083969e+004	   -2.984585e+000
+8.093072e+004	   -3.004776e+000
+8.102185e+004	   -3.016444e+000
+8.111309e+004	   -3.017498e+000
+8.120442e+004	   -3.033437e+000
+8.129586e+004	   -3.046729e+000
+8.138740e+004	   -3.049235e+000
+8.147905e+004	   -3.070987e+000
+8.157080e+004	   -3.080697e+000
+8.166265e+004	   -3.089549e+000
+8.175460e+004	   -3.117297e+000
+8.184666e+004	   -3.111286e+000
+8.193883e+004	   -3.126313e+000
+8.203109e+004	   -3.133304e+000
+8.212346e+004	   -3.161861e+000
+8.221594e+004	   -3.162326e+000
+8.230852e+004	   -3.166985e+000
+8.240120e+004	   -3.180924e+000
+8.249398e+004	   -3.200521e+000
+8.258688e+004	   -3.212941e+000
+8.267988e+004	   -3.211180e+000
+8.277298e+004	   -3.222767e+000
+8.286618e+004	   -3.235713e+000
+8.295949e+004	   -3.262720e+000
+8.305291e+004	   -3.268367e+000
+8.314643e+004	   -3.274588e+000
+8.324005e+004	   -3.276012e+000
+8.333379e+004	   -3.291553e+000
+8.342763e+004	   -3.316791e+000
+8.352157e+004	   -3.318858e+000
+8.361562e+004	   -3.320957e+000
+8.370977e+004	   -3.339336e+000
+8.380403e+004	   -3.350412e+000
+8.389840e+004	   -3.367545e+000
+8.399287e+004	   -3.376787e+000
+8.408745e+004	   -3.385620e+000
+8.418213e+004	   -3.390671e+000
+8.427693e+004	   -3.399119e+000
+8.437183e+004	   -3.420854e+000
+8.446684e+004	   -3.424282e+000
+8.456195e+004	   -3.435092e+000
+8.465716e+004	   -3.458346e+000
+8.475249e+004	   -3.458598e+000
+8.484793e+004	   -3.462706e+000
+8.494347e+004	   -3.477515e+000
+8.503913e+004	   -3.503937e+000
+8.513488e+004	   -3.510126e+000
+8.523074e+004	   -3.513986e+000
+8.532672e+004	   -3.527909e+000
+8.542280e+004	   -3.536304e+000
+8.551899e+004	   -3.549291e+000
+8.561529e+004	   -3.555905e+000
+8.571170e+004	   -3.574751e+000
+8.580821e+004	   -3.573588e+000
+8.590484e+004	   -3.585850e+000
+8.600156e+004	   -3.615627e+000
+8.609841e+004	   -3.616565e+000
+8.619536e+004	   -3.617305e+000
+8.629241e+004	   -3.634395e+000
+8.638959e+004	   -3.647621e+000
+8.648687e+004	   -3.665787e+000
+8.658425e+004	   -3.670588e+000
+8.668175e+004	   -3.677741e+000
+8.677936e+004	   -3.684626e+000
+8.687707e+004	   -3.696914e+000
+8.697490e+004	   -3.720495e+000
+8.707284e+004	   -3.720924e+000
+8.717088e+004	   -3.725635e+000
+8.726905e+004	   -3.746027e+000
+8.736731e+004	   -3.743234e+000
+8.746569e+004	   -3.764387e+000
+8.756418e+004	   -3.773586e+000
+8.766278e+004	   -3.789190e+000
+8.776149e+004	   -3.801675e+000
+8.786032e+004	   -3.802947e+000
+8.795925e+004	   -3.809071e+000
+8.805830e+004	   -3.825162e+000
+8.815745e+004	   -3.839786e+000
+8.825673e+004	   -3.848873e+000
+8.835610e+004	   -3.858530e+000
+8.845559e+004	   -3.869119e+000
+8.855520e+004	   -3.874208e+000
+8.865492e+004	   -3.901489e+000
+8.875475e+004	   -3.902564e+000
+8.885469e+004	   -3.908116e+000
+8.895474e+004	   -3.924417e+000
+8.905491e+004	   -3.932366e+000
+8.915519e+004	   -3.950170e+000
+8.925558e+004	   -3.951352e+000
+8.935609e+004	   -3.964386e+000
+8.945670e+004	   -3.962445e+000
+8.955744e+004	   -3.978477e+000
+8.965828e+004	   -4.010387e+000
+8.975924e+004	   -4.007920e+000
+8.986031e+004	   -4.001503e+000
+8.996150e+004	   -4.017036e+000
+9.006280e+004	   -4.036063e+000
+9.016422e+004	   -4.057846e+000
+9.026574e+004	   -4.046941e+000
+9.036739e+004	   -4.053228e+000
+9.046915e+004	   -4.073250e+000
+9.057102e+004	   -4.083272e+000
+9.067301e+004	   -4.110909e+000
+9.077511e+004	   -4.126698e+000
+9.087732e+004	   -4.121002e+000
+9.097966e+004	   -4.134503e+000
+9.108210e+004	   -4.148306e+000
+9.118466e+004	   -4.148038e+000
+9.128734e+004	   -4.163056e+000
+9.139013e+004	   -4.183578e+000
+9.149305e+004	   -4.195936e+000
+9.159607e+004	   -4.194460e+000
+9.169921e+004	   -4.206787e+000
+9.180247e+004	   -4.216553e+000
+9.190584e+004	   -4.228704e+000
+9.200933e+004	   -4.241283e+000
+9.211294e+004	   -4.243721e+000
+9.221666e+004	   -4.251296e+000
+9.232050e+004	   -4.265624e+000
+9.242445e+004	   -4.285875e+000
+9.252853e+004	   -4.291372e+000
+9.263272e+004	   -4.295030e+000
+9.273703e+004	   -4.305030e+000
+9.284145e+004	   -4.322295e+000
+9.294600e+004	   -4.336427e+000
+9.305066e+004	   -4.328219e+000
+9.315544e+004	   -4.346976e+000
+9.326034e+004	   -4.345713e+000
+9.336535e+004	   -4.360972e+000
+9.347048e+004	   -4.383733e+000
+9.357573e+004	   -4.388229e+000
+9.368110e+004	   -4.391157e+000
+9.378659e+004	   -4.414097e+000
+9.389220e+004	   -4.418430e+000
+9.399793e+004	   -4.429345e+000
+9.410377e+004	   -4.442629e+000
+9.420973e+004	   -4.442583e+000
+9.431582e+004	   -4.457642e+000
+9.442202e+004	   -4.472667e+000
+9.452835e+004	   -4.474107e+000
+9.463479e+004	   -4.485821e+000
+9.474135e+004	   -4.495639e+000
+9.484804e+004	   -4.513017e+000
+9.495484e+004	   -4.519588e+000
+9.506177e+004	   -4.530611e+000
+9.516880e+004	   -4.535627e+000
+9.527597e+004	   -4.539386e+000
+9.538326e+004	   -4.558033e+000
+9.549066e+004	   -4.572694e+000
+9.559819e+004	   -4.577892e+000
+9.570584e+004	   -4.588500e+000
+9.581360e+004	   -4.588861e+000
+9.592149e+004	   -4.604131e+000
+9.602951e+004	   -4.612094e+000
+9.613764e+004	   -4.625702e+000
+9.624589e+004	   -4.649148e+000
+9.635427e+004	   -4.639400e+000
+9.646277e+004	   -4.656614e+000
+9.657139e+004	   -4.664597e+000
+9.668013e+004	   -4.673790e+000
+9.678900e+004	   -4.680490e+000
+9.689798e+004	   -4.702735e+000
+9.700710e+004	   -4.706573e+000
+9.711634e+004	   -4.720064e+000
+9.722569e+004	   -4.726987e+000
+9.733517e+004	   -4.720447e+000
+9.744477e+004	   -4.739177e+000
+9.755450e+004	   -4.758213e+000
+9.766435e+004	   -4.761537e+000
+9.777433e+004	   -4.765598e+000
+9.788442e+004	   -4.783154e+000
+9.799465e+004	   -4.790468e+000
+9.810499e+004	   -4.811886e+000
+9.821546e+004	   -4.812318e+000
+9.832605e+004	   -4.808586e+000
+9.843677e+004	   -4.836131e+000
+9.854762e+004	   -4.835874e+000
+9.865859e+004	   -4.847564e+000
+9.876968e+004	   -4.876185e+000
+9.888090e+004	   -4.868569e+000
+9.899224e+004	   -4.887616e+000
+9.910371e+004	   -4.885156e+000
+9.921531e+004	   -4.901872e+000
+9.932703e+004	   -4.908018e+000
+9.943888e+004	   -4.914725e+000
+9.955085e+004	   -4.942291e+000
+9.966295e+004	   -4.942156e+000
+9.977517e+004	   -4.947622e+000
+9.988752e+004	   -4.963480e+000
+1.000000e+005	   -4.964468e+000
