+1.000000e+004	   -7.472402e+000
+1.001126e+004	   -7.490644e+000
+1.002253e+004	   -7.493712e+000
+1.003382e+004	   -7.505407e+000
+1.004512e+004	   -7.514350e+000
+1.005643e+004	   -7.522334e+000
+1.006775e+004	   -7.522064e+000
+1.007909e+004	   -7.533379e+000
+1.009044e+004	   -7.556525e+000
+1.010180e+004	   -7.555570e+000
+1.011318e+004	   -7.562800e+000
+1.012456e+004	   -7.575580e+000
+1.013596e+004	   -7.579344e+000
+1.014738e+004	   -7.592441e+000
+1.015880e+004	   -7.609087e+000
+1.017024e+004	   -7.614143e+000
+1.018170e+004	   -7.598624e+000
+1.019316e+004	   -7.625482e+000
+1.020464e+004	   -7.647042e+000
+1.021613e+004	   -7.642499e+000
+1.022763e+004	   -7.656959e+000
+1.023915e+004	   -7.665765e+000
+1.025068e+004	   -7.668679e+000
+1.026222e+004	   -7.678815e+000
+1.027378e+004	   -7.702316e+000
+1.028535e+004	   -7.702559e+000
+1.029693e+004	   -7.711793e+000
+1.030852e+004	   -7.709445e+000
+1.032013e+004	   -7.721114e+000
+1.033175e+004	   -7.736138e+000
+1.034339e+004	   -7.749586e+000
+1.035503e+004	   -7.768068e+000
+1.036669e+004	   -7.778251e+000
+1.037837e+004	   -7.785158e+000
+1.039005e+004	   -7.775180e+000
+1.040175e+004	   -7.788363e+000
+1.041347e+004	   -7.791699e+000
+1.042519e+004	   -7.811310e+000
+1.043693e+004	   -7.822451e+000
+1.044868e+004	   -7.826457e+000
+1.046045e+004	   -7.841081e+000
+1.047223e+004	   -7.844979e+000
+1.048402e+004	   -7.866700e+000
+1.049583e+004	   -7.866927e+000
+1.050764e+004	   -7.890237e+000
+1.051948e+004	   -7.892661e+000
+1.053132e+004	   -7.903409e+000
+1.054318e+004	   -7.908066e+000
+1.055505e+004	   -7.915788e+000
+1.056694e+004	   -7.929729e+000
+1.057884e+004	   -7.930738e+000
+1.059075e+004	   -7.943084e+000
+1.060267e+004	   -7.952654e+000
+1.061461e+004	   -7.957488e+000
+1.062657e+004	   -7.971500e+000
+1.063853e+004	   -7.989336e+000
+1.065051e+004	   -7.986028e+000
+1.066250e+004	   -8.004994e+000
+1.067451e+004	   -8.019337e+000
+1.068653e+004	   -8.014328e+000
+1.069856e+004	   -8.027665e+000
+1.071061e+004	   -8.040326e+000
+1.072267e+004	   -8.035345e+000
+1.073475e+004	   -8.048259e+000
+1.074683e+004	   -8.068753e+000
+1.075894e+004	   -8.071627e+000
+1.077105e+004	   -8.081564e+000
+1.078318e+004	   -8.095264e+000
+1.079532e+004	   -8.092040e+000
+1.080748e+004	   -8.123154e+000
+1.081965e+004	   -8.116212e+000
+1.083183e+004	   -8.126567e+000
+1.084403e+004	   -8.149618e+000
+1.085624e+004	   -8.159108e+000
+1.086846e+004	   -8.178141e+000
+1.088070e+004	   -8.178322e+000
+1.089295e+004	   -8.186509e+000
+1.090522e+004	   -8.193617e+000
+1.091750e+004	   -8.197613e+000
+1.092979e+004	   -8.199824e+000
+1.094210e+004	   -8.219193e+000
+1.095442e+004	   -8.228519e+000
+1.096676e+004	   -8.237075e+000
+1.097911e+004	   -8.252664e+000
+1.099147e+004	   -8.265465e+000
+1.100385e+004	   -8.268526e+000
+1.101624e+004	   -8.287002e+000
+1.102864e+004	   -8.287685e+000
+1.104106e+004	   -8.301421e+000
+1.105349e+004	   -8.316170e+000
+1.106594e+004	   -8.330043e+000
+1.107840e+004	   -8.331918e+000
+1.109087e+004	   -8.337327e+000
+1.110336e+004	   -8.343979e+000
+1.111587e+004	   -8.363728e+000
+1.112838e+004	   -8.372755e+000
+1.114091e+004	   -8.387734e+000
+1.115346e+004	   -8.374529e+000
+1.116602e+004	   -8.396342e+000
+1.117859e+004	   -8.405723e+000
+1.119118e+004	   -8.432194e+000
+1.120378e+004	   -8.415106e+000
+1.121640e+004	   -8.440038e+000
+1.122903e+004	   -8.442524e+000
+1.124167e+004	   -8.468249e+000
+1.125433e+004	   -8.467313e+000
+1.126700e+004	   -8.485435e+000
+1.127969e+004	   -8.490292e+000
+1.129239e+004	   -8.513298e+000
+1.130511e+004	   -8.506891e+000
+1.131784e+004	   -8.521207e+000
+1.133058e+004	   -8.529312e+000
+1.134334e+004	   -8.550330e+000
+1.135611e+004	   -8.562477e+000
+1.136890e+004	   -8.563967e+000
+1.138170e+004	   -8.573241e+000
+1.139452e+004	   -8.574118e+000
+1.140735e+004	   -8.604410e+000
+1.142019e+004	   -8.602884e+000
+1.143305e+004	   -8.615456e+000
+1.144593e+004	   -8.625937e+000
+1.145882e+004	   -8.625788e+000
+1.147172e+004	   -8.650405e+000
+1.148464e+004	   -8.653854e+000
+1.149757e+004	   -8.663849e+000
+1.151052e+004	   -8.689318e+000
+1.152348e+004	   -8.696215e+000
+1.153645e+004	   -8.691582e+000
+1.154944e+004	   -8.715124e+000
+1.156245e+004	   -8.715943e+000
+1.157547e+004	   -8.742673e+000
+1.158850e+004	   -8.735158e+000
+1.160155e+004	   -8.761439e+000
+1.161462e+004	   -8.761490e+000
+1.162770e+004	   -8.756740e+000
+1.164079e+004	   -8.783616e+000
+1.165390e+004	   -8.803184e+000
+1.166702e+004	   -8.817883e+000
+1.168016e+004	   -8.815727e+000
+1.169331e+004	   -8.831733e+000
+1.170648e+004	   -8.837811e+000
+1.171966e+004	   -8.841816e+000
+1.173286e+004	   -8.865168e+000
+1.174607e+004	   -8.863987e+000
+1.175929e+004	   -8.878427e+000
+1.177254e+004	   -8.881055e+000
+1.178579e+004	   -8.892155e+000
+1.179906e+004	   -8.915182e+000
+1.181235e+004	   -8.923263e+000
+1.182565e+004	   -8.932668e+000
+1.183897e+004	   -8.944420e+000
+1.185230e+004	   -8.950586e+000
+1.186564e+004	   -8.970692e+000
+1.187900e+004	   -8.972303e+000
+1.189238e+004	   -8.998426e+000
+1.190577e+004	   -8.987677e+000
+1.191918e+004	   -9.007380e+000
+1.193260e+004	   -9.030484e+000
+1.194604e+004	   -9.029989e+000
+1.195949e+004	   -9.050264e+000
+1.197296e+004	   -9.040120e+000
+1.198644e+004	   -9.065232e+000
+1.199993e+004	   -9.089472e+000
+1.201345e+004	   -9.102016e+000
+1.202697e+004	   -9.095825e+000
+1.204052e+004	   -9.109384e+000
+1.205408e+004	   -9.131409e+000
+1.206765e+004	   -9.130227e+000
+1.208124e+004	   -9.149237e+000
+1.209484e+004	   -9.149103e+000
+1.210846e+004	   -9.156838e+000
+1.212210e+004	   -9.177710e+000
+1.213575e+004	   -9.183920e+000
+1.214941e+004	   -9.201982e+000
+1.216309e+004	   -9.211189e+000
+1.217679e+004	   -9.225647e+000
+1.219050e+004	   -9.242913e+000
+1.220423e+004	   -9.243116e+000
+1.221797e+004	   -9.245940e+000
+1.223173e+004	   -9.266130e+000
+1.224550e+004	   -9.270965e+000
+1.225929e+004	   -9.292582e+000
+1.227309e+004	   -9.306366e+000
+1.228691e+004	   -9.317392e+000
+1.230075e+004	   -9.323753e+000
+1.231460e+004	   -9.330454e+000
+1.232847e+004	   -9.352341e+000
+1.234235e+004	   -9.354670e+000
+1.235625e+004	   -9.355016e+000
+1.237016e+004	   -9.368663e+000
+1.238409e+004	   -9.384578e+000
+1.239804e+004	   -9.399403e+000
+1.241200e+004	   -9.412293e+000
+1.242597e+004	   -9.418340e+000
+1.243996e+004	   -9.450017e+000
+1.245397e+004	   -9.447433e+000
+1.246800e+004	   -9.456870e+000
+1.248204e+004	   -9.473731e+000
+1.249609e+004	   -9.491057e+000
+1.251016e+004	   -9.492131e+000
+1.252425e+004	   -9.507675e+000
+1.253835e+004	   -9.504237e+000
+1.255247e+004	   -9.528622e+000
+1.256661e+004	   -9.537453e+000
+1.258076e+004	   -9.555389e+000
+1.259492e+004	   -9.567316e+000
+1.260911e+004	   -9.571354e+000
+1.262330e+004	   -9.586099e+000
+1.263752e+004	   -9.604053e+000
+1.265175e+004	   -9.613679e+000
+1.266599e+004	   -9.626810e+000
+1.268026e+004	   -9.632629e+000
+1.269454e+004	   -9.645945e+000
+1.270883e+004	   -9.650955e+000
+1.272314e+004	   -9.675181e+000
+1.273747e+004	   -9.680612e+000
+1.275181e+004	   -9.697102e+000
+1.276617e+004	   -9.698638e+000
+1.278054e+004	   -9.727204e+000
+1.279494e+004	   -9.728702e+000
+1.280934e+004	   -9.740482e+000
+1.282377e+004	   -9.757019e+000
+1.283821e+004	   -9.774961e+000
+1.285266e+004	   -9.784493e+000
+1.286714e+004	   -9.801229e+000
+1.288163e+004	   -9.797803e+000
+1.289613e+004	   -9.827050e+000
+1.291065e+004	   -9.827239e+000
+1.292519e+004	   -9.841556e+000
+1.293975e+004	   -9.836348e+000
+1.295432e+004	   -9.864354e+000
+1.296890e+004	   -9.875870e+000
+1.298351e+004	   -9.890399e+000
+1.299813e+004	   -9.899820e+000
+1.301276e+004	   -9.913652e+000
+1.302742e+004	   -9.922688e+000
+1.304208e+004	   -9.933744e+000
+1.305677e+004	   -9.950941e+000
+1.307147e+004	   -9.967796e+000
+1.308619e+004	   -9.970329e+000
+1.310093e+004	   -9.985211e+000
+1.311568e+004	   -9.989085e+000
+1.313045e+004	   -1.000477e+001
+1.314523e+004	   -1.000486e+001
+1.316004e+004	   -1.003690e+001
+1.317486e+004	   -1.004032e+001
+1.318969e+004	   -1.005680e+001
+1.320454e+004	   -1.007783e+001
+1.321941e+004	   -1.009005e+001
+1.323430e+004	   -1.009968e+001
+1.324920e+004	   -1.010237e+001
+1.326412e+004	   -1.013150e+001
+1.327905e+004	   -1.013668e+001
+1.329401e+004	   -1.013816e+001
+1.330898e+004	   -1.016012e+001
+1.332396e+004	   -1.017081e+001
+1.333897e+004	   -1.018132e+001
+1.335399e+004	   -1.019435e+001
+1.336902e+004	   -1.021537e+001
+1.338408e+004	   -1.022891e+001
+1.339915e+004	   -1.023720e+001
+1.341424e+004	   -1.025307e+001
+1.342934e+004	   -1.025722e+001
+1.344446e+004	   -1.026608e+001
+1.345960e+004	   -1.027567e+001
+1.347476e+004	   -1.028615e+001
+1.348993e+004	   -1.030319e+001
+1.350512e+004	   -1.032298e+001
+1.352033e+004	   -1.033189e+001
+1.353555e+004	   -1.035524e+001
+1.355080e+004	   -1.036224e+001
+1.356605e+004	   -1.036729e+001
+1.358133e+004	   -1.038224e+001
+1.359662e+004	   -1.039610e+001
+1.361193e+004	   -1.040572e+001
+1.362726e+004	   -1.042727e+001
+1.364261e+004	   -1.043354e+001
+1.365797e+004	   -1.044790e+001
+1.367335e+004	   -1.046526e+001
+1.368875e+004	   -1.048150e+001
+1.370416e+004	   -1.050280e+001
+1.371959e+004	   -1.051176e+001
+1.373504e+004	   -1.050812e+001
+1.375051e+004	   -1.053095e+001
+1.376599e+004	   -1.054487e+001
+1.378149e+004	   -1.054915e+001
+1.379701e+004	   -1.057375e+001
+1.381254e+004	   -1.057270e+001
+1.382810e+004	   -1.058873e+001
+1.384367e+004	   -1.060389e+001
+1.385926e+004	   -1.062078e+001
+1.387486e+004	   -1.062525e+001
+1.389049e+004	   -1.063245e+001
+1.390613e+004	   -1.064651e+001
+1.392179e+004	   -1.067662e+001
+1.393746e+004	   -1.067454e+001
+1.395316e+004	   -1.069768e+001
+1.396887e+004	   -1.072370e+001
+1.398460e+004	   -1.072258e+001
+1.400035e+004	   -1.073453e+001
+1.401611e+004	   -1.075322e+001
+1.403189e+004	   -1.074653e+001
+1.404770e+004	   -1.077542e+001
+1.406351e+004	   -1.078867e+001
+1.407935e+004	   -1.080082e+001
+1.409520e+004	   -1.081642e+001
+1.411108e+004	   -1.082769e+001
+1.412696e+004	   -1.085217e+001
+1.414287e+004	   -1.085815e+001
+1.415880e+004	   -1.087248e+001
+1.417474e+004	   -1.087239e+001
+1.419070e+004	   -1.089645e+001
+1.420668e+004	   -1.091956e+001
+1.422268e+004	   -1.091790e+001
+1.423870e+004	   -1.093897e+001
+1.425473e+004	   -1.094909e+001
+1.427078e+004	   -1.097295e+001
+1.428685e+004	   -1.097432e+001
+1.430294e+004	   -1.100353e+001
+1.431904e+004	   -1.101013e+001
+1.433517e+004	   -1.102429e+001
+1.435131e+004	   -1.103079e+001
+1.436747e+004	   -1.104662e+001
+1.438365e+004	   -1.106245e+001
+1.439984e+004	   -1.108596e+001
+1.441606e+004	   -1.109918e+001
+1.443229e+004	   -1.110907e+001
+1.444854e+004	   -1.112135e+001
+1.446481e+004	   -1.113387e+001
+1.448110e+004	   -1.114922e+001
+1.449741e+004	   -1.113971e+001
+1.451373e+004	   -1.117680e+001
+1.453007e+004	   -1.117806e+001
+1.454644e+004	   -1.120522e+001
+1.456282e+004	   -1.121472e+001
+1.457921e+004	   -1.123173e+001
+1.459563e+004	   -1.124861e+001
+1.461207e+004	   -1.126184e+001
+1.462852e+004	   -1.127678e+001
+1.464499e+004	   -1.129967e+001
+1.466148e+004	   -1.129322e+001
+1.467799e+004	   -1.130709e+001
+1.469452e+004	   -1.133150e+001
+1.471107e+004	   -1.133363e+001
+1.472763e+004	   -1.135827e+001
+1.474422e+004	   -1.137263e+001
+1.476082e+004	   -1.138019e+001
+1.477744e+004	   -1.139626e+001
+1.479408e+004	   -1.141010e+001
+1.481074e+004	   -1.143504e+001
+1.482742e+004	   -1.144777e+001
+1.484411e+004	   -1.145704e+001
+1.486083e+004	   -1.146539e+001
+1.487756e+004	   -1.148381e+001
+1.489431e+004	   -1.151145e+001
+1.491109e+004	   -1.150459e+001
+1.492788e+004	   -1.152811e+001
+1.494469e+004	   -1.153216e+001
+1.496151e+004	   -1.155554e+001
+1.497836e+004	   -1.156676e+001
+1.499523e+004	   -1.158687e+001
+1.501211e+004	   -1.160524e+001
+1.502902e+004	   -1.161204e+001
+1.504594e+004	   -1.163626e+001
+1.506288e+004	   -1.166227e+001
+1.507984e+004	   -1.165186e+001
+1.509683e+004	   -1.167757e+001
+1.511383e+004	   -1.167982e+001
+1.513084e+004	   -1.169237e+001
+1.514788e+004	   -1.171667e+001
+1.516494e+004	   -1.173338e+001
+1.518202e+004	   -1.174997e+001
+1.519911e+004	   -1.176431e+001
+1.521623e+004	   -1.177429e+001
+1.523336e+004	   -1.178983e+001
+1.525051e+004	   -1.180538e+001
+1.526769e+004	   -1.182190e+001
+1.528488e+004	   -1.182701e+001
+1.530209e+004	   -1.184946e+001
+1.531932e+004	   -1.186447e+001
+1.533657e+004	   -1.188901e+001
+1.535384e+004	   -1.188173e+001
+1.537113e+004	   -1.189018e+001
+1.538844e+004	   -1.192921e+001
+1.540577e+004	   -1.193980e+001
+1.542311e+004	   -1.195880e+001
+1.544048e+004	   -1.198120e+001
+1.545787e+004	   -1.197857e+001
+1.547527e+004	   -1.200710e+001
+1.549270e+004	   -1.201937e+001
+1.551014e+004	   -1.203281e+001
+1.552761e+004	   -1.204870e+001
+1.554509e+004	   -1.204910e+001
+1.556260e+004	   -1.207902e+001
+1.558012e+004	   -1.210197e+001
+1.559767e+004	   -1.210042e+001
+1.561523e+004	   -1.213256e+001
+1.563281e+004	   -1.212121e+001
+1.565042e+004	   -1.215358e+001
+1.566804e+004	   -1.216730e+001
+1.568568e+004	   -1.218940e+001
+1.570335e+004	   -1.219360e+001
+1.572103e+004	   -1.221976e+001
+1.573873e+004	   -1.223239e+001
+1.575645e+004	   -1.224591e+001
+1.577420e+004	   -1.226081e+001
+1.579196e+004	   -1.227655e+001
+1.580974e+004	   -1.229112e+001
+1.582754e+004	   -1.231767e+001
+1.584537e+004	   -1.231318e+001
+1.586321e+004	   -1.233918e+001
+1.588107e+004	   -1.235761e+001
+1.589895e+004	   -1.236984e+001
+1.591686e+004	   -1.237441e+001
+1.593478e+004	   -1.239509e+001
+1.595272e+004	   -1.241557e+001
+1.597069e+004	   -1.242931e+001
+1.598867e+004	   -1.245303e+001
+1.600667e+004	   -1.247206e+001
+1.602470e+004	   -1.247733e+001
+1.604274e+004	   -1.249342e+001
+1.606081e+004	   -1.250261e+001
+1.607889e+004	   -1.253474e+001
+1.609700e+004	   -1.254354e+001
+1.611512e+004	   -1.256482e+001
+1.613327e+004	   -1.258739e+001
+1.615144e+004	   -1.259710e+001
+1.616962e+004	   -1.261854e+001
+1.618783e+004	   -1.263411e+001
+1.620606e+004	   -1.264458e+001
+1.622431e+004	   -1.265084e+001
+1.624258e+004	   -1.267726e+001
+1.626087e+004	   -1.268688e+001
+1.627918e+004	   -1.270953e+001
+1.629751e+004	   -1.273812e+001
+1.631586e+004	   -1.273761e+001
+1.633423e+004	   -1.274865e+001
+1.635263e+004	   -1.277829e+001
+1.637104e+004	   -1.278472e+001
+1.638947e+004	   -1.279579e+001
+1.640793e+004	   -1.282253e+001
+1.642640e+004	   -1.282138e+001
+1.644490e+004	   -1.285373e+001
+1.646342e+004	   -1.287879e+001
+1.648196e+004	   -1.289117e+001
+1.650052e+004	   -1.289169e+001
+1.651910e+004	   -1.291844e+001
+1.653770e+004	   -1.293861e+001
+1.655632e+004	   -1.294903e+001
+1.657496e+004	   -1.296140e+001
+1.659363e+004	   -1.298447e+001
+1.661231e+004	   -1.300075e+001
+1.663102e+004	   -1.300765e+001
+1.664975e+004	   -1.304355e+001
+1.666849e+004	   -1.304311e+001
+1.668726e+004	   -1.307463e+001
+1.670605e+004	   -1.308479e+001
+1.672487e+004	   -1.310056e+001
+1.674370e+004	   -1.312484e+001
+1.676255e+004	   -1.313418e+001
+1.678143e+004	   -1.314998e+001
+1.680033e+004	   -1.316687e+001
+1.681924e+004	   -1.317109e+001
+1.683818e+004	   -1.320527e+001
+1.685714e+004	   -1.322721e+001
+1.687613e+004	   -1.322506e+001
+1.689513e+004	   -1.324756e+001
+1.691415e+004	   -1.326683e+001
+1.693320e+004	   -1.329113e+001
+1.695227e+004	   -1.330668e+001
+1.697136e+004	   -1.332730e+001
+1.699046e+004	   -1.333285e+001
+1.700960e+004	   -1.335170e+001
+1.702875e+004	   -1.337507e+001
+1.704793e+004	   -1.338656e+001
+1.706712e+004	   -1.341312e+001
+1.708634e+004	   -1.342116e+001
+1.710558e+004	   -1.344261e+001
+1.712484e+004	   -1.345579e+001
+1.714413e+004	   -1.348344e+001
+1.716343e+004	   -1.348920e+001
+1.718276e+004	   -1.350899e+001
+1.720211e+004	   -1.353024e+001
+1.722148e+004	   -1.353668e+001
+1.724087e+004	   -1.357528e+001
+1.726028e+004	   -1.358331e+001
+1.727972e+004	   -1.360565e+001
+1.729918e+004	   -1.361176e+001
+1.731866e+004	   -1.363463e+001
+1.733816e+004	   -1.366077e+001
+1.735768e+004	   -1.366975e+001
+1.737723e+004	   -1.368998e+001
+1.739679e+004	   -1.369501e+001
+1.741638e+004	   -1.371610e+001
+1.743599e+004	   -1.373975e+001
+1.745563e+004	   -1.375979e+001
+1.747528e+004	   -1.377555e+001
+1.749496e+004	   -1.379636e+001
+1.751466e+004	   -1.381341e+001
+1.753438e+004	   -1.383208e+001
+1.755413e+004	   -1.384789e+001
+1.757389e+004	   -1.386104e+001
+1.759368e+004	   -1.387717e+001
+1.761350e+004	   -1.389234e+001
+1.763333e+004	   -1.390520e+001
+1.765319e+004	   -1.393355e+001
+1.767306e+004	   -1.395870e+001
+1.769296e+004	   -1.396996e+001
+1.771289e+004	   -1.398897e+001
+1.773283e+004	   -1.400462e+001
+1.775280e+004	   -1.401685e+001
+1.777279e+004	   -1.402780e+001
+1.779280e+004	   -1.406795e+001
+1.781284e+004	   -1.406790e+001
+1.783290e+004	   -1.409439e+001
+1.785298e+004	   -1.410616e+001
+1.787308e+004	   -1.413074e+001
+1.789321e+004	   -1.416192e+001
+1.791336e+004	   -1.417107e+001
+1.793353e+004	   -1.420020e+001
+1.795372e+004	   -1.420562e+001
+1.797394e+004	   -1.423916e+001
+1.799418e+004	   -1.424984e+001
+1.801444e+004	   -1.426294e+001
+1.803472e+004	   -1.428448e+001
+1.805503e+004	   -1.430400e+001
+1.807536e+004	   -1.432241e+001
+1.809571e+004	   -1.435011e+001
+1.811609e+004	   -1.434280e+001
+1.813649e+004	   -1.436945e+001
+1.815691e+004	   -1.439054e+001
+1.817736e+004	   -1.442907e+001
+1.819783e+004	   -1.443146e+001
+1.821832e+004	   -1.445002e+001
+1.823883e+004	   -1.447015e+001
+1.825937e+004	   -1.448580e+001
+1.827993e+004	   -1.450750e+001
+1.830052e+004	   -1.451549e+001
+1.832112e+004	   -1.454119e+001
+1.834175e+004	   -1.458340e+001
+1.836241e+004	   -1.458539e+001
+1.838308e+004	   -1.460588e+001
+1.840379e+004	   -1.461900e+001
+1.842451e+004	   -1.463244e+001
+1.844525e+004	   -1.465100e+001
+1.846603e+004	   -1.466935e+001
+1.848682e+004	   -1.469665e+001
+1.850763e+004	   -1.471762e+001
+1.852847e+004	   -1.474202e+001
+1.854934e+004	   -1.476564e+001
+1.857023e+004	   -1.477018e+001
+1.859114e+004	   -1.481397e+001
+1.861207e+004	   -1.482244e+001
+1.863303e+004	   -1.483835e+001
+1.865401e+004	   -1.485837e+001
+1.867502e+004	   -1.487978e+001
+1.869604e+004	   -1.490065e+001
+1.871710e+004	   -1.491724e+001
+1.873817e+004	   -1.493170e+001
+1.875927e+004	   -1.493907e+001
+1.878040e+004	   -1.497909e+001
+1.880154e+004	   -1.499330e+001
+1.882272e+004	   -1.499576e+001
+1.884391e+004	   -1.502345e+001
+1.886513e+004	   -1.505480e+001
+1.888637e+004	   -1.508100e+001
+1.890764e+004	   -1.508413e+001
+1.892893e+004	   -1.512048e+001
+1.895025e+004	   -1.513825e+001
+1.897159e+004	   -1.514859e+001
+1.899295e+004	   -1.517237e+001
+1.901433e+004	   -1.518542e+001
+1.903575e+004	   -1.520850e+001
+1.905718e+004	   -1.522569e+001
+1.907864e+004	   -1.525473e+001
+1.910012e+004	   -1.527239e+001
+1.912163e+004	   -1.529410e+001
+1.914316e+004	   -1.529979e+001
+1.916472e+004	   -1.532888e+001
+1.918630e+004	   -1.534496e+001
+1.920790e+004	   -1.536958e+001
+1.922953e+004	   -1.539774e+001
+1.925119e+004	   -1.542080e+001
+1.927286e+004	   -1.545607e+001
+1.929456e+004	   -1.544659e+001
+1.931629e+004	   -1.547882e+001
+1.933804e+004	   -1.550036e+001
+1.935982e+004	   -1.550822e+001
+1.938162e+004	   -1.553080e+001
+1.940344e+004	   -1.555128e+001
+1.942529e+004	   -1.557785e+001
+1.944717e+004	   -1.559879e+001
+1.946906e+004	   -1.562129e+001
+1.949099e+004	   -1.563664e+001
+1.951293e+004	   -1.564003e+001
+1.953491e+004	   -1.567174e+001
+1.955690e+004	   -1.571116e+001
+1.957893e+004	   -1.572314e+001
+1.960097e+004	   -1.574159e+001
+1.962304e+004	   -1.577227e+001
+1.964514e+004	   -1.578745e+001
+1.966726e+004	   -1.580274e+001
+1.968941e+004	   -1.583608e+001
+1.971158e+004	   -1.584894e+001
+1.973378e+004	   -1.587355e+001
+1.975600e+004	   -1.589103e+001
+1.977824e+004	   -1.591376e+001
+1.980051e+004	   -1.594721e+001
+1.982281e+004	   -1.596679e+001
+1.984513e+004	   -1.596601e+001
+1.986748e+004	   -1.599890e+001
+1.988985e+004	   -1.601391e+001
+1.991225e+004	   -1.603236e+001
+1.993467e+004	   -1.606360e+001
+1.995712e+004	   -1.609528e+001
+1.997959e+004	   -1.611374e+001
+2.000209e+004	   -1.612211e+001
+2.002461e+004	   -1.614156e+001
+2.004716e+004	   -1.616462e+001
+2.006973e+004	   -1.619628e+001
+2.009233e+004	   -1.621012e+001
+2.011496e+004	   -1.622704e+001
+2.013761e+004	   -1.626793e+001
+2.016028e+004	   -1.626220e+001
+2.018298e+004	   -1.629706e+001
+2.020571e+004	   -1.631752e+001
+2.022846e+004	   -1.635299e+001
+2.025124e+004	   -1.635666e+001
+2.027404e+004	   -1.639526e+001
+2.029687e+004	   -1.639177e+001
+2.031973e+004	   -1.643576e+001
+2.034261e+004	   -1.644002e+001
+2.036552e+004	   -1.646718e+001
+2.038845e+004	   -1.650325e+001
+2.041141e+004	   -1.651536e+001
+2.043439e+004	   -1.654505e+001
+2.045740e+004	   -1.656954e+001
+2.048044e+004	   -1.658657e+001
+2.050350e+004	   -1.661755e+001
+2.052659e+004	   -1.663414e+001
+2.054970e+004	   -1.664461e+001
+2.057284e+004	   -1.668074e+001
+2.059601e+004	   -1.669561e+001
+2.061920e+004	   -1.672823e+001
+2.064242e+004	   -1.674754e+001
+2.066566e+004	   -1.675959e+001
+2.068893e+004	   -1.677793e+001
+2.071223e+004	   -1.681390e+001
+2.073555e+004	   -1.682993e+001
+2.075890e+004	   -1.685510e+001
+2.078227e+004	   -1.687455e+001
+2.080568e+004	   -1.690572e+001
+2.082910e+004	   -1.692686e+001
+2.085256e+004	   -1.695092e+001
+2.087604e+004	   -1.697082e+001
+2.089955e+004	   -1.701299e+001
+2.092308e+004	   -1.701677e+001
+2.094664e+004	   -1.703652e+001
+2.097023e+004	   -1.706300e+001
+2.099384e+004	   -1.708228e+001
+2.101748e+004	   -1.709763e+001
+2.104115e+004	   -1.712621e+001
+2.106484e+004	   -1.713903e+001
+2.108856e+004	   -1.717620e+001
+2.111231e+004	   -1.720658e+001
+2.113608e+004	   -1.722238e+001
+2.115988e+004	   -1.724372e+001
+2.118371e+004	   -1.725835e+001
+2.120756e+004	   -1.728969e+001
+2.123144e+004	   -1.731744e+001
+2.125535e+004	   -1.734276e+001
+2.127928e+004	   -1.737254e+001
+2.130324e+004	   -1.739125e+001
+2.132723e+004	   -1.741842e+001
+2.135125e+004	   -1.743023e+001
+2.137529e+004	   -1.745442e+001
+2.139936e+004	   -1.749327e+001
+2.142346e+004	   -1.752847e+001
+2.144758e+004	   -1.753493e+001
+2.147173e+004	   -1.754854e+001
+2.149591e+004	   -1.757879e+001
+2.152012e+004	   -1.760224e+001
+2.154435e+004	   -1.762786e+001
+2.156861e+004	   -1.764492e+001
+2.159289e+004	   -1.767865e+001
+2.161721e+004	   -1.769873e+001
+2.164155e+004	   -1.770835e+001
+2.166592e+004	   -1.775436e+001
+2.169032e+004	   -1.777207e+001
+2.171474e+004	   -1.778938e+001
+2.173919e+004	   -1.782034e+001
+2.176367e+004	   -1.784157e+001
+2.178818e+004	   -1.785769e+001
+2.181271e+004	   -1.789169e+001
+2.183728e+004	   -1.790102e+001
+2.186187e+004	   -1.793134e+001
+2.188648e+004	   -1.796735e+001
+2.191113e+004	   -1.799524e+001
+2.193580e+004	   -1.800426e+001
+2.196050e+004	   -1.804239e+001
+2.198523e+004	   -1.807321e+001
+2.200998e+004	   -1.810448e+001
+2.203477e+004	   -1.811019e+001
+2.205958e+004	   -1.813457e+001
+2.208442e+004	   -1.816088e+001
+2.210929e+004	   -1.819423e+001
+2.213419e+004	   -1.822117e+001
+2.215911e+004	   -1.826246e+001
+2.218406e+004	   -1.826401e+001
+2.220904e+004	   -1.829556e+001
+2.223405e+004	   -1.831941e+001
+2.225909e+004	   -1.834095e+001
+2.228415e+004	   -1.835382e+001
+2.230924e+004	   -1.838683e+001
+2.233437e+004	   -1.840732e+001
+2.235951e+004	   -1.843084e+001
+2.238469e+004	   -1.846731e+001
+2.240990e+004	   -1.848142e+001
+2.243513e+004	   -1.851689e+001
+2.246040e+004	   -1.854146e+001
+2.248569e+004	   -1.854556e+001
+2.251101e+004	   -1.860020e+001
+2.253636e+004	   -1.861610e+001
+2.256173e+004	   -1.864852e+001
+2.258714e+004	   -1.867866e+001
+2.261257e+004	   -1.868546e+001
+2.263803e+004	   -1.873009e+001
+2.266353e+004	   -1.875060e+001
+2.268904e+004	   -1.877337e+001
+2.271459e+004	   -1.879244e+001
+2.274017e+004	   -1.882803e+001
+2.276578e+004	   -1.885408e+001
+2.279141e+004	   -1.888498e+001
+2.281708e+004	   -1.890582e+001
+2.284277e+004	   -1.893993e+001
+2.286849e+004	   -1.896838e+001
+2.289424e+004	   -1.898291e+001
+2.292002e+004	   -1.901023e+001
+2.294583e+004	   -1.904294e+001
+2.297167e+004	   -1.905469e+001
+2.299754e+004	   -1.908962e+001
+2.302343e+004	   -1.913115e+001
+2.304936e+004	   -1.914952e+001
+2.307531e+004	   -1.916706e+001
+2.310130e+004	   -1.918416e+001
+2.312731e+004	   -1.922295e+001
+2.315335e+004	   -1.925726e+001
+2.317942e+004	   -1.928307e+001
+2.320553e+004	   -1.931120e+001
+2.323166e+004	   -1.933258e+001
+2.325781e+004	   -1.935281e+001
+2.328400e+004	   -1.939488e+001
+2.331022e+004	   -1.940847e+001
+2.333647e+004	   -1.944065e+001
+2.336275e+004	   -1.945531e+001
+2.338906e+004	   -1.948671e+001
+2.341539e+004	   -1.951829e+001
+2.344176e+004	   -1.953949e+001
+2.346816e+004	   -1.956813e+001
+2.349458e+004	   -1.959279e+001
+2.352104e+004	   -1.963778e+001
+2.354753e+004	   -1.964392e+001
+2.357404e+004	   -1.970240e+001
+2.360059e+004	   -1.971107e+001
+2.362716e+004	   -1.974450e+001
+2.365377e+004	   -1.978342e+001
+2.368040e+004	   -1.978643e+001
+2.370707e+004	   -1.983589e+001
+2.373376e+004	   -1.987291e+001
+2.376049e+004	   -1.987412e+001
+2.378724e+004	   -1.991149e+001
+2.381403e+004	   -1.994236e+001
+2.384084e+004	   -1.996648e+001
+2.386769e+004	   -1.998549e+001
+2.389456e+004	   -2.002301e+001
+2.392147e+004	   -2.005059e+001
+2.394841e+004	   -2.007651e+001
+2.397538e+004	   -2.011289e+001
+2.400237e+004	   -2.014556e+001
+2.402940e+004	   -2.016823e+001
+2.405646e+004	   -2.018791e+001
+2.408355e+004	   -2.022850e+001
+2.411066e+004	   -2.025964e+001
+2.413781e+004	   -2.027423e+001
+2.416499e+004	   -2.029428e+001
+2.419221e+004	   -2.032409e+001
+2.421945e+004	   -2.035994e+001
+2.424672e+004	   -2.040213e+001
+2.427402e+004	   -2.040893e+001
+2.430136e+004	   -2.044410e+001
+2.432872e+004	   -2.046903e+001
+2.435612e+004	   -2.050294e+001
+2.438354e+004	   -2.053369e+001
+2.441100e+004	   -2.055343e+001
+2.443849e+004	   -2.058101e+001
+2.446600e+004	   -2.062947e+001
+2.449355e+004	   -2.065897e+001
+2.452113e+004	   -2.067883e+001
+2.454875e+004	   -2.071400e+001
+2.457639e+004	   -2.073634e+001
+2.460406e+004	   -2.078040e+001
+2.463177e+004	   -2.080345e+001
+2.465951e+004	   -2.082183e+001
+2.468727e+004	   -2.086110e+001
+2.471507e+004	   -2.090564e+001
+2.474290e+004	   -2.089920e+001
+2.477076e+004	   -2.095590e+001
+2.479866e+004	   -2.097716e+001
+2.482658e+004	   -2.100753e+001
+2.485454e+004	   -2.103294e+001
+2.488252e+004	   -2.107853e+001
+2.491054e+004	   -2.108976e+001
+2.493859e+004	   -2.113215e+001
+2.496667e+004	   -2.116743e+001
+2.499479e+004	   -2.118234e+001
+2.502293e+004	   -2.123174e+001
+2.505111e+004	   -2.123229e+001
+2.507932e+004	   -2.127583e+001
+2.510756e+004	   -2.130155e+001
+2.513583e+004	   -2.133237e+001
+2.516413e+004	   -2.138222e+001
+2.519247e+004	   -2.141173e+001
+2.522084e+004	   -2.143800e+001
+2.524924e+004	   -2.147584e+001
+2.527767e+004	   -2.150402e+001
+2.530613e+004	   -2.152823e+001
+2.533463e+004	   -2.156624e+001
+2.536316e+004	   -2.158135e+001
+2.539172e+004	   -2.162669e+001
+2.542031e+004	   -2.165463e+001
+2.544893e+004	   -2.168660e+001
+2.547759e+004	   -2.172302e+001
+2.550628e+004	   -2.174950e+001
+2.553500e+004	   -2.177414e+001
+2.556375e+004	   -2.181260e+001
+2.559254e+004	   -2.183599e+001
+2.562136e+004	   -2.188444e+001
+2.565021e+004	   -2.189325e+001
+2.567909e+004	   -2.193890e+001
+2.570801e+004	   -2.197209e+001
+2.573696e+004	   -2.199534e+001
+2.576594e+004	   -2.203362e+001
+2.579495e+004	   -2.206543e+001
+2.582400e+004	   -2.209891e+001
+2.585308e+004	   -2.212685e+001
+2.588219e+004	   -2.214543e+001
+2.591133e+004	   -2.219935e+001
+2.594051e+004	   -2.221816e+001
+2.596972e+004	   -2.226486e+001
+2.599896e+004	   -2.228582e+001
+2.602824e+004	   -2.230319e+001
+2.605755e+004	   -2.234499e+001
+2.608689e+004	   -2.238893e+001
+2.611626e+004	   -2.240876e+001
+2.614567e+004	   -2.246008e+001
+2.617511e+004	   -2.247075e+001
+2.620459e+004	   -2.251259e+001
+2.623409e+004	   -2.254279e+001
+2.626363e+004	   -2.258500e+001
+2.629321e+004	   -2.262673e+001
+2.632282e+004	   -2.264226e+001
+2.635246e+004	   -2.268003e+001
+2.638213e+004	   -2.270864e+001
+2.641184e+004	   -2.273558e+001
+2.644158e+004	   -2.278029e+001
+2.647135e+004	   -2.279287e+001
+2.650116e+004	   -2.285146e+001
+2.653100e+004	   -2.287062e+001
+2.656088e+004	   -2.289509e+001
+2.659079e+004	   -2.294596e+001
+2.662073e+004	   -2.295701e+001
+2.665071e+004	   -2.301722e+001
+2.668071e+004	   -2.303844e+001
+2.671076e+004	   -2.307882e+001
+2.674084e+004	   -2.311126e+001
+2.677095e+004	   -2.313811e+001
+2.680109e+004	   -2.316863e+001
+2.683127e+004	   -2.322748e+001
+2.686148e+004	   -2.323177e+001
+2.689173e+004	   -2.329047e+001
+2.692201e+004	   -2.331217e+001
+2.695233e+004	   -2.334436e+001
+2.698268e+004	   -2.337893e+001
+2.701306e+004	   -2.341714e+001
+2.704348e+004	   -2.347302e+001
+2.707393e+004	   -2.346867e+001
+2.710442e+004	   -2.351265e+001
+2.713494e+004	   -2.356525e+001
+2.716549e+004	   -2.357578e+001
+2.719608e+004	   -2.360886e+001
+2.722671e+004	   -2.366218e+001
+2.725737e+004	   -2.370199e+001
+2.728806e+004	   -2.375098e+001
+2.731879e+004	   -2.375562e+001
+2.734955e+004	   -2.380662e+001
+2.738034e+004	   -2.384038e+001
+2.741118e+004	   -2.387128e+001
+2.744204e+004	   -2.390898e+001
+2.747294e+004	   -2.392515e+001
+2.750388e+004	   -2.398446e+001
+2.753485e+004	   -2.403472e+001
+2.756585e+004	   -2.404342e+001
+2.759689e+004	   -2.408956e+001
+2.762797e+004	   -2.409980e+001
+2.765908e+004	   -2.415402e+001
+2.769022e+004	   -2.418438e+001
+2.772141e+004	   -2.421018e+001
+2.775262e+004	   -2.427868e+001
+2.778387e+004	   -2.428560e+001
+2.781516e+004	   -2.432939e+001
+2.784648e+004	   -2.438114e+001
+2.787783e+004	   -2.440464e+001
+2.790923e+004	   -2.444231e+001
+2.794065e+004	   -2.450447e+001
+2.797212e+004	   -2.453887e+001
+2.800361e+004	   -2.457547e+001
+2.803515e+004	   -2.458942e+001
+2.806671e+004	   -2.463604e+001
+2.809832e+004	   -2.466733e+001
+2.812996e+004	   -2.468626e+001
+2.816163e+004	   -2.475443e+001
+2.819335e+004	   -2.477987e+001
+2.822509e+004	   -2.480497e+001
+2.825688e+004	   -2.486942e+001
+2.828870e+004	   -2.487328e+001
+2.832055e+004	   -2.491865e+001
+2.835244e+004	   -2.496710e+001
+2.838437e+004	   -2.499551e+001
+2.841633e+004	   -2.504842e+001
+2.844832e+004	   -2.508441e+001
+2.848036e+004	   -2.512903e+001
+2.851243e+004	   -2.515929e+001
+2.854454e+004	   -2.516148e+001
+2.857668e+004	   -2.523743e+001
+2.860886e+004	   -2.526210e+001
+2.864107e+004	   -2.528559e+001
+2.867332e+004	   -2.535342e+001
+2.870561e+004	   -2.538166e+001
+2.873793e+004	   -2.540689e+001
+2.877029e+004	   -2.546452e+001
+2.880269e+004	   -2.549123e+001
+2.883512e+004	   -2.555370e+001
+2.886759e+004	   -2.555310e+001
+2.890010e+004	   -2.559272e+001
+2.893264e+004	   -2.564911e+001
+2.896522e+004	   -2.566575e+001
+2.899784e+004	   -2.573926e+001
+2.903049e+004	   -2.575097e+001
+2.906318e+004	   -2.580846e+001
+2.909590e+004	   -2.585731e+001
+2.912867e+004	   -2.587547e+001
+2.916147e+004	   -2.591953e+001
+2.919430e+004	   -2.597507e+001
+2.922718e+004	   -2.598537e+001
+2.926009e+004	   -2.606547e+001
+2.929304e+004	   -2.606511e+001
+2.932602e+004	   -2.610470e+001
+2.935904e+004	   -2.616726e+001
+2.939211e+004	   -2.618621e+001
+2.942520e+004	   -2.624431e+001
+2.945834e+004	   -2.628745e+001
+2.949151e+004	   -2.630986e+001
+2.952472e+004	   -2.637939e+001
+2.955796e+004	   -2.638751e+001
+2.959125e+004	   -2.644798e+001
+2.962457e+004	   -2.647361e+001
+2.965793e+004	   -2.650713e+001
+2.969132e+004	   -2.659485e+001
+2.972475e+004	   -2.658714e+001
+2.975823e+004	   -2.662234e+001
+2.979173e+004	   -2.668036e+001
+2.982528e+004	   -2.668869e+001
+2.985887e+004	   -2.678400e+001
+2.989249e+004	   -2.679108e+001
+2.992615e+004	   -2.684566e+001
+2.995985e+004	   -2.689303e+001
+2.999358e+004	   -2.691363e+001
+3.002736e+004	   -2.695195e+001
+3.006117e+004	   -2.700455e+001
+3.009502e+004	   -2.703647e+001
+3.012891e+004	   -2.710983e+001
+3.016283e+004	   -2.712220e+001
+3.019680e+004	   -2.717833e+001
+3.023080e+004	   -2.722446e+001
+3.026484e+004	   -2.722581e+001
+3.029892e+004	   -2.729663e+001
+3.033304e+004	   -2.734257e+001
+3.036720e+004	   -2.738113e+001
+3.040139e+004	   -2.743755e+001
+3.043562e+004	   -2.744360e+001
+3.046990e+004	   -2.748678e+001
+3.050421e+004	   -2.754906e+001
+3.053855e+004	   -2.755619e+001
+3.057294e+004	   -2.763573e+001
+3.060737e+004	   -2.766629e+001
+3.064183e+004	   -2.768442e+001
+3.067634e+004	   -2.776455e+001
+3.071088e+004	   -2.778258e+001
+3.074546e+004	   -2.784387e+001
+3.078008e+004	   -2.789118e+001
+3.081474e+004	   -2.790803e+001
+3.084944e+004	   -2.798341e+001
+3.088418e+004	   -2.801623e+001
+3.091896e+004	   -2.802858e+001
+3.095377e+004	   -2.811850e+001
+3.098863e+004	   -2.813451e+001
+3.102352e+004	   -2.815935e+001
+3.105846e+004	   -2.822433e+001
+3.109343e+004	   -2.822989e+001
+3.112844e+004	   -2.832795e+001
+3.116349e+004	   -2.833995e+001
+3.119859e+004	   -2.838859e+001
+3.123372e+004	   -2.845315e+001
+3.126889e+004	   -2.846451e+001
+3.130410e+004	   -2.852098e+001
+3.133935e+004	   -2.859353e+001
+3.137463e+004	   -2.859972e+001
+3.140996e+004	   -2.867865e+001
+3.144533e+004	   -2.868408e+001
+3.148074e+004	   -2.875170e+001
+3.151619e+004	   -2.881443e+001
+3.155168e+004	   -2.882355e+001
+3.158721e+004	   -2.890165e+001
+3.162278e+004	   -2.890937e+001
+3.165838e+004	   -2.898472e+001
+3.169403e+004	   -2.905334e+001
+3.172972e+004	   -2.903067e+001
+3.176545e+004	   -2.911843e+001
+3.180122e+004	   -2.914731e+001
+3.183703e+004	   -2.917167e+001
+3.187288e+004	   -2.922952e+001
+3.190877e+004	   -2.926060e+001
+3.194470e+004	   -2.935714e+001
+3.198067e+004	   -2.938264e+001
+3.201668e+004	   -2.941924e+001
+3.205274e+004	   -2.949677e+001
+3.208883e+004	   -2.948754e+001
+3.212496e+004	   -2.956321e+001
+3.216114e+004	   -2.963211e+001
+3.219735e+004	   -2.965124e+001
+3.223361e+004	   -2.974094e+001
+3.226990e+004	   -2.975751e+001
+3.230624e+004	   -2.976358e+001
+3.234262e+004	   -2.985432e+001
+3.237904e+004	   -2.989721e+001
+3.241550e+004	   -2.992417e+001
+3.245200e+004	   -3.001755e+001
+3.248854e+004	   -3.003736e+001
+3.252513e+004	   -3.005929e+001
+3.256175e+004	   -3.014535e+001
+3.259841e+004	   -3.015586e+001
+3.263512e+004	   -3.019157e+001
+3.267187e+004	   -3.029418e+001
+3.270866e+004	   -3.030285e+001
+3.274549e+004	   -3.034633e+001
+3.278236e+004	   -3.043751e+001
+3.281928e+004	   -3.041184e+001
+3.285623e+004	   -3.048862e+001
+3.289323e+004	   -3.058459e+001
+3.293027e+004	   -3.060613e+001
+3.296735e+004	   -3.063002e+001
+3.300448e+004	   -3.071246e+001
+3.304164e+004	   -3.072741e+001
+3.307884e+004	   -3.079339e+001
+3.311609e+004	   -3.087980e+001
+3.315338e+004	   -3.088131e+001
+3.319071e+004	   -3.094362e+001
+3.322809e+004	   -3.100572e+001
+3.326551e+004	   -3.103876e+001
+3.330296e+004	   -3.112631e+001
+3.334046e+004	   -3.115662e+001
+3.337801e+004	   -3.116726e+001
+3.341559e+004	   -3.124070e+001
+3.345322e+004	   -3.128206e+001
+3.349089e+004	   -3.132887e+001
+3.352860e+004	   -3.143021e+001
+3.356636e+004	   -3.143049e+001
+3.360415e+004	   -3.145141e+001
+3.364199e+004	   -3.156907e+001
+3.367988e+004	   -3.159203e+001
+3.371780e+004	   -3.162110e+001
+3.375577e+004	   -3.171846e+001
+3.379378e+004	   -3.172896e+001
+3.383183e+004	   -3.174610e+001
+3.386993e+004	   -3.187854e+001
+3.390807e+004	   -3.188201e+001
+3.394625e+004	   -3.194135e+001
+3.398447e+004	   -3.201929e+001
+3.402274e+004	   -3.203504e+001
+3.406105e+004	   -3.205893e+001
+3.409941e+004	   -3.216727e+001
+3.413780e+004	   -3.217334e+001
+3.417625e+004	   -3.222844e+001
+3.421473e+004	   -3.233475e+001
+3.425325e+004	   -3.232249e+001
+3.429183e+004	   -3.236889e+001
+3.433044e+004	   -3.246545e+001
+3.436910e+004	   -3.247969e+001
+3.440780e+004	   -3.253978e+001
+3.444654e+004	   -3.261972e+001
+3.448533e+004	   -3.262035e+001
+3.452416e+004	   -3.269207e+001
+3.456304e+004	   -3.277073e+001
+3.460196e+004	   -3.279028e+001
+3.464092e+004	   -3.286895e+001
+3.467993e+004	   -3.293879e+001
+3.471898e+004	   -3.293486e+001
+3.475807e+004	   -3.302390e+001
+3.479721e+004	   -3.310881e+001
+3.483640e+004	   -3.312234e+001
+3.487563e+004	   -3.320945e+001
+3.491489e+004	   -3.325300e+001
+3.495421e+004	   -3.325832e+001
+3.499357e+004	   -3.333847e+001
+3.503298e+004	   -3.343015e+001
+3.507243e+004	   -3.344530e+001
+3.511192e+004	   -3.350927e+001
+3.515145e+004	   -3.357210e+001
+3.519104e+004	   -3.357640e+001
+3.523066e+004	   -3.369698e+001
+3.527034e+004	   -3.375830e+001
+3.531005e+004	   -3.377166e+001
+3.534981e+004	   -3.382979e+001
+3.538962e+004	   -3.388293e+001
+3.542946e+004	   -3.391003e+001
+3.546936e+004	   -3.399321e+001
+3.550930e+004	   -3.407521e+001
+3.554929e+004	   -3.408863e+001
+3.558932e+004	   -3.418129e+001
+3.562939e+004	   -3.420092e+001
+3.566951e+004	   -3.423927e+001
+3.570968e+004	   -3.433970e+001
+3.574989e+004	   -3.438757e+001
+3.579014e+004	   -3.441803e+001
+3.583045e+004	   -3.449453e+001
+3.587079e+004	   -3.452967e+001
+3.591118e+004	   -3.460522e+001
+3.595162e+004	   -3.470365e+001
+3.599211e+004	   -3.470547e+001
+3.603263e+004	   -3.473388e+001
+3.607321e+004	   -3.483434e+001
+3.611383e+004	   -3.483820e+001
+3.615449e+004	   -3.490506e+001
+3.619520e+004	   -3.503609e+001
+3.623596e+004	   -3.503507e+001
+3.627677e+004	   -3.507259e+001
+3.631761e+004	   -3.516561e+001
+3.635851e+004	   -3.520496e+001
+3.639945e+004	   -3.525042e+001
+3.644044e+004	   -3.535576e+001
+3.648147e+004	   -3.537534e+001
+3.652255e+004	   -3.540639e+001
+3.656368e+004	   -3.550988e+001
+3.660485e+004	   -3.556140e+001
+3.664607e+004	   -3.560737e+001
+3.668733e+004	   -3.568790e+001
+3.672864e+004	   -3.572102e+001
+3.677000e+004	   -3.576045e+001
+3.681141e+004	   -3.588850e+001
+3.685286e+004	   -3.589915e+001
+3.689436e+004	   -3.595058e+001
+3.693590e+004	   -3.604282e+001
+3.697749e+004	   -3.604407e+001
+3.701913e+004	   -3.611966e+001
+3.706081e+004	   -3.623503e+001
+3.710255e+004	   -3.626053e+001
+3.714432e+004	   -3.626140e+001
+3.718615e+004	   -3.639100e+001
+3.722802e+004	   -3.640390e+001
+3.726995e+004	   -3.647062e+001
+3.731191e+004	   -3.657259e+001
+3.735393e+004	   -3.659026e+001
+3.739599e+004	   -3.661055e+001
+3.743810e+004	   -3.676447e+001
+3.748025e+004	   -3.674123e+001
+3.752246e+004	   -3.683174e+001
+3.756471e+004	   -3.694888e+001
+3.760701e+004	   -3.698133e+001
+3.764936e+004	   -3.697639e+001
+3.769175e+004	   -3.708268e+001
+3.773420e+004	   -3.713591e+001
+3.777669e+004	   -3.719385e+001
+3.781922e+004	   -3.729641e+001
+3.786181e+004	   -3.731276e+001
+3.790445e+004	   -3.735180e+001
+3.794713e+004	   -3.746252e+001
+3.798986e+004	   -3.749008e+001
+3.803263e+004	   -3.756292e+001
+3.807546e+004	   -3.762298e+001
+3.811834e+004	   -3.765077e+001
+3.816126e+004	   -3.773052e+001
+3.820423e+004	   -3.783349e+001
+3.824725e+004	   -3.786018e+001
+3.829032e+004	   -3.794158e+001
+3.833343e+004	   -3.800993e+001
+3.837660e+004	   -3.802090e+001
+3.841981e+004	   -3.809751e+001
+3.846307e+004	   -3.821883e+001
+3.850639e+004	   -3.821230e+001
+3.854975e+004	   -3.825524e+001
+3.859315e+004	   -3.838347e+001
+3.863661e+004	   -3.840001e+001
+3.868012e+004	   -3.848549e+001
+3.872367e+004	   -3.858796e+001
+3.876728e+004	   -3.860873e+001
+3.881093e+004	   -3.864297e+001
+3.885463e+004	   -3.873020e+001
+3.889839e+004	   -3.878014e+001
+3.894219e+004	   -3.882634e+001
+3.898604e+004	   -3.893506e+001
+3.902994e+004	   -3.896703e+001
+3.907389e+004	   -3.899433e+001
+3.911789e+004	   -3.911905e+001
+3.916193e+004	   -3.915198e+001
+3.920603e+004	   -3.919411e+001
+3.925018e+004	   -3.929951e+001
+3.929438e+004	   -3.931452e+001
+3.933863e+004	   -3.933580e+001
+3.938292e+004	   -3.946983e+001
+3.942727e+004	   -3.950061e+001
+3.947166e+004	   -3.957373e+001
+3.951611e+004	   -3.966284e+001
+3.956061e+004	   -3.969222e+001
+3.960516e+004	   -3.975050e+001
+3.964975e+004	   -3.989875e+001
+3.969440e+004	   -3.990685e+001
+3.973910e+004	   -3.996991e+001
+3.978384e+004	   -4.007019e+001
+3.982864e+004	   -4.009513e+001
+3.987349e+004	   -4.016808e+001
+3.991839e+004	   -4.029005e+001
+3.996334e+004	   -4.030048e+001
+4.000834e+004	   -4.032924e+001
+4.005339e+004	   -4.046022e+001
+4.009849e+004	   -4.048170e+001
+4.014364e+004	   -4.053987e+001
+4.018885e+004	   -4.065738e+001
+4.023411e+004	   -4.070342e+001
+4.027941e+004	   -4.073660e+001
+4.032477e+004	   -4.081268e+001
+4.037017e+004	   -4.089695e+001
+4.041563e+004	   -4.091706e+001
+4.046114e+004	   -4.099600e+001
+4.050670e+004	   -4.108503e+001
+4.055231e+004	   -4.111287e+001
+4.059798e+004	   -4.122647e+001
+4.064369e+004	   -4.130413e+001
+4.068946e+004	   -4.135485e+001
+4.073528e+004	   -4.141670e+001
+4.078115e+004	   -4.148643e+001
+4.082707e+004	   -4.155550e+001
+4.087304e+004	   -4.164129e+001
+4.091907e+004	   -4.168467e+001
+4.096514e+004	   -4.169944e+001
+4.101127e+004	   -4.184200e+001
+4.105745e+004	   -4.187921e+001
+4.110368e+004	   -4.195518e+001
+4.114997e+004	   -4.206536e+001
+4.119630e+004	   -4.210093e+001
+4.124269e+004	   -4.210804e+001
+4.128913e+004	   -4.223412e+001
+4.133563e+004	   -4.232262e+001
+4.138217e+004	   -4.235862e+001
+4.142877e+004	   -4.242438e+001
+4.147542e+004	   -4.250510e+001
+4.152213e+004	   -4.250858e+001
+4.156888e+004	   -4.263899e+001
+4.161569e+004	   -4.273841e+001
+4.166255e+004	   -4.276508e+001
+4.170946e+004	   -4.283041e+001
+4.175643e+004	   -4.294414e+001
+4.180345e+004	   -4.292849e+001
+4.185052e+004	   -4.304377e+001
+4.189765e+004	   -4.313763e+001
+4.194482e+004	   -4.318158e+001
+4.199206e+004	   -4.322861e+001
+4.203934e+004	   -4.334031e+001
+4.208668e+004	   -4.338204e+001
+4.213407e+004	   -4.347956e+001
+4.218152e+004	   -4.353571e+001
+4.222902e+004	   -4.357126e+001
+4.227657e+004	   -4.365393e+001
+4.232417e+004	   -4.374477e+001
+4.237183e+004	   -4.378160e+001
+4.241954e+004	   -4.387673e+001
+4.246731e+004	   -4.397500e+001
+4.251513e+004	   -4.398974e+001
+4.256300e+004	   -4.407062e+001
+4.261093e+004	   -4.419340e+001
+4.265891e+004	   -4.421608e+001
+4.270695e+004	   -4.425983e+001
+4.275504e+004	   -4.438407e+001
+4.280318e+004	   -4.439110e+001
+4.285138e+004	   -4.448589e+001
+4.289963e+004	   -4.460872e+001
+4.294794e+004	   -4.463066e+001
+4.299630e+004	   -4.466500e+001
+4.304471e+004	   -4.480119e+001
+4.309319e+004	   -4.486349e+001
+4.314171e+004	   -4.488985e+001
+4.319029e+004	   -4.503263e+001
+4.323893e+004	   -4.507227e+001
+4.328761e+004	   -4.509692e+001
+4.333636e+004	   -4.521531e+001
+4.338516e+004	   -4.530764e+001
+4.343401e+004	   -4.534137e+001
+4.348292e+004	   -4.544670e+001
+4.353188e+004	   -4.550075e+001
+4.358090e+004	   -4.556664e+001
+4.362997e+004	   -4.563015e+001
+4.367910e+004	   -4.572459e+001
+4.372829e+004	   -4.579125e+001
+4.377753e+004	   -4.586836e+001
+4.382682e+004	   -4.590857e+001
+4.387617e+004	   -4.599357e+001
+4.392558e+004	   -4.609866e+001
+4.397504e+004	   -4.615106e+001
+4.402456e+004	   -4.620723e+001
+4.407413e+004	   -4.631203e+001
+4.412376e+004	   -4.635291e+001
+4.417345e+004	   -4.644184e+001
+4.422319e+004	   -4.654469e+001
+4.427298e+004	   -4.661328e+001
+4.432284e+004	   -4.662410e+001
+4.437275e+004	   -4.674459e+001
+4.442271e+004	   -4.683777e+001
+4.447273e+004	   -4.683316e+001
+4.452281e+004	   -4.693497e+001
+4.457295e+004	   -4.706155e+001
+4.462314e+004	   -4.705997e+001
+4.467339e+004	   -4.716460e+001
+4.472369e+004	   -4.728107e+001
+4.477405e+004	   -4.731564e+001
+4.482447e+004	   -4.735452e+001
+4.487494e+004	   -4.747834e+001
+4.492547e+004	   -4.752435e+001
+4.497606e+004	   -4.761013e+001
+4.502671e+004	   -4.769196e+001
+4.507741e+004	   -4.770152e+001
+4.512817e+004	   -4.780006e+001
+4.517898e+004	   -4.789825e+001
+4.522986e+004	   -4.796026e+001
+4.528079e+004	   -4.803387e+001
+4.533178e+004	   -4.814771e+001
+4.538282e+004	   -4.814013e+001
+4.543393e+004	   -4.824918e+001
+4.548509e+004	   -4.838076e+001
+4.553630e+004	   -4.840110e+001
+4.558758e+004	   -4.848029e+001
+4.563891e+004	   -4.858836e+001
+4.569030e+004	   -4.865194e+001
+4.574175e+004	   -4.869269e+001
+4.579326e+004	   -4.882152e+001
+4.584482e+004	   -4.887447e+001
+4.589645e+004	   -4.889542e+001
+4.594813e+004	   -4.902062e+001
+4.599987e+004	   -4.914269e+001
+4.605167e+004	   -4.915254e+001
+4.610352e+004	   -4.923650e+001
+4.615544e+004	   -4.933180e+001
+4.620741e+004	   -4.937486e+001
+4.625944e+004	   -4.947815e+001
+4.631153e+004	   -4.960591e+001
+4.636368e+004	   -4.966384e+001
+4.641589e+004	   -4.971768e+001
+4.646816e+004	   -4.984644e+001
+4.652048e+004	   -4.987408e+001
+4.657286e+004	   -4.996936e+001
+4.662530e+004	   -5.007642e+001
+4.667781e+004	   -5.012653e+001
+4.673037e+004	   -5.017388e+001
+4.678299e+004	   -5.026716e+001
+4.683567e+004	   -5.035011e+001
+4.688841e+004	   -5.044487e+001
+4.694121e+004	   -5.048738e+001
+4.699407e+004	   -5.052632e+001
+4.704698e+004	   -5.063690e+001
+4.709996e+004	   -5.074464e+001
+4.715300e+004	   -5.079130e+001
+4.720609e+004	   -5.090121e+001
+4.725925e+004	   -5.096920e+001
+4.731246e+004	   -5.100008e+001
+4.736574e+004	   -5.108411e+001
+4.741907e+004	   -5.123805e+001
+4.747247e+004	   -5.123989e+001
+4.752593e+004	   -5.129493e+001
+4.757944e+004	   -5.142982e+001
+4.763302e+004	   -5.152171e+001
+4.768666e+004	   -5.156243e+001
+4.774035e+004	   -5.167088e+001
+4.779411e+004	   -5.174434e+001
+4.784793e+004	   -5.178659e+001
+4.790181e+004	   -5.191348e+001
+4.795575e+004	   -5.200818e+001
+4.800975e+004	   -5.205413e+001
+4.806381e+004	   -5.211034e+001
+4.811793e+004	   -5.222684e+001
+4.817211e+004	   -5.229430e+001
+4.822636e+004	   -5.235850e+001
+4.828066e+004	   -5.244343e+001
+4.833503e+004	   -5.252178e+001
+4.838946e+004	   -5.257689e+001
+4.844395e+004	   -5.271069e+001
+4.849849e+004	   -5.277534e+001
+4.855311e+004	   -5.283987e+001
+4.860778e+004	   -5.292984e+001
+4.866251e+004	   -5.298023e+001
+4.871731e+004	   -5.307130e+001
+4.877216e+004	   -5.318101e+001
+4.882709e+004	   -5.324620e+001
+4.888207e+004	   -5.327919e+001
+4.893711e+004	   -5.339115e+001
+4.899221e+004	   -5.352228e+001
+4.904738e+004	   -5.357072e+001
+4.910261e+004	   -5.365156e+001
+4.915790e+004	   -5.376006e+001
+4.921326e+004	   -5.376800e+001
+4.926867e+004	   -5.386353e+001
+4.932415e+004	   -5.402279e+001
+4.937969e+004	   -5.406656e+001
+4.943530e+004	   -5.410984e+001
+4.949096e+004	   -5.420402e+001
+4.954669e+004	   -5.430779e+001
+4.960248e+004	   -5.434996e+001
+4.965834e+004	   -5.441626e+001
+4.971425e+004	   -5.453675e+001
+4.977023e+004	   -5.455718e+001
+4.982628e+004	   -5.469061e+001
+4.988239e+004	   -5.479937e+001
+4.993855e+004	   -5.482755e+001
+4.999479e+004	   -5.490279e+001
+5.005109e+004	   -5.500814e+001
+5.010745e+004	   -5.506216e+001
+5.016387e+004	   -5.518180e+001
+5.022035e+004	   -5.526786e+001
+5.027690e+004	   -5.531741e+001
+5.033352e+004	   -5.540988e+001
+5.039020e+004	   -5.555807e+001
+5.044694e+004	   -5.559756e+001
+5.050374e+004	   -5.564555e+001
+5.056061e+004	   -5.573187e+001
+5.061754e+004	   -5.581072e+001
+5.067454e+004	   -5.589250e+001
+5.073161e+004	   -5.600713e+001
+5.078873e+004	   -5.607539e+001
+5.084592e+004	   -5.613030e+001
+5.090318e+004	   -5.620131e+001
+5.096049e+004	   -5.636842e+001
+5.101788e+004	   -5.641199e+001
+5.107532e+004	   -5.646078e+001
+5.113284e+004	   -5.658566e+001
+5.119042e+004	   -5.667776e+001
+5.124806e+004	   -5.674292e+001
+5.130577e+004	   -5.679780e+001
+5.136354e+004	   -5.690667e+001
+5.142138e+004	   -5.697321e+001
+5.147928e+004	   -5.705401e+001
+5.153725e+004	   -5.718994e+001
+5.159528e+004	   -5.720165e+001
+5.165338e+004	   -5.729167e+001
+5.171154e+004	   -5.738456e+001
+5.176977e+004	   -5.744489e+001
+5.182807e+004	   -5.755543e+001
+5.188643e+004	   -5.763596e+001
+5.194485e+004	   -5.770956e+001
+5.200334e+004	   -5.778972e+001
+5.206190e+004	   -5.790285e+001
+5.212053e+004	   -5.797682e+001
+5.217922e+004	   -5.803342e+001
+5.223797e+004	   -5.814068e+001
+5.229679e+004	   -5.824613e+001
+5.235568e+004	   -5.830499e+001
+5.241464e+004	   -5.837129e+001
+5.247366e+004	   -5.850766e+001
+5.253275e+004	   -5.854282e+001
+5.259190e+004	   -5.862840e+001
+5.265112e+004	   -5.873277e+001
+5.271041e+004	   -5.882013e+001
+5.276976e+004	   -5.883921e+001
+5.282918e+004	   -5.897009e+001
+5.288867e+004	   -5.909216e+001
+5.294823e+004	   -5.911131e+001
+5.300785e+004	   -5.918993e+001
+5.306754e+004	   -5.932758e+001
+5.312729e+004	   -5.937679e+001
+5.318712e+004	   -5.946361e+001
+5.324701e+004	   -5.957075e+001
+5.330696e+004	   -5.961732e+001
+5.336699e+004	   -5.970803e+001
+5.342709e+004	   -5.979973e+001
+5.348725e+004	   -5.991223e+001
+5.354748e+004	   -5.998104e+001
+5.360777e+004	   -6.006536e+001
+5.366814e+004	   -6.013340e+001
+5.372857e+004	   -6.023653e+001
+5.378907e+004	   -6.031379e+001
+5.384964e+004	   -6.039900e+001
+5.391028e+004	   -6.046742e+001
+5.397098e+004	   -6.055266e+001
+5.403175e+004	   -6.067751e+001
+5.409260e+004	   -6.073077e+001
+5.415351e+004	   -6.079125e+001
+5.421448e+004	   -6.093853e+001
+5.427554e+004	   -6.100455e+001
+5.433665e+004	   -6.108142e+001
+5.439784e+004	   -6.114289e+001
+5.445909e+004	   -6.126645e+001
+5.452041e+004	   -6.129599e+001
+5.458180e+004	   -6.139394e+001
+5.464327e+004	   -6.150915e+001
+5.470480e+004	   -6.157752e+001
+5.476640e+004	   -6.163786e+001
+5.482807e+004	   -6.173051e+001
+5.488980e+004	   -6.186367e+001
+5.495161e+004	   -6.193061e+001
+5.501349e+004	   -6.196272e+001
+5.507544e+004	   -6.207631e+001
+5.513746e+004	   -6.216999e+001
+5.519954e+004	   -6.222215e+001
+5.526170e+004	   -6.233650e+001
+5.532393e+004	   -6.240387e+001
+5.538622e+004	   -6.247681e+001
+5.544859e+004	   -6.257858e+001
+5.551103e+004	   -6.265895e+001
+5.557354e+004	   -6.271576e+001
+5.563611e+004	   -6.280264e+001
+5.569876e+004	   -6.293356e+001
+5.576148e+004	   -6.298580e+001
+5.582427e+004	   -6.306810e+001
+5.588713e+004	   -6.317345e+001
+5.595006e+004	   -6.325250e+001
+5.601307e+004	   -6.333560e+001
+5.607614e+004	   -6.342484e+001
+5.613928e+004	   -6.352160e+001
+5.620250e+004	   -6.355508e+001
+5.626579e+004	   -6.368101e+001
+5.632914e+004	   -6.380141e+001
+5.639257e+004	   -6.382980e+001
+5.645607e+004	   -6.391245e+001
+5.651964e+004	   -6.402480e+001
+5.658329e+004	   -6.411191e+001
+5.664700e+004	   -6.416523e+001
+5.671079e+004	   -6.423700e+001
+5.677465e+004	   -6.434961e+001
+5.683858e+004	   -6.443554e+001
+5.690258e+004	   -6.449375e+001
+5.696666e+004	   -6.462347e+001
+5.703080e+004	   -6.469326e+001
+5.709502e+004	   -6.476572e+001
+5.715931e+004	   -6.484985e+001
+5.722368e+004	   -6.495388e+001
+5.728811e+004	   -6.502386e+001
+5.735262e+004	   -6.510935e+001
+5.741720e+004	   -6.520167e+001
+5.748186e+004	   -6.526909e+001
+5.754659e+004	   -6.536610e+001
+5.761138e+004	   -6.546706e+001
+5.767626e+004	   -6.552712e+001
+5.774120e+004	   -6.562198e+001
+5.780622e+004	   -6.571320e+001
+5.787131e+004	   -6.579753e+001
+5.793648e+004	   -6.584125e+001
+5.800172e+004	   -6.595332e+001
+5.806703e+004	   -6.605701e+001
+5.813242e+004	   -6.611283e+001
+5.819788e+004	   -6.617857e+001
+5.826341e+004	   -6.630603e+001
+5.832902e+004	   -6.637775e+001
+5.839470e+004	   -6.643935e+001
+5.846045e+004	   -6.656239e+001
+5.852628e+004	   -6.665065e+001
+5.859218e+004	   -6.670373e+001
+5.865816e+004	   -6.679607e+001
+5.872421e+004	   -6.690806e+001
+5.879034e+004	   -6.696775e+001
+5.885654e+004	   -6.703448e+001
+5.892281e+004	   -6.715268e+001
+5.898916e+004	   -6.724517e+001
+5.905559e+004	   -6.732382e+001
+5.912209e+004	   -6.736855e+001
+5.918866e+004	   -6.745669e+001
+5.925531e+004	   -6.755248e+001
+5.932204e+004	   -6.766911e+001
+5.938883e+004	   -6.774161e+001
+5.945571e+004	   -6.781976e+001
+5.952266e+004	   -6.789512e+001
+5.958968e+004	   -6.797890e+001
+5.965678e+004	   -6.807471e+001
+5.972396e+004	   -6.817606e+001
+5.979121e+004	   -6.822518e+001
+5.985854e+004	   -6.830414e+001
+5.992594e+004	   -6.840700e+001
+5.999342e+004	   -6.849664e+001
+6.006098e+004	   -6.857973e+001
+6.012861e+004	   -6.865499e+001
+6.019631e+004	   -6.875626e+001
+6.026410e+004	   -6.882648e+001
+6.033196e+004	   -6.891628e+001
+6.039989e+004	   -6.898303e+001
+6.046791e+004	   -6.907677e+001
+6.053600e+004	   -6.915660e+001
+6.060416e+004	   -6.925170e+001
+6.067240e+004	   -6.933717e+001
+6.074072e+004	   -6.942362e+001
+6.080912e+004	   -6.952262e+001
+6.087759e+004	   -6.955917e+001
+6.094614e+004	   -6.965142e+001
+6.101477e+004	   -6.975535e+001
+6.108348e+004	   -6.982621e+001
+6.115226e+004	   -6.988931e+001
+6.122112e+004	   -6.998285e+001
+6.129006e+004	   -7.007614e+001
+6.135907e+004	   -7.016763e+001
+6.142816e+004	   -7.024371e+001
+6.149734e+004	   -7.033170e+001
+6.156659e+004	   -7.039765e+001
+6.163591e+004	   -7.047988e+001
+6.170532e+004	   -7.058245e+001
+6.177480e+004	   -7.064345e+001
+6.184436e+004	   -7.075967e+001
+6.191400e+004	   -7.082204e+001
+6.198372e+004	   -7.089453e+001
+6.205351e+004	   -7.098343e+001
+6.212339e+004	   -7.106702e+001
+6.219334e+004	   -7.112804e+001
+6.226338e+004	   -7.122431e+001
+6.233348e+004	   -7.131844e+001
+6.240368e+004	   -7.139327e+001
+6.247395e+004	   -7.148314e+001
+6.254429e+004	   -7.154642e+001
+6.261472e+004	   -7.162939e+001
+6.268523e+004	   -7.174246e+001
+6.275581e+004	   -7.178385e+001
+6.282648e+004	   -7.188072e+001
+6.289722e+004	   -7.197843e+001
+6.296805e+004	   -7.203531e+001
+6.303895e+004	   -7.213792e+001
+6.310994e+004	   -7.219131e+001
+6.318100e+004	   -7.229448e+001
+6.325215e+004	   -7.237571e+001
+6.332337e+004	   -7.243935e+001
+6.339468e+004	   -7.251368e+001
+6.346606e+004	   -7.261606e+001
+6.353753e+004	   -7.268790e+001
+6.360907e+004	   -7.276763e+001
+6.368070e+004	   -7.283531e+001
+6.375241e+004	   -7.293919e+001
+6.382420e+004	   -7.301131e+001
+6.389606e+004	   -7.306631e+001
+6.396801e+004	   -7.319746e+001
+6.404004e+004	   -7.325796e+001
+6.411216e+004	   -7.334159e+001
+6.418435e+004	   -7.344356e+001
+6.425662e+004	   -7.350343e+001
+6.432898e+004	   -7.358572e+001
+6.440141e+004	   -7.367597e+001
+6.447393e+004	   -7.371147e+001
+6.454654e+004	   -7.382880e+001
+6.461921e+004	   -7.388997e+001
+6.469198e+004	   -7.399644e+001
+6.476482e+004	   -7.408418e+001
+6.483775e+004	   -7.416943e+001
+6.491076e+004	   -7.421394e+001
+6.498386e+004	   -7.430055e+001
+6.505703e+004	   -7.440524e+001
+6.513029e+004	   -7.447281e+001
+6.520363e+004	   -7.455105e+001
+6.527705e+004	   -7.463647e+001
+6.535055e+004	   -7.469325e+001
+6.542414e+004	   -7.480090e+001
+6.549781e+004	   -7.485426e+001
+6.557156e+004	   -7.493456e+001
+6.564540e+004	   -7.499929e+001
+6.571932e+004	   -7.511728e+001
+6.579332e+004	   -7.518085e+001
+6.586741e+004	   -7.528991e+001
+6.594158e+004	   -7.534753e+001
+6.601583e+004	   -7.542471e+001
+6.609016e+004	   -7.548118e+001
+6.616459e+004	   -7.558165e+001
+6.623909e+004	   -7.565347e+001
+6.631368e+004	   -7.576575e+001
+6.638835e+004	   -7.581772e+001
+6.646311e+004	   -7.586452e+001
+6.653795e+004	   -7.596172e+001
+6.661288e+004	   -7.604031e+001
+6.668788e+004	   -7.612890e+001
+6.676298e+004	   -7.621870e+001
+6.683816e+004	   -7.626970e+001
+6.691341e+004	   -7.633979e+001
+6.698877e+004	   -7.643796e+001
+6.706420e+004	   -7.651807e+001
+6.713971e+004	   -7.661071e+001
+6.721531e+004	   -7.666756e+001
+6.729100e+004	   -7.675921e+001
+6.736677e+004	   -7.682848e+001
+6.744263e+004	   -7.690284e+001
+6.751858e+004	   -7.698302e+001
+6.759460e+004	   -7.707474e+001
+6.767072e+004	   -7.713290e+001
+6.774691e+004	   -7.721907e+001
+6.782320e+004	   -7.729054e+001
+6.789958e+004	   -7.738176e+001
+6.797603e+004	   -7.744753e+001
+6.805258e+004	   -7.753809e+001
+6.812920e+004	   -7.762061e+001
+6.820592e+004	   -7.766772e+001
+6.828273e+004	   -7.775485e+001
+6.835962e+004	   -7.783447e+001
+6.843659e+004	   -7.788197e+001
+6.851366e+004	   -7.795097e+001
+6.859080e+004	   -7.806309e+001
+6.866804e+004	   -7.811371e+001
+6.874536e+004	   -7.819095e+001
+6.882277e+004	   -7.828058e+001
+6.890027e+004	   -7.838496e+001
+6.897785e+004	   -7.840658e+001
+6.905552e+004	   -7.849874e+001
+6.913328e+004	   -7.860480e+001
+6.921113e+004	   -7.864162e+001
+6.928907e+004	   -7.869696e+001
+6.936709e+004	   -7.881453e+001
+6.944520e+004	   -7.891163e+001
+6.952340e+004	   -7.896085e+001
+6.960169e+004	   -7.902181e+001
+6.968005e+004	   -7.912424e+001
+6.975852e+004	   -7.915571e+001
+6.983707e+004	   -7.925032e+001
+6.991571e+004	   -7.936217e+001
+6.999444e+004	   -7.943497e+001
+7.007326e+004	   -7.949049e+001
+7.015216e+004	   -7.956060e+001
+7.023116e+004	   -7.965144e+001
+7.031024e+004	   -7.968558e+001
+7.038941e+004	   -7.976247e+001
+7.046867e+004	   -7.984791e+001
+7.054802e+004	   -7.992012e+001
+7.062746e+004	   -7.996204e+001
+7.070699e+004	   -8.007725e+001
+7.078661e+004	   -8.014465e+001
+7.086632e+004	   -8.018525e+001
+7.094612e+004	   -8.029437e+001
+7.102601e+004	   -8.034543e+001
+7.110598e+004	   -8.043156e+001
+7.118605e+004	   -8.051250e+001
+7.126621e+004	   -8.059330e+001
+7.134646e+004	   -8.067699e+001
+7.142680e+004	   -8.071077e+001
+7.150723e+004	   -8.080476e+001
+7.158775e+004	   -8.086887e+001
+7.166836e+004	   -8.096690e+001
+7.174906e+004	   -8.096699e+001
+7.182985e+004	   -8.111571e+001
+7.191073e+004	   -8.118121e+001
+7.199171e+004	   -8.118079e+001
+7.207278e+004	   -8.123287e+001
+7.215394e+004	   -8.135314e+001
+7.223518e+004	   -8.145300e+001
+7.231652e+004	   -8.145838e+001
+7.239795e+004	   -8.155205e+001
+7.247948e+004	   -8.168251e+001
+7.256109e+004	   -8.173346e+001
+7.264280e+004	   -8.174274e+001
+7.272460e+004	   -8.185732e+001
+7.280649e+004	   -8.195285e+001
+7.288847e+004	   -8.201231e+001
+7.297055e+004	   -8.204669e+001
+7.305272e+004	   -8.218530e+001
+7.313498e+004	   -8.221339e+001
+7.321733e+004	   -8.228726e+001
+7.329977e+004	   -8.236812e+001
+7.338231e+004	   -8.241106e+001
+7.346495e+004	   -8.250478e+001
+7.354767e+004	   -8.254358e+001
+7.363048e+004	   -8.262222e+001
+7.371340e+004	   -8.268027e+001
+7.379641e+004	   -8.272691e+001
+7.387950e+004	   -8.283158e+001
+7.396270e+004	   -8.292059e+001
+7.404598e+004	   -8.302969e+001
+7.412936e+004	   -8.308955e+001
+7.421283e+004	   -8.311496e+001
+7.429640e+004	   -8.321201e+001
+7.438005e+004	   -8.327385e+001
+7.446381e+004	   -8.336376e+001
+7.454766e+004	   -8.336462e+001
+7.463160e+004	   -8.348212e+001
+7.471564e+004	   -8.360013e+001
+7.479977e+004	   -8.365115e+001
+7.488400e+004	   -8.363601e+001
+7.496833e+004	   -8.374233e+001
+7.505274e+004	   -8.381708e+001
+7.513726e+004	   -8.389738e+001
+7.522186e+004	   -8.395006e+001
+7.530656e+004	   -8.404733e+001
+7.539137e+004	   -8.408262e+001
+7.547626e+004	   -8.413805e+001
+7.556125e+004	   -8.417758e+001
+7.564634e+004	   -8.430790e+001
+7.573152e+004	   -8.433208e+001
+7.581679e+004	   -8.437519e+001
+7.590216e+004	   -8.448801e+001
+7.598763e+004	   -8.456399e+001
+7.607320e+004	   -8.462476e+001
+7.615886e+004	   -8.466618e+001
+7.624462e+004	   -8.473576e+001
+7.633047e+004	   -8.486990e+001
+7.641642e+004	   -8.490972e+001
+7.650247e+004	   -8.494532e+001
+7.658862e+004	   -8.506742e+001
+7.667486e+004	   -8.515499e+001
+7.676120e+004	   -8.521760e+001
+7.684763e+004	   -8.520338e+001
+7.693416e+004	   -8.524863e+001
+7.702080e+004	   -8.538313e+001
+7.710752e+004	   -8.546127e+001
+7.719435e+004	   -8.544683e+001
+7.728127e+004	   -8.545618e+001
+7.736830e+004	   -8.563127e+001
+7.745542e+004	   -8.577570e+001
+7.754264e+004	   -8.572701e+001
+7.762995e+004	   -8.576450e+001
+7.771737e+004	   -8.591025e+001
+7.780488e+004	   -8.601539e+001
+7.789249e+004	   -8.603850e+001
+7.798020e+004	   -8.602025e+001
+7.806801e+004	   -8.619060e+001
+7.815592e+004	   -8.629827e+001
+7.824393e+004	   -8.627700e+001
+7.833203e+004	   -8.631992e+001
+7.842023e+004	   -8.639861e+001
+7.850854e+004	   -8.651894e+001
+7.859695e+004	   -8.656499e+001
+7.868545e+004	   -8.660905e+001
+7.877405e+004	   -8.668731e+001
+7.886276e+004	   -8.675718e+001
+7.895155e+004	   -8.684715e+001
+7.904046e+004	   -8.690839e+001
+7.912946e+004	   -8.694011e+001
+7.921857e+004	   -8.703337e+001
+7.930777e+004	   -8.717051e+001
+7.939707e+004	   -8.711655e+001
+7.948648e+004	   -8.718134e+001
+7.957598e+004	   -8.732700e+001
+7.966559e+004	   -8.737069e+001
+7.975530e+004	   -8.736935e+001
+7.984510e+004	   -8.742583e+001
+7.993502e+004	   -8.755668e+001
+8.002502e+004	   -8.767368e+001
+8.011513e+004	   -8.758797e+001
+8.020534e+004	   -8.763388e+001
+8.029566e+004	   -8.777381e+001
+8.038608e+004	   -8.788902e+001
+8.047659e+004	   -8.789594e+001
+8.056722e+004	   -8.786575e+001
+8.065794e+004	   -8.797760e+001
+8.074877e+004	   -8.815155e+001
+8.083969e+004	   -8.816019e+001
+8.093072e+004	   -8.813889e+001
+8.102185e+004	   -8.819933e+001
+8.111309e+004	   -8.832471e+001
+8.120442e+004	   -8.838007e+001
+8.129586e+004	   -8.839832e+001
+8.138740e+004	   -8.845477e+001
+8.147905e+004	   -8.856372e+001
+8.157080e+004	   -8.867537e+001
+8.166265e+004	   -8.871265e+001
+8.175460e+004	   -8.860339e+001
+8.184666e+004	   -8.875857e+001
+8.193883e+004	   -8.892446e+001
+8.203109e+004	   -8.894413e+001
+8.212346e+004	   -8.884039e+001
+8.221594e+004	   -8.898742e+001
+8.230852e+004	   -8.915109e+001
+8.240120e+004	   -8.921478e+001
+8.249398e+004	   -8.912629e+001
+8.258688e+004	   -8.919759e+001
+8.267988e+004	   -8.937897e+001
+8.277298e+004	   -8.943269e+001
+8.286618e+004	   -8.946221e+001
+8.295949e+004	   -8.937569e+001
+8.305291e+004	   -8.951307e+001
+8.314643e+004	   -8.963090e+001
+8.324005e+004	   -8.976326e+001
+8.333379e+004	   -8.974356e+001
+8.342763e+004	   -8.971729e+001
+8.352157e+004	   -8.985690e+001
+8.361562e+004	   -9.003359e+001
+8.370977e+004	   -9.002125e+001
+8.380403e+004	   -9.001750e+001
+8.389840e+004	   -9.010349e+001
+8.399287e+004	   -9.023615e+001
+8.408745e+004	   -9.024522e+001
+8.418213e+004	   -9.031075e+001
+8.427693e+004	   -9.037152e+001
+8.437183e+004	   -9.034384e+001
+8.446684e+004	   -9.053727e+001
+8.456195e+004	   -9.052499e+001
+8.465716e+004	   -9.047996e+001
+8.475249e+004	   -9.064925e+001
+8.484793e+004	   -9.076611e+001
+8.494347e+004	   -9.086361e+001
+8.503913e+004	   -9.071198e+001
+8.513488e+004	   -9.082950e+001
+8.523074e+004	   -9.097207e+001
+8.532672e+004	   -9.100531e+001
+8.542280e+004	   -9.111136e+001
+8.551899e+004	   -9.107291e+001
+8.561529e+004	   -9.104733e+001
+8.571170e+004	   -9.121865e+001
+8.580821e+004	   -9.137782e+001
+8.590484e+004	   -9.134319e+001
+8.600156e+004	   -9.126900e+001
+8.609841e+004	   -9.139635e+001
+8.619536e+004	   -9.162592e+001
+8.629241e+004	   -9.155326e+001
+8.638959e+004	   -9.156689e+001
+8.648687e+004	   -9.158598e+001
+8.658425e+004	   -9.175005e+001
+8.668175e+004	   -9.183008e+001
+8.677936e+004	   -9.182516e+001
+8.687707e+004	   -9.188992e+001
+8.697490e+004	   -9.182442e+001
+8.707284e+004	   -9.205279e+001
+8.717088e+004	   -9.214307e+001
+8.726905e+004	   -9.209998e+001
+8.736731e+004	   -9.213674e+001
+8.746569e+004	   -9.225547e+001
+8.756418e+004	   -9.236467e+001
+8.766278e+004	   -9.237123e+001
+8.776149e+004	   -9.236414e+001
+8.786032e+004	   -9.248142e+001
+8.795925e+004	   -9.258691e+001
+8.805830e+004	   -9.266920e+001
+8.815745e+004	   -9.259573e+001
+8.825673e+004	   -9.263889e+001
+8.835610e+004	   -9.281060e+001
+8.845559e+004	   -9.295954e+001
+8.855520e+004	   -9.298282e+001
+8.865492e+004	   -9.280589e+001
+8.875475e+004	   -9.295705e+001
+8.885469e+004	   -9.319159e+001
+8.895474e+004	   -9.319600e+001
+8.905491e+004	   -9.315293e+001
+8.915519e+004	   -9.310294e+001
+8.925558e+004	   -9.330086e+001
+8.935609e+004	   -9.335201e+001
+8.945670e+004	   -9.349125e+001
+8.955744e+004	   -9.339140e+001
+8.965828e+004	   -9.329500e+001
+8.975924e+004	   -9.354885e+001
+8.986031e+004	   -9.380916e+001
+8.996150e+004	   -9.370038e+001
+9.006280e+004	   -9.367065e+001
+9.016422e+004	   -9.377665e+001
+9.026574e+004	   -9.393716e+001
+9.036739e+004	   -9.417102e+001
+9.046915e+004	   -9.408857e+001
+9.057102e+004	   -9.404752e+001
+9.067301e+004	   -9.397253e+001
+9.077511e+004	   -9.424749e+001
+9.087732e+004	   -9.425484e+001
+9.097966e+004	   -9.417232e+001
+9.108210e+004	   -9.427274e+001
+9.118466e+004	   -9.442581e+001
+9.128734e+004	   -9.455196e+001
+9.139013e+004	   -9.436617e+001
+9.149305e+004	   -9.447290e+001
+9.159607e+004	   -9.467182e+001
+9.169921e+004	   -9.467577e+001
+9.180247e+004	   -9.476660e+001
+9.190584e+004	   -9.467078e+001
+9.200933e+004	   -9.481059e+001
+9.211294e+004	   -9.488428e+001
+9.221666e+004	   -9.513981e+001
+9.232050e+004	   -9.510172e+001
+9.242445e+004	   -9.488710e+001
+9.252853e+004	   -9.509164e+001
+9.263272e+004	   -9.542511e+001
+9.273703e+004	   -9.532765e+001
+9.284145e+004	   -9.527107e+001
+9.294600e+004	   -9.533524e+001
+9.305066e+004	   -9.554017e+001
+9.315544e+004	   -9.566390e+001
+9.326034e+004	   -9.574675e+001
+9.336535e+004	   -9.564120e+001
+9.347048e+004	   -9.555500e+001
+9.357573e+004	   -9.577145e+001
+9.368110e+004	   -9.604109e+001
+9.378659e+004	   -9.593892e+001
+9.389220e+004	   -9.596571e+001
+9.399793e+004	   -9.604767e+001
+9.410377e+004	   -9.605412e+001
+9.420973e+004	   -9.632002e+001
+9.431582e+004	   -9.639480e+001
+9.442202e+004	   -9.623335e+001
+9.452835e+004	   -9.631369e+001
+9.463479e+004	   -9.648591e+001
+9.474135e+004	   -9.653694e+001
+9.484804e+004	   -9.659262e+001
+9.495484e+004	   -9.654073e+001
+9.506177e+004	   -9.660378e+001
+9.516880e+004	   -9.680009e+001
+9.527597e+004	   -9.703555e+001
+9.538326e+004	   -9.694379e+001
+9.549066e+004	   -9.693774e+001
+9.559819e+004	   -9.690782e+001
+9.570584e+004	   -9.708850e+001
+9.581360e+004	   -9.732636e+001
+9.592149e+004	   -9.742993e+001
+9.602951e+004	   -9.740592e+001
+9.613764e+004	   -9.728112e+001
+9.624589e+004	   -9.732404e+001
+9.635427e+004	   -9.759167e+001
+9.646277e+004	   -9.771959e+001
+9.657139e+004	   -9.781051e+001
+9.668013e+004	   -9.775730e+001
+9.678900e+004	   -9.759486e+001
+9.689798e+004	   -9.780307e+001
+9.700710e+004	   -9.808870e+001
+9.711634e+004	   -9.816593e+001
+9.722569e+004	   -9.821507e+001
+9.733517e+004	   -9.817976e+001
+9.744477e+004	   -9.813065e+001
+9.755450e+004	   -9.834795e+001
+9.766435e+004	   -9.856887e+001
+9.777433e+004	   -9.851703e+001
+9.788442e+004	   -9.859112e+001
+9.799465e+004	   -9.857348e+001
+9.810499e+004	   -9.859832e+001
+9.821546e+004	   -9.894801e+001
+9.832605e+004	   -9.900063e+001
+9.843677e+004	   -9.871725e+001
+9.854762e+004	   -9.886058e+001
+9.865859e+004	   -9.910098e+001
+9.876968e+004	   -9.909447e+001
+9.888090e+004	   -9.919479e+001
+9.899224e+004	   -9.913356e+001
+9.910371e+004	   -9.926646e+001
+9.921531e+004	   -9.950451e+001
+9.932703e+004	   -9.968961e+001
+9.943888e+004	   -9.952910e+001
+9.955085e+004	   -9.936546e+001
+9.966295e+004	   -9.964496e+001
+9.977517e+004	   -9.998365e+001
+9.988752e+004	   -9.991051e+001
+1.000000e+005	   -9.976064e+001
