+1.000000e+003	   -3.618967e+001
+1.002253e+003	   -3.531314e+001
+1.004512e+003	   -3.590327e+001
+1.006775e+003	   -3.599500e+001
+1.009044e+003	   -3.576139e+001
+1.011318e+003	   -3.544451e+001
+1.013596e+003	   -3.552692e+001
+1.015880e+003	   -3.563817e+001
+1.018170e+003	   -3.584805e+001
+1.020464e+003	   -3.510410e+001
+1.022763e+003	   -3.522112e+001
+1.025068e+003	   -3.523746e+001
+1.027378e+003	   -3.535131e+001
+1.029693e+003	   -3.523818e+001
+1.032013e+003	   -3.522098e+001
+1.034339e+003	   -3.518026e+001
+1.036669e+003	   -3.507948e+001
+1.039005e+003	   -3.504850e+001
+1.041347e+003	   -3.490279e+001
+1.043693e+003	   -3.501094e+001
+1.046045e+003	   -3.487484e+001
+1.048402e+003	   -3.497648e+001
+1.050764e+003	   -3.480869e+001
+1.053132e+003	   -3.490881e+001
+1.055505e+003	   -3.490346e+001
+1.057884e+003	   -3.491490e+001
+1.060267e+003	   -3.489116e+001
+1.062657e+003	   -3.460751e+001
+1.065051e+003	   -3.490838e+001
+1.067451e+003	   -3.476780e+001
+1.069856e+003	   -3.471587e+001
+1.072267e+003	   -3.460103e+001
+1.074683e+003	   -3.437849e+001
+1.077105e+003	   -3.506002e+001
+1.079532e+003	   -3.390075e+001
+1.081965e+003	   -3.393753e+001
+1.084403e+003	   -3.457948e+001
+1.086846e+003	   -3.434421e+001
+1.089295e+003	   -3.466196e+001
+1.091750e+003	   -3.433731e+001
+1.094210e+003	   -3.436318e+001
+1.096676e+003	   -3.421769e+001
+1.099147e+003	   -3.431925e+001
+1.101624e+003	   -3.421662e+001
+1.104106e+003	   -3.416790e+001
+1.106594e+003	   -3.407128e+001
+1.109087e+003	   -3.418785e+001
+1.111587e+003	   -3.424689e+001
+1.114091e+003	   -3.413934e+001
+1.116602e+003	   -3.390672e+001
+1.119118e+003	   -3.428615e+001
+1.121640e+003	   -3.382793e+001
+1.124167e+003	   -3.386136e+001
+1.126700e+003	   -3.397261e+001
+1.129239e+003	   -3.381348e+001
+1.131784e+003	   -3.395940e+001
+1.134334e+003	   -3.372003e+001
+1.136890e+003	   -3.413103e+001
+1.139452e+003	   -3.416665e+001
+1.142020e+003	   -3.412282e+001
+1.144593e+003	   -3.396939e+001
+1.147172e+003	   -3.383524e+001
+1.149757e+003	   -3.398791e+001
+1.152348e+003	   -3.402076e+001
+1.154944e+003	   -3.410030e+001
+1.157547e+003	   -3.382834e+001
+1.160155e+003	   -3.390504e+001
+1.162770e+003	   -3.394439e+001
+1.165390e+003	   -3.386212e+001
+1.168016e+003	   -3.387727e+001
+1.170648e+003	   -3.401620e+001
+1.173286e+003	   -3.367093e+001
+1.175929e+003	   -3.400676e+001
+1.178579e+003	   -3.402852e+001
+1.181235e+003	   -3.410962e+001
+1.183897e+003	   -3.390741e+001
+1.186564e+003	   -3.388452e+001
+1.189238e+003	   -3.415776e+001
+1.191918e+003	   -3.402357e+001
+1.194604e+003	   -3.430216e+001
+1.197296e+003	   -3.414729e+001
+1.199994e+003	   -3.386420e+001
+1.202698e+003	   -3.404820e+001
+1.205408e+003	   -3.445340e+001
+1.208124e+003	   -3.457043e+001
+1.210846e+003	   -3.458134e+001
+1.213575e+003	   -3.487788e+001
+1.216309e+003	   -3.408536e+001
+1.219050e+003	   -3.445000e+001
+1.221797e+003	   -3.500021e+001
+1.224550e+003	   -3.425474e+001
+1.227309e+003	   -3.500621e+001
+1.230075e+003	   -3.453745e+001
+1.232847e+003	   -3.486746e+001
+1.235625e+003	   -3.477322e+001
+1.238409e+003	   -3.478881e+001
+1.241200e+003	   -3.520557e+001
+1.243996e+003	   -3.475425e+001
+1.246800e+003	   -3.383016e+001
+1.249609e+003	   -3.544440e+001
+1.252425e+003	   -3.397611e+001
+1.255247e+003	   -3.484890e+001
+1.258076e+003	   -3.444020e+001
+1.260911e+003	   -3.482660e+001
+1.263752e+003	   -3.532999e+001
+1.266599e+003	   -3.376052e+001
+1.269453e+003	   -3.414328e+001
+1.272314e+003	   -3.503360e+001
+1.275181e+003	   -3.519823e+001
+1.278054e+003	   -3.473814e+001
+1.280934e+003	   -3.359933e+001
+1.283821e+003	   -3.433670e+001
+1.286714e+003	   -3.401658e+001
+1.289613e+003	   -3.453741e+001
+1.292519e+003	   -3.399603e+001
+1.295432e+003	   -3.362970e+001
+1.298351e+003	   -3.368001e+001
+1.301276e+003	   -3.381168e+001
+1.304208e+003	   -3.349236e+001
+1.307147e+003	   -3.307006e+001
+1.310093e+003	   -3.438182e+001
+1.313045e+003	   -3.339852e+001
+1.316004e+003	   -3.318077e+001
+1.318969e+003	   -3.373664e+001
+1.321941e+003	   -3.318648e+001
+1.324920e+003	   -3.277525e+001
+1.327905e+003	   -3.324211e+001
+1.330898e+003	   -3.319852e+001
+1.333897e+003	   -3.302145e+001
+1.336902e+003	   -3.331747e+001
+1.339915e+003	   -3.308494e+001
+1.342934e+003	   -3.303808e+001
+1.345960e+003	   -3.313833e+001
+1.348993e+003	   -3.239820e+001
+1.352033e+003	   -3.319913e+001
+1.355080e+003	   -3.291144e+001
+1.358133e+003	   -3.317995e+001
+1.361193e+003	   -3.257779e+001
+1.364261e+003	   -3.316841e+001
+1.367335e+003	   -3.290496e+001
+1.370416e+003	   -3.302063e+001
+1.373504e+003	   -3.299995e+001
+1.376599e+003	   -3.295057e+001
+1.379701e+003	   -3.304962e+001
+1.382810e+003	   -3.313324e+001
+1.385926e+003	   -3.233563e+001
+1.389049e+003	   -3.298644e+001
+1.392179e+003	   -3.289915e+001
+1.395316e+003	   -3.326924e+001
+1.398460e+003	   -3.280395e+001
+1.401611e+003	   -3.316704e+001
+1.404770e+003	   -3.295314e+001
+1.407935e+003	   -3.314611e+001
+1.411108e+003	   -3.310277e+001
+1.414287e+003	   -3.292413e+001
+1.417474e+003	   -3.278506e+001
+1.420668e+003	   -3.297838e+001
+1.423870e+003	   -3.307065e+001
+1.427078e+003	   -3.286837e+001
+1.430294e+003	   -3.295345e+001
+1.433517e+003	   -3.286738e+001
+1.436747e+003	   -3.302077e+001
+1.439984e+003	   -3.266976e+001
+1.443229e+003	   -3.271424e+001
+1.446481e+003	   -3.273930e+001
+1.449741e+003	   -3.275891e+001
+1.453007e+003	   -3.258397e+001
+1.456282e+003	   -3.231604e+001
+1.459563e+003	   -3.267060e+001
+1.462852e+003	   -3.264162e+001
+1.466148e+003	   -3.260326e+001
+1.469452e+003	   -3.252306e+001
+1.472763e+003	   -3.243515e+001
+1.476082e+003	   -3.240905e+001
+1.479408e+003	   -3.205901e+001
+1.482742e+003	   -3.228026e+001
+1.486083e+003	   -3.219961e+001
+1.489432e+003	   -3.209815e+001
+1.492788e+003	   -3.222060e+001
+1.496151e+003	   -3.192712e+001
+1.499523e+003	   -3.183956e+001
+1.502902e+003	   -3.189230e+001
+1.506288e+003	   -3.166808e+001
+1.509682e+003	   -3.170887e+001
+1.513084e+003	   -3.136627e+001
+1.516494e+003	   -3.154907e+001
+1.519911e+003	   -3.109237e+001
+1.523336e+003	   -3.100682e+001
+1.526769e+003	   -3.094188e+001
+1.530209e+003	   -3.051870e+001
+1.533657e+003	   -3.043102e+001
+1.537113e+003	   -3.004193e+001
+1.540577e+003	   -2.982268e+001
+1.544048e+003	   -2.958826e+001
+1.547527e+003	   -2.901403e+001
+1.551014e+003	   -2.889249e+001
+1.554509e+003	   -2.798546e+001
+1.558012e+003	   -2.842762e+001
+1.561523e+003	   -2.833102e+001
+1.565042e+003	   -2.838279e+001
+1.568568e+003	   -2.920823e+001
+1.572103e+003	   -2.984147e+001
+1.575645e+003	   -3.021380e+001
+1.579196e+003	   -3.025541e+001
+1.582754e+003	   -3.043662e+001
+1.586321e+003	   -3.054584e+001
+1.589895e+003	   -3.042157e+001
+1.593478e+003	   -3.053615e+001
+1.597069e+003	   -3.067505e+001
+1.600667e+003	   -3.066223e+001
+1.604274e+003	   -3.044237e+001
+1.607889e+003	   -3.058590e+001
+1.611512e+003	   -3.060288e+001
+1.615144e+003	   -3.072633e+001
+1.618783e+003	   -3.023745e+001
+1.622431e+003	   -3.037357e+001
+1.626087e+003	   -3.045672e+001
+1.629751e+003	   -3.067372e+001
+1.633423e+003	   -3.060724e+001
+1.637104e+003	   -3.050760e+001
+1.640793e+003	   -3.050148e+001
+1.644490e+003	   -3.042411e+001
+1.648196e+003	   -3.044617e+001
+1.651910e+003	   -3.008987e+001
+1.655632e+003	   -3.060403e+001
+1.659363e+003	   -3.055914e+001
+1.663102e+003	   -3.035867e+001
+1.666849e+003	   -3.025451e+001
+1.670605e+003	   -3.028557e+001
+1.674370e+003	   -3.072108e+001
+1.678143e+003	   -3.040568e+001
+1.681924e+003	   -3.019858e+001
+1.685714e+003	   -3.027571e+001
+1.689513e+003	   -3.004543e+001
+1.693320e+003	   -3.011395e+001
+1.697135e+003	   -3.020260e+001
+1.700960e+003	   -2.993104e+001
+1.704793e+003	   -3.044875e+001
+1.708634e+003	   -3.019319e+001
+1.712484e+003	   -3.026488e+001
+1.716343e+003	   -2.983430e+001
+1.720211e+003	   -3.027143e+001
+1.724087e+003	   -3.011013e+001
+1.727972e+003	   -2.988327e+001
+1.731866e+003	   -2.980453e+001
+1.735768e+003	   -2.961069e+001
+1.739679e+003	   -2.971535e+001
+1.743599e+003	   -3.009401e+001
+1.747528e+003	   -2.989825e+001
+1.751466e+003	   -2.959700e+001
+1.755413e+003	   -2.986684e+001
+1.759368e+003	   -2.966060e+001
+1.763333e+003	   -2.976924e+001
+1.767306e+003	   -2.908788e+001
+1.771289e+003	   -2.978111e+001
+1.775280e+003	   -2.975728e+001
+1.779280e+003	   -2.969464e+001
+1.783290e+003	   -2.943093e+001
+1.787308e+003	   -2.950208e+001
+1.791335e+003	   -2.949404e+001
+1.795372e+003	   -2.960105e+001
+1.799418e+003	   -2.967226e+001
+1.803472e+003	   -2.968198e+001
+1.807536e+003	   -2.949646e+001
+1.811609e+003	   -2.924512e+001
+1.815691e+003	   -2.949907e+001
+1.819783e+003	   -2.931452e+001
+1.823883e+003	   -2.929881e+001
+1.827993e+003	   -2.948051e+001
+1.832112e+003	   -2.937823e+001
+1.836241e+003	   -2.918969e+001
+1.840378e+003	   -2.922268e+001
+1.844526e+003	   -2.921071e+001
+1.848682e+003	   -2.908782e+001
+1.852848e+003	   -2.926939e+001
+1.857023e+003	   -2.910317e+001
+1.861207e+003	   -2.909976e+001
+1.865401e+003	   -2.892263e+001
+1.869604e+003	   -2.907151e+001
+1.873817e+003	   -2.905392e+001
+1.878040e+003	   -2.883191e+001
+1.882272e+003	   -2.866720e+001
+1.886513e+003	   -2.918614e+001
+1.890764e+003	   -2.925476e+001
+1.895025e+003	   -2.876748e+001
+1.899295e+003	   -2.873716e+001
+1.903575e+003	   -2.881313e+001
+1.907864e+003	   -2.868819e+001
+1.912163e+003	   -2.891791e+001
+1.916472e+003	   -2.884763e+001
+1.920790e+003	   -2.878184e+001
+1.925119e+003	   -2.864577e+001
+1.929457e+003	   -2.868699e+001
+1.933804e+003	   -2.856185e+001
+1.938162e+003	   -2.855488e+001
+1.942529e+003	   -2.852059e+001
+1.946906e+003	   -2.847497e+001
+1.951293e+003	   -2.848107e+001
+1.955690e+003	   -2.844156e+001
+1.960097e+003	   -2.837110e+001
+1.964514e+003	   -2.859164e+001
+1.968941e+003	   -2.822442e+001
+1.973377e+003	   -2.835832e+001
+1.977824e+003	   -2.829935e+001
+1.982281e+003	   -2.834379e+001
+1.986748e+003	   -2.827486e+001
+1.991224e+003	   -2.835689e+001
+1.995711e+003	   -2.829552e+001
+2.000208e+003	   -2.816161e+001
+2.004716e+003	   -2.818320e+001
+2.009233e+003	   -2.811587e+001
+2.013760e+003	   -2.842805e+001
+2.018298e+003	   -2.834686e+001
+2.022846e+003	   -2.825447e+001
+2.027404e+003	   -2.829137e+001
+2.031973e+003	   -2.831546e+001
+2.036552e+003	   -2.838703e+001
+2.041141e+003	   -2.832135e+001
+2.045740e+003	   -2.832859e+001
+2.050350e+003	   -2.818275e+001
+2.054970e+003	   -2.824709e+001
+2.059601e+003	   -2.809005e+001
+2.064241e+003	   -2.849391e+001
+2.068893e+003	   -2.831007e+001
+2.073555e+003	   -2.831996e+001
+2.078227e+003	   -2.822170e+001
+2.082910e+003	   -2.836965e+001
+2.087604e+003	   -2.827352e+001
+2.092308e+003	   -2.813092e+001
+2.097023e+003	   -2.818163e+001
+2.101748e+003	   -2.825222e+001
+2.106484e+003	   -2.821499e+001
+2.111231e+003	   -2.808409e+001
+2.115988e+003	   -2.814666e+001
+2.120756e+003	   -2.808253e+001
+2.125535e+003	   -2.817875e+001
+2.130324e+003	   -2.805019e+001
+2.135125e+003	   -2.799716e+001
+2.139936e+003	   -2.801007e+001
+2.144758e+003	   -2.803125e+001
+2.149591e+003	   -2.792497e+001
+2.154435e+003	   -2.790124e+001
+2.159289e+003	   -2.767754e+001
+2.164155e+003	   -2.759165e+001
+2.169032e+003	   -2.777771e+001
+2.173919e+003	   -2.766284e+001
+2.178818e+003	   -2.761301e+001
+2.183728e+003	   -2.768423e+001
+2.188648e+003	   -2.775891e+001
+2.193580e+003	   -2.761580e+001
+2.198523e+003	   -2.751560e+001
+2.203477e+003	   -2.761813e+001
+2.208442e+003	   -2.740977e+001
+2.213418e+003	   -2.760275e+001
+2.218406e+003	   -2.748351e+001
+2.223405e+003	   -2.748241e+001
+2.228415e+003	   -2.749667e+001
+2.233437e+003	   -2.743295e+001
+2.238469e+003	   -2.737472e+001
+2.243513e+003	   -2.726506e+001
+2.248569e+003	   -2.757079e+001
+2.253635e+003	   -2.716180e+001
+2.258714e+003	   -2.730207e+001
+2.263803e+003	   -2.722665e+001
+2.268905e+003	   -2.714073e+001
+2.274017e+003	   -2.698859e+001
+2.279141e+003	   -2.669763e+001
+2.284277e+003	   -2.729467e+001
+2.289424e+003	   -2.704725e+001
+2.294583e+003	   -2.695940e+001
+2.299754e+003	   -2.733347e+001
+2.304936e+003	   -2.694364e+001
+2.310130e+003	   -2.689939e+001
+2.315335e+003	   -2.699030e+001
+2.320552e+003	   -2.688651e+001
+2.325781e+003	   -2.689821e+001
+2.331022e+003	   -2.689188e+001
+2.336275e+003	   -2.690521e+001
+2.341539e+003	   -2.674097e+001
+2.346816e+003	   -2.674831e+001
+2.352104e+003	   -2.689642e+001
+2.357404e+003	   -2.665560e+001
+2.362716e+003	   -2.665250e+001
+2.368040e+003	   -2.671952e+001
+2.373376e+003	   -2.647190e+001
+2.378724e+003	   -2.650948e+001
+2.384084e+003	   -2.651737e+001
+2.389457e+003	   -2.680414e+001
+2.394841e+003	   -2.643811e+001
+2.400237e+003	   -2.638562e+001
+2.405646e+003	   -2.653160e+001
+2.411066e+003	   -2.648663e+001
+2.416500e+003	   -2.628506e+001
+2.421945e+003	   -2.630070e+001
+2.427402e+003	   -2.636772e+001
+2.432872e+003	   -2.637266e+001
+2.438354e+003	   -2.634857e+001
+2.443849e+003	   -2.624136e+001
+2.449355e+003	   -2.619683e+001
+2.454875e+003	   -2.630612e+001
+2.460406e+003	   -2.607259e+001
+2.465950e+003	   -2.603082e+001
+2.471507e+003	   -2.603597e+001
+2.477076e+003	   -2.605241e+001
+2.482658e+003	   -2.610476e+001
+2.488252e+003	   -2.603326e+001
+2.493859e+003	   -2.599561e+001
+2.499479e+003	   -2.591307e+001
+2.505111e+003	   -2.583692e+001
+2.510756e+003	   -2.592474e+001
+2.516414e+003	   -2.586241e+001
+2.522084e+003	   -2.577084e+001
+2.527767e+003	   -2.596368e+001
+2.533463e+003	   -2.579594e+001
+2.539172e+003	   -2.590912e+001
+2.544893e+003	   -2.569681e+001
+2.550628e+003	   -2.565120e+001
+2.556375e+003	   -2.558331e+001
+2.562136e+003	   -2.560019e+001
+2.567909e+003	   -2.565030e+001
+2.573696e+003	   -2.576534e+001
+2.579495e+003	   -2.548337e+001
+2.585308e+003	   -2.554255e+001
+2.591133e+003	   -2.565204e+001
+2.596972e+003	   -2.538116e+001
+2.602824e+003	   -2.554749e+001
+2.608689e+003	   -2.533374e+001
+2.614567e+003	   -2.537548e+001
+2.620459e+003	   -2.533072e+001
+2.626364e+003	   -2.526258e+001
+2.632282e+003	   -2.522942e+001
+2.638213e+003	   -2.520257e+001
+2.644158e+003	   -2.523406e+001
+2.650116e+003	   -2.541838e+001
+2.656088e+003	   -2.488131e+001
+2.662073e+003	   -2.483683e+001
+2.668072e+003	   -2.491721e+001
+2.674083e+003	   -2.495344e+001
+2.680109e+003	   -2.515310e+001
+2.686148e+003	   -2.504130e+001
+2.692201e+003	   -2.478915e+001
+2.698268e+003	   -2.482237e+001
+2.704348e+003	   -2.469496e+001
+2.710442e+003	   -2.481508e+001
+2.716549e+003	   -2.461704e+001
+2.722671e+003	   -2.475901e+001
+2.728806e+003	   -2.469363e+001
+2.734955e+003	   -2.469926e+001
+2.741118e+003	   -2.484902e+001
+2.747294e+003	   -2.477310e+001
+2.753485e+003	   -2.436226e+001
+2.759689e+003	   -2.457370e+001
+2.765908e+003	   -2.466997e+001
+2.772141e+003	   -2.458717e+001
+2.778387e+003	   -2.445325e+001
+2.784648e+003	   -2.446226e+001
+2.790923e+003	   -2.445916e+001
+2.797212e+003	   -2.438916e+001
+2.803515e+003	   -2.425572e+001
+2.809832e+003	   -2.475978e+001
+2.816164e+003	   -2.442755e+001
+2.822509e+003	   -2.429675e+001
+2.828869e+003	   -2.430886e+001
+2.835244e+003	   -2.405392e+001
+2.841633e+003	   -2.428158e+001
+2.848036e+003	   -2.406204e+001
+2.854454e+003	   -2.411530e+001
+2.860885e+003	   -2.421967e+001
+2.867332e+003	   -2.395871e+001
+2.873793e+003	   -2.416548e+001
+2.880269e+003	   -2.405643e+001
+2.886759e+003	   -2.386364e+001
+2.893264e+003	   -2.383103e+001
+2.899784e+003	   -2.366364e+001
+2.906318e+003	   -2.399578e+001
+2.912867e+003	   -2.383644e+001
+2.919430e+003	   -2.339160e+001
+2.926009e+003	   -2.386448e+001
+2.932602e+003	   -2.382256e+001
+2.939210e+003	   -2.383951e+001
+2.945833e+003	   -2.357006e+001
+2.952472e+003	   -2.346077e+001
+2.959125e+003	   -2.323703e+001
+2.965792e+003	   -2.362868e+001
+2.972476e+003	   -2.344945e+001
+2.979174e+003	   -2.345724e+001
+2.985887e+003	   -2.332842e+001
+2.992615e+003	   -2.326478e+001
+2.999358e+003	   -2.338274e+001
+3.006117e+003	   -2.374542e+001
+3.012891e+003	   -2.342341e+001
+3.019680e+003	   -2.340374e+001
+3.026484e+003	   -2.354939e+001
+3.033304e+003	   -2.351756e+001
+3.040139e+003	   -2.335104e+001
+3.046990e+003	   -2.323582e+001
+3.053855e+003	   -2.375502e+001
+3.060737e+003	   -2.398264e+001
+3.067634e+003	   -2.352232e+001
+3.074546e+003	   -2.363831e+001
+3.081474e+003	   -2.385041e+001
+3.088418e+003	   -2.351989e+001
+3.095377e+003	   -2.381733e+001
+3.102352e+003	   -2.398498e+001
+3.109343e+003	   -2.383486e+001
+3.116349e+003	   -2.364776e+001
+3.123372e+003	   -2.368920e+001
+3.130410e+003	   -2.338954e+001
+3.137464e+003	   -2.309787e+001
+3.144533e+003	   -2.306009e+001
+3.151619e+003	   -2.261639e+001
+3.158721e+003	   -2.226251e+001
+3.165839e+003	   -2.291013e+001
+3.172972e+003	   -2.203906e+001
+3.180122e+003	   -2.219235e+001
+3.187288e+003	   -2.206584e+001
+3.194470e+003	   -2.249265e+001
+3.201668e+003	   -2.220551e+001
+3.208883e+003	   -2.226437e+001
+3.216114e+003	   -2.229459e+001
+3.223361e+003	   -2.193181e+001
+3.230624e+003	   -2.200071e+001
+3.237904e+003	   -2.225935e+001
+3.245200e+003	   -2.226649e+001
+3.252512e+003	   -2.228017e+001
+3.259842e+003	   -2.211568e+001
+3.267187e+003	   -2.191245e+001
+3.274549e+003	   -2.145203e+001
+3.281928e+003	   -2.132226e+001
+3.289323e+003	   -2.180011e+001
+3.296735e+003	   -2.196943e+001
+3.304164e+003	   -2.298370e+001
+3.311609e+003	   -2.159202e+001
+3.319072e+003	   -2.280705e+001
+3.326551e+003	   -2.210310e+001
+3.334046e+003	   -2.202281e+001
+3.341559e+003	   -2.150500e+001
+3.349089e+003	   -2.211128e+001
+3.356636e+003	   -2.161722e+001
+3.364199e+003	   -2.260050e+001
+3.371780e+003	   -2.275042e+001
+3.379378e+003	   -2.223468e+001
+3.386993e+003	   -2.187987e+001
+3.394625e+003	   -2.176339e+001
+3.402274e+003	   -2.225361e+001
+3.409941e+003	   -2.152361e+001
+3.417625e+003	   -2.281561e+001
+3.425326e+003	   -2.265310e+001
+3.433044e+003	   -2.188694e+001
+3.440780e+003	   -2.268016e+001
+3.448533e+003	   -2.211654e+001
+3.456304e+003	   -2.258322e+001
+3.464092e+003	   -2.314876e+001
+3.471898e+003	   -2.218742e+001
+3.479721e+003	   -2.384560e+001
+3.487563e+003	   -2.104897e+001
+3.495421e+003	   -2.190934e+001
+3.503298e+003	   -2.258465e+001
+3.511192e+003	   -2.182315e+001
+3.519104e+003	   -2.259843e+001
+3.527033e+003	   -2.193788e+001
+3.534981e+003	   -2.081788e+001
+3.542947e+003	   -2.213010e+001
+3.550930e+003	   -2.215175e+001
+3.558932e+003	   -2.217704e+001
+3.566951e+003	   -2.166596e+001
+3.574989e+003	   -2.085323e+001
+3.583044e+003	   -2.144150e+001
+3.591118e+003	   -2.231754e+001
+3.599210e+003	   -2.160528e+001
+3.607321e+003	   -2.161912e+001
+3.615449e+003	   -2.158442e+001
+3.623596e+003	   -2.133328e+001
+3.631761e+003	   -2.172103e+001
+3.639945e+003	   -2.131265e+001
+3.648147e+003	   -2.132695e+001
+3.656368e+003	   -2.136280e+001
+3.664607e+003	   -2.146847e+001
+3.672864e+003	   -2.111699e+001
+3.681141e+003	   -2.130796e+001
+3.689436e+003	   -2.124789e+001
+3.697749e+003	   -2.146594e+001
+3.706081e+003	   -2.113220e+001
+3.714433e+003	   -2.103035e+001
+3.722802e+003	   -2.118362e+001
+3.731191e+003	   -2.133464e+001
+3.739599e+003	   -2.133149e+001
+3.748026e+003	   -2.113448e+001
+3.756471e+003	   -2.129784e+001
+3.764936e+003	   -2.111611e+001
+3.773419e+003	   -2.115410e+001
+3.781922e+003	   -2.122463e+001
+3.790444e+003	   -2.125044e+001
+3.798986e+003	   -2.123804e+001
+3.807546e+003	   -2.120675e+001
+3.816126e+003	   -2.082566e+001
+3.824725e+003	   -2.119559e+001
+3.833343e+003	   -2.167536e+001
+3.841981e+003	   -2.119487e+001
+3.850638e+003	   -2.104957e+001
+3.859315e+003	   -2.126646e+001
+3.868012e+003	   -2.125985e+001
+3.876728e+003	   -2.127050e+001
+3.885463e+003	   -2.118617e+001
+3.894219e+003	   -2.102004e+001
+3.902994e+003	   -2.154362e+001
+3.911789e+003	   -2.103944e+001
+3.920603e+003	   -2.072180e+001
+3.929438e+003	   -2.090962e+001
+3.938292e+003	   -2.093412e+001
+3.947167e+003	   -2.092027e+001
+3.956061e+003	   -2.075022e+001
+3.964975e+003	   -2.061079e+001
+3.973910e+003	   -2.070620e+001
+3.982864e+003	   -2.103137e+001
+3.991839e+003	   -2.095426e+001
+4.000834e+003	   -2.101759e+001
+4.009849e+003	   -2.116488e+001
+4.018885e+003	   -2.087804e+001
+4.027941e+003	   -2.078086e+001
+4.037017e+003	   -2.101028e+001
+4.046114e+003	   -2.068718e+001
+4.055231e+003	   -2.105075e+001
+4.064369e+003	   -2.097450e+001
+4.073528e+003	   -2.052367e+001
+4.082707e+003	   -2.069938e+001
+4.091906e+003	   -2.076230e+001
+4.101127e+003	   -2.054099e+001
+4.110368e+003	   -2.079811e+001
+4.119630e+003	   -2.070075e+001
+4.128914e+003	   -2.063636e+001
+4.138217e+003	   -2.069471e+001
+4.147542e+003	   -2.051363e+001
+4.156888e+003	   -2.040802e+001
+4.166255e+003	   -2.045641e+001
+4.175643e+003	   -2.048388e+001
+4.185052e+003	   -2.055906e+001
+4.194482e+003	   -2.057199e+001
+4.203934e+003	   -2.059962e+001
+4.213407e+003	   -2.050290e+001
+4.222901e+003	   -2.054042e+001
+4.232417e+003	   -2.048501e+001
+4.241954e+003	   -2.046099e+001
+4.251513e+003	   -2.048171e+001
+4.261093e+003	   -2.044456e+001
+4.270695e+003	   -2.048549e+001
+4.280318e+003	   -2.050846e+001
+4.289963e+003	   -2.050887e+001
+4.299630e+003	   -2.045851e+001
+4.309318e+003	   -2.044828e+001
+4.319029e+003	   -2.036695e+001
+4.328761e+003	   -2.036337e+001
+4.338516e+003	   -2.027742e+001
+4.348292e+003	   -2.033678e+001
+4.358090e+003	   -2.031775e+001
+4.367910e+003	   -2.012395e+001
+4.377752e+003	   -2.035895e+001
+4.387617e+003	   -2.041768e+001
+4.397504e+003	   -2.021710e+001
+4.407413e+003	   -2.018807e+001
+4.417345e+003	   -2.009500e+001
+4.427298e+003	   -2.018686e+001
+4.437275e+003	   -2.014328e+001
+4.447273e+003	   -2.022137e+001
+4.457295e+003	   -2.005204e+001
+4.467339e+003	   -2.007793e+001
+4.477405e+003	   -1.996799e+001
+4.487494e+003	   -2.002583e+001
+4.497606e+003	   -2.002340e+001
+4.507741e+003	   -1.991400e+001
+4.517898e+003	   -2.003302e+001
+4.528079e+003	   -1.990696e+001
+4.538282e+003	   -1.989626e+001
+4.548508e+003	   -1.988238e+001
+4.558758e+003	   -2.001196e+001
+4.569030e+003	   -1.982257e+001
+4.579326e+003	   -2.000599e+001
+4.589645e+003	   -1.989275e+001
+4.599987e+003	   -1.997980e+001
+4.610353e+003	   -2.003536e+001
+4.620741e+003	   -1.985047e+001
+4.631153e+003	   -1.995478e+001
+4.641589e+003	   -1.977419e+001
+4.652048e+003	   -1.987451e+001
+4.662531e+003	   -1.993559e+001
+4.673037e+003	   -1.986192e+001
+4.683567e+003	   -1.991619e+001
+4.694121e+003	   -1.992525e+001
+4.704698e+003	   -1.979812e+001
+4.715299e+003	   -1.982705e+001
+4.725925e+003	   -1.969586e+001
+4.736574e+003	   -1.973838e+001
+4.747247e+003	   -1.983715e+001
+4.757944e+003	   -1.970359e+001
+4.768666e+003	   -1.973477e+001
+4.779411e+003	   -1.976225e+001
+4.790181e+003	   -1.982165e+001
+4.800975e+003	   -1.976981e+001
+4.811793e+003	   -1.967118e+001
+4.822636e+003	   -1.967778e+001
+4.833503e+003	   -1.980136e+001
+4.844395e+003	   -1.970593e+001
+4.855311e+003	   -1.964153e+001
+4.866251e+003	   -1.975118e+001
+4.877217e+003	   -1.951457e+001
+4.888207e+003	   -1.960755e+001
+4.899222e+003	   -1.965422e+001
+4.910261e+003	   -1.951114e+001
+4.921326e+003	   -1.958702e+001
+4.932415e+003	   -1.966536e+001
+4.943530e+003	   -1.966476e+001
+4.954669e+003	   -1.958756e+001
+4.965834e+003	   -1.945135e+001
+4.977023e+003	   -1.940631e+001
+4.988239e+003	   -1.950396e+001
+4.999479e+003	   -1.944394e+001
+5.010744e+003	   -1.950269e+001
+5.022035e+003	   -1.941109e+001
+5.033352e+003	   -1.939145e+001
+5.044694e+003	   -1.935003e+001
+5.056061e+003	   -1.942863e+001
+5.067454e+003	   -1.932629e+001
+5.078873e+003	   -1.951920e+001
+5.090317e+003	   -1.917939e+001
+5.101788e+003	   -1.936217e+001
+5.113284e+003	   -1.927568e+001
+5.124806e+003	   -1.917975e+001
+5.136354e+003	   -1.916005e+001
+5.147928e+003	   -1.945812e+001
+5.159528e+003	   -1.912823e+001
+5.171154e+003	   -1.915598e+001
+5.182807e+003	   -1.911515e+001
+5.194485e+003	   -1.922725e+001
+5.206190e+003	   -1.904554e+001
+5.217922e+003	   -1.914914e+001
+5.229680e+003	   -1.907018e+001
+5.241464e+003	   -1.917451e+001
+5.253274e+003	   -1.896097e+001
+5.265112e+003	   -1.885912e+001
+5.276976e+003	   -1.886126e+001
+5.288867e+003	   -1.898587e+001
+5.300785e+003	   -1.902296e+001
+5.312729e+003	   -1.893763e+001
+5.324701e+003	   -1.891814e+001
+5.336699e+003	   -1.891334e+001
+5.348725e+003	   -1.890560e+001
+5.360777e+003	   -1.882505e+001
+5.372857e+003	   -1.890625e+001
+5.384964e+003	   -1.908241e+001
+5.397098e+003	   -1.895175e+001
+5.409260e+003	   -1.880590e+001
+5.421449e+003	   -1.881242e+001
+5.433665e+003	   -1.871750e+001
+5.445909e+003	   -1.874318e+001
+5.458181e+003	   -1.887991e+001
+5.470480e+003	   -1.865479e+001
+5.482807e+003	   -1.885027e+001
+5.495161e+003	   -1.868312e+001
+5.507544e+003	   -1.873732e+001
+5.519954e+003	   -1.866554e+001
+5.532393e+003	   -1.857981e+001
+5.544859e+003	   -1.860845e+001
+5.557354e+003	   -1.859754e+001
+5.569876e+003	   -1.843420e+001
+5.582427e+003	   -1.861109e+001
+5.595006e+003	   -1.838707e+001
+5.607614e+003	   -1.864483e+001
+5.620250e+003	   -1.835967e+001
+5.632914e+003	   -1.843920e+001
+5.645607e+003	   -1.830377e+001
+5.658329e+003	   -1.842728e+001
+5.671079e+003	   -1.828096e+001
+5.683858e+003	   -1.824726e+001
+5.696666e+003	   -1.825948e+001
+5.709502e+003	   -1.820734e+001
+5.722368e+003	   -1.823398e+001
+5.735262e+003	   -1.837982e+001
+5.748186e+003	   -1.823975e+001
+5.761138e+003	   -1.822043e+001
+5.774120e+003	   -1.814561e+001
+5.787131e+003	   -1.803070e+001
+5.800172e+003	   -1.806527e+001
+5.813242e+003	   -1.801643e+001
+5.826341e+003	   -1.812784e+001
+5.839470e+003	   -1.797747e+001
+5.852628e+003	   -1.816433e+001
+5.865816e+003	   -1.797462e+001
+5.879034e+003	   -1.813537e+001
+5.892281e+003	   -1.792086e+001
+5.905559e+003	   -1.803905e+001
+5.918866e+003	   -1.809965e+001
+5.932204e+003	   -1.814313e+001
+5.945571e+003	   -1.795798e+001
+5.958968e+003	   -1.786636e+001
+5.972396e+003	   -1.798361e+001
+5.985854e+003	   -1.789077e+001
+5.999342e+003	   -1.785764e+001
+6.012860e+003	   -1.788265e+001
+6.026410e+003	   -1.803628e+001
+6.039989e+003	   -1.777872e+001
+6.053600e+003	   -1.787160e+001
+6.067240e+003	   -1.792112e+001
+6.080912e+003	   -1.784036e+001
+6.094614e+003	   -1.787087e+001
+6.108348e+003	   -1.787453e+001
+6.122112e+003	   -1.796609e+001
+6.135907e+003	   -1.783536e+001
+6.149733e+003	   -1.794228e+001
+6.163591e+003	   -1.771349e+001
+6.177480e+003	   -1.772924e+001
+6.191400e+003	   -1.774494e+001
+6.205351e+003	   -1.776879e+001
+6.219334e+003	   -1.767065e+001
+6.233349e+003	   -1.769905e+001
+6.247395e+003	   -1.774279e+001
+6.261472e+003	   -1.769491e+001
+6.275581e+003	   -1.761697e+001
+6.289722e+003	   -1.767314e+001
+6.303896e+003	   -1.760393e+001
+6.318100e+003	   -1.762353e+001
+6.332337e+003	   -1.765637e+001
+6.346606e+003	   -1.762304e+001
+6.360907e+003	   -1.761635e+001
+6.375241e+003	   -1.762263e+001
+6.389606e+003	   -1.766451e+001
+6.404004e+003	   -1.769760e+001
+6.418435e+003	   -1.760311e+001
+6.432898e+003	   -1.762919e+001
+6.447393e+003	   -1.766319e+001
+6.461921e+003	   -1.760709e+001
+6.476482e+003	   -1.768298e+001
+6.491076e+003	   -1.768881e+001
+6.505703e+003	   -1.775894e+001
+6.520363e+003	   -1.768348e+001
+6.535055e+003	   -1.760050e+001
+6.549781e+003	   -1.765499e+001
+6.564540e+003	   -1.758643e+001
+6.579332e+003	   -1.761143e+001
+6.594158e+003	   -1.771854e+001
+6.609017e+003	   -1.764709e+001
+6.623909e+003	   -1.763496e+001
+6.638835e+003	   -1.767552e+001
+6.653795e+003	   -1.765463e+001
+6.668788e+003	   -1.765743e+001
+6.683815e+003	   -1.758335e+001
+6.698876e+003	   -1.765396e+001
+6.713971e+003	   -1.766450e+001
+6.729100e+003	   -1.754199e+001
+6.744263e+003	   -1.756627e+001
+6.759460e+003	   -1.766157e+001
+6.774692e+003	   -1.777797e+001
+6.789958e+003	   -1.783130e+001
+6.805258e+003	   -1.776114e+001
+6.820592e+003	   -1.764831e+001
+6.835961e+003	   -1.775768e+001
+6.851365e+003	   -1.782422e+001
+6.866804e+003	   -1.790520e+001
+6.882277e+003	   -1.790521e+001
+6.897785e+003	   -1.780146e+001
+6.913329e+003	   -1.777695e+001
+6.928907e+003	   -1.773936e+001
+6.944520e+003	   -1.769882e+001
+6.960168e+003	   -1.761583e+001
+6.975852e+003	   -1.769314e+001
+6.991571e+003	   -1.775761e+001
+7.007326e+003	   -1.770614e+001
+7.023116e+003	   -1.776063e+001
+7.038941e+003	   -1.779095e+001
+7.054802e+003	   -1.773170e+001
+7.070699e+003	   -1.781538e+001
+7.086632e+003	   -1.776277e+001
+7.102601e+003	   -1.780211e+001
+7.118605e+003	   -1.791400e+001
+7.134646e+003	   -1.799601e+001
+7.150723e+003	   -1.802024e+001
+7.166836e+003	   -1.794106e+001
+7.182985e+003	   -1.811241e+001
+7.199171e+003	   -1.804868e+001
+7.215394e+003	   -1.809984e+001
+7.231652e+003	   -1.815140e+001
+7.247948e+003	   -1.839729e+001
+7.264280e+003	   -1.839425e+001
+7.280649e+003	   -1.835081e+001
+7.297055e+003	   -1.848138e+001
+7.313498e+003	   -1.847659e+001
+7.329978e+003	   -1.856494e+001
+7.346495e+003	   -1.854845e+001
+7.363049e+003	   -1.852394e+001
+7.379640e+003	   -1.862374e+001
+7.396269e+003	   -1.866899e+001
+7.412936e+003	   -1.866357e+001
+7.429640e+003	   -1.874919e+001
+7.446381e+003	   -1.876909e+001
+7.463161e+003	   -1.910755e+001
+7.479978e+003	   -1.897766e+001
+7.496833e+003	   -1.892453e+001
+7.513726e+003	   -1.899642e+001
+7.530657e+003	   -1.920641e+001
+7.547626e+003	   -1.946707e+001
+7.564633e+003	   -1.939065e+001
+7.581679e+003	   -1.940547e+001
+7.598763e+003	   -1.958147e+001
+7.615886e+003	   -1.967852e+001
+7.633047e+003	   -1.969199e+001
+7.650247e+003	   -1.975862e+001
+7.667486e+003	   -1.994908e+001
+7.684763e+003	   -2.005349e+001
+7.702080e+003	   -2.032961e+001
+7.719436e+003	   -2.014898e+001
+7.736830e+003	   -2.034323e+001
+7.754264e+003	   -2.031845e+001
+7.771737e+003	   -2.037923e+001
+7.789249e+003	   -2.054404e+001
+7.806801e+003	   -2.076646e+001
+7.824393e+003	   -2.064796e+001
+7.842024e+003	   -2.076439e+001
+7.859694e+003	   -2.090468e+001
+7.877405e+003	   -2.106075e+001
+7.895156e+003	   -2.111978e+001
+7.912946e+003	   -2.103030e+001
+7.930777e+003	   -2.125030e+001
+7.948648e+003	   -2.137660e+001
+7.966559e+003	   -2.141718e+001
+7.984510e+003	   -2.158790e+001
+8.002502e+003	   -2.173409e+001
+8.020535e+003	   -2.192982e+001
+8.038608e+003	   -2.199273e+001
+8.056722e+003	   -2.221782e+001
+8.074876e+003	   -2.212552e+001
+8.093072e+003	   -2.227981e+001
+8.111308e+003	   -2.222353e+001
+8.129586e+003	   -2.242743e+001
+8.147905e+003	   -2.246856e+001
+8.166265e+003	   -2.280260e+001
+8.184667e+003	   -2.270523e+001
+8.203109e+003	   -2.278371e+001
+8.221594e+003	   -2.287432e+001
+8.240120e+003	   -2.308228e+001
+8.258688e+003	   -2.334243e+001
+8.277298e+003	   -2.344799e+001
+8.295949e+003	   -2.357634e+001
+8.314643e+003	   -2.367582e+001
+8.333379e+003	   -2.395791e+001
+8.352156e+003	   -2.401418e+001
+8.370977e+003	   -2.403169e+001
+8.389840e+003	   -2.444287e+001
+8.408745e+003	   -2.437053e+001
+8.427692e+003	   -2.446545e+001
+8.446684e+003	   -2.475263e+001
+8.465717e+003	   -2.483014e+001
+8.484793e+003	   -2.508372e+001
+8.503912e+003	   -2.509346e+001
+8.523074e+003	   -2.526822e+001
+8.542280e+003	   -2.541514e+001
+8.561528e+003	   -2.565750e+001
+8.580821e+003	   -2.562322e+001
+8.600156e+003	   -2.573169e+001
+8.619536e+003	   -2.581164e+001
+8.638959e+003	   -2.594309e+001
+8.658425e+003	   -2.591519e+001
+8.677936e+003	   -2.593752e+001
+8.697490e+003	   -2.589715e+001
+8.717089e+003	   -2.574702e+001
+8.736731e+003	   -2.593351e+001
+8.756418e+003	   -2.584566e+001
+8.776149e+003	   -2.589046e+001
+8.795925e+003	   -2.593938e+001
+8.815745e+003	   -2.597511e+001
+8.835610e+003	   -2.612394e+001
+8.855521e+003	   -2.592997e+001
+8.875475e+003	   -2.609483e+001
+8.895475e+003	   -2.611005e+001
+8.915519e+003	   -2.603458e+001
+8.935608e+003	   -2.596321e+001
+8.955744e+003	   -2.616570e+001
+8.975924e+003	   -2.592481e+001
+8.996150e+003	   -2.598539e+001
+9.016422e+003	   -2.584945e+001
+9.036739e+003	   -2.592871e+001
+9.057102e+003	   -2.597242e+001
+9.077511e+003	   -2.578392e+001
+9.097966e+003	   -2.578789e+001
+9.118467e+003	   -2.569849e+001
+9.139014e+003	   -2.573669e+001
+9.159606e+003	   -2.562830e+001
+9.180247e+003	   -2.564485e+001
+9.200933e+003	   -2.545844e+001
+9.221666e+003	   -2.552128e+001
+9.242445e+003	   -2.545334e+001
+9.263272e+003	   -2.568107e+001
+9.284146e+003	   -2.568302e+001
+9.305065e+003	   -2.543074e+001
+9.326033e+003	   -2.543983e+001
+9.347048e+003	   -2.554879e+001
+9.368110e+003	   -2.571825e+001
+9.389220e+003	   -2.568723e+001
+9.410377e+003	   -2.579773e+001
+9.431582e+003	   -2.588906e+001
+9.452835e+003	   -2.604025e+001
+9.474136e+003	   -2.606903e+001
+9.495484e+003	   -2.623471e+001
+9.516881e+003	   -2.633804e+001
+9.538325e+003	   -2.638755e+001
+9.559818e+003	   -2.654355e+001
+9.581360e+003	   -2.682611e+001
+9.602950e+003	   -2.693152e+001
+9.624590e+003	   -2.705711e+001
+9.646277e+003	   -2.720633e+001
+9.668014e+003	   -2.730067e+001
+9.689799e+003	   -2.748752e+001
+9.711634e+003	   -2.744221e+001
+9.733517e+003	   -2.765459e+001
+9.755450e+003	   -2.764719e+001
+9.777433e+003	   -2.786445e+001
+9.799465e+003	   -2.794762e+001
+9.821546e+003	   -2.803386e+001
+9.843678e+003	   -2.811684e+001
+9.865858e+003	   -2.835529e+001
+9.888090e+003	   -2.843221e+001
+9.910371e+003	   -2.858784e+001
+9.932703e+003	   -2.874402e+001
+9.955085e+003	   -2.882995e+001
+9.977518e+003	   -2.887791e+001
+1.000000e+004	   -2.913374e+001
+1.002253e+004	   -2.921732e+001
+1.004512e+004	   -2.938030e+001
+1.006775e+004	   -2.950457e+001
+1.009044e+004	   -2.972025e+001
+1.011318e+004	   -2.976788e+001
+1.013596e+004	   -3.001595e+001
+1.015880e+004	   -3.011695e+001
+1.018170e+004	   -3.031878e+001
+1.020464e+004	   -3.041252e+001
+1.022763e+004	   -3.046108e+001
+1.025068e+004	   -3.074166e+001
+1.027378e+004	   -3.078060e+001
+1.029693e+004	   -3.090879e+001
+1.032013e+004	   -3.102876e+001
+1.034339e+004	   -3.129449e+001
+1.036669e+004	   -3.140772e+001
+1.039005e+004	   -3.162326e+001
+1.041347e+004	   -3.177172e+001
+1.043693e+004	   -3.200407e+001
+1.046045e+004	   -3.216368e+001
+1.048402e+004	   -3.242868e+001
+1.050764e+004	   -3.266151e+001
+1.053132e+004	   -3.276871e+001
+1.055505e+004	   -3.312739e+001
+1.057884e+004	   -3.324483e+001
+1.060267e+004	   -3.354392e+001
+1.062657e+004	   -3.367478e+001
+1.065051e+004	   -3.386322e+001
+1.067451e+004	   -3.396729e+001
+1.069856e+004	   -3.407623e+001
+1.072267e+004	   -3.437394e+001
+1.074683e+004	   -3.456173e+001
+1.077105e+004	   -3.476267e+001
+1.079532e+004	   -3.512881e+001
+1.081965e+004	   -3.512739e+001
+1.084403e+004	   -3.534534e+001
+1.086846e+004	   -3.551797e+001
+1.089295e+004	   -3.577592e+001
+1.091750e+004	   -3.608808e+001
+1.094210e+004	   -3.636922e+001
+1.096676e+004	   -3.656240e+001
+1.099147e+004	   -3.684391e+001
+1.101624e+004	   -3.739751e+001
+1.104106e+004	   -3.757253e+001
+1.106594e+004	   -3.812695e+001
+1.109087e+004	   -3.840872e+001
+1.111587e+004	   -3.890777e+001
+1.114091e+004	   -3.952046e+001
+1.116602e+004	   -3.986293e+001
+1.119118e+004	   -4.046205e+001
+1.121640e+004	   -4.076393e+001
+1.124167e+004	   -4.092901e+001
+1.126700e+004	   -4.103923e+001
+1.129239e+004	   -4.095445e+001
+1.131784e+004	   -4.076059e+001
+1.134334e+004	   -4.041928e+001
+1.136890e+004	   -4.003442e+001
+1.139452e+004	   -3.979307e+001
+1.142019e+004	   -3.923062e+001
+1.144593e+004	   -3.866203e+001
+1.147172e+004	   -3.834237e+001
+1.149757e+004	   -3.754215e+001
+1.152348e+004	   -3.683112e+001
+1.154944e+004	   -3.628241e+001
+1.157547e+004	   -3.562896e+001
+1.160155e+004	   -3.504267e+001
+1.162770e+004	   -3.446920e+001
+1.165390e+004	   -3.369728e+001
+1.168016e+004	   -3.322831e+001
+1.170648e+004	   -3.255147e+001
+1.173286e+004	   -3.194703e+001
+1.175929e+004	   -3.133599e+001
+1.178579e+004	   -3.075230e+001
+1.181235e+004	   -3.013124e+001
+1.183897e+004	   -2.950814e+001
+1.186564e+004	   -2.886051e+001
+1.189238e+004	   -2.826744e+001
+1.191918e+004	   -2.768613e+001
+1.194604e+004	   -2.691427e+001
+1.197296e+004	   -2.623800e+001
+1.199993e+004	   -2.575906e+001
+1.202697e+004	   -2.507923e+001
+1.205408e+004	   -2.451828e+001
+1.208124e+004	   -2.393984e+001
+1.210846e+004	   -2.343353e+001
+1.213575e+004	   -2.290380e+001
+1.216309e+004	   -2.247003e+001
+1.219050e+004	   -2.191510e+001
+1.221797e+004	   -2.149625e+001
+1.224550e+004	   -2.108094e+001
+1.227309e+004	   -2.075990e+001
+1.230075e+004	   -2.059723e+001
+1.232847e+004	   -2.037351e+001
+1.235625e+004	   -2.061497e+001
+1.238409e+004	   -2.064005e+001
+1.241200e+004	   -2.103134e+001
+1.243996e+004	   -2.122025e+001
+1.246800e+004	   -2.171959e+001
+1.249609e+004	   -2.197841e+001
+1.252425e+004	   -2.248067e+001
+1.255247e+004	   -2.276180e+001
+1.258076e+004	   -2.320854e+001
+1.260911e+004	   -2.370609e+001
+1.263752e+004	   -2.416570e+001
+1.266599e+004	   -2.454397e+001
+1.269454e+004	   -2.489997e+001
+1.272314e+004	   -2.520093e+001
+1.275181e+004	   -2.540641e+001
+1.278054e+004	   -2.555279e+001
+1.280934e+004	   -2.553624e+001
+1.283821e+004	   -2.546330e+001
+1.286714e+004	   -2.550665e+001
+1.289613e+004	   -2.559790e+001
+1.292519e+004	   -2.584383e+001
+1.295432e+004	   -2.602336e+001
+1.298351e+004	   -2.627674e+001
+1.301276e+004	   -2.649601e+001
+1.304208e+004	   -2.666099e+001
+1.307147e+004	   -2.697485e+001
+1.310093e+004	   -2.713926e+001
+1.313045e+004	   -2.741740e+001
+1.316004e+004	   -2.752586e+001
+1.318969e+004	   -2.764569e+001
+1.321941e+004	   -2.794633e+001
+1.324920e+004	   -2.804216e+001
+1.327905e+004	   -2.825843e+001
+1.330898e+004	   -2.846015e+001
+1.333897e+004	   -2.847856e+001
+1.336902e+004	   -2.858657e+001
+1.339915e+004	   -2.872528e+001
+1.342934e+004	   -2.878735e+001
+1.345960e+004	   -2.886684e+001
+1.348993e+004	   -2.900348e+001
+1.352033e+004	   -2.906735e+001
+1.355080e+004	   -2.926068e+001
+1.358133e+004	   -2.946948e+001
+1.361193e+004	   -2.966934e+001
+1.364261e+004	   -2.987083e+001
+1.367335e+004	   -2.993992e+001
+1.370416e+004	   -3.017143e+001
+1.373504e+004	   -3.041047e+001
+1.376599e+004	   -3.052411e+001
+1.379701e+004	   -3.053973e+001
+1.382810e+004	   -3.063636e+001
+1.385926e+004	   -3.082048e+001
+1.389049e+004	   -3.085623e+001
+1.392179e+004	   -3.077258e+001
+1.395316e+004	   -3.081001e+001
+1.398460e+004	   -3.080894e+001
+1.401611e+004	   -3.106563e+001
+1.404770e+004	   -3.113059e+001
+1.407935e+004	   -3.116126e+001
+1.411108e+004	   -3.129195e+001
+1.414287e+004	   -3.139317e+001
+1.417474e+004	   -3.150171e+001
+1.420668e+004	   -3.164156e+001
+1.423870e+004	   -3.177262e+001
+1.427078e+004	   -3.197032e+001
+1.430294e+004	   -3.207501e+001
+1.433517e+004	   -3.224171e+001
+1.436747e+004	   -3.237864e+001
+1.439984e+004	   -3.255611e+001
+1.443229e+004	   -3.272841e+001
+1.446481e+004	   -3.285872e+001
+1.449741e+004	   -3.308921e+001
+1.453007e+004	   -3.306108e+001
+1.456282e+004	   -3.302821e+001
+1.459563e+004	   -3.298450e+001
+1.462852e+004	   -3.298867e+001
+1.466148e+004	   -3.294909e+001
+1.469452e+004	   -3.311627e+001
+1.472763e+004	   -3.328316e+001
+1.476082e+004	   -3.328402e+001
+1.479408e+004	   -3.335855e+001
+1.482742e+004	   -3.349837e+001
+1.486083e+004	   -3.358791e+001
+1.489431e+004	   -3.368623e+001
+1.492788e+004	   -3.378791e+001
+1.496151e+004	   -3.396228e+001
+1.499523e+004	   -3.395345e+001
+1.502902e+004	   -3.412785e+001
+1.506288e+004	   -3.412447e+001
+1.509683e+004	   -3.423543e+001
+1.513084e+004	   -3.433340e+001
+1.516494e+004	   -3.441442e+001
+1.519911e+004	   -3.453804e+001
+1.523336e+004	   -3.471775e+001
+1.526769e+004	   -3.477885e+001
+1.530209e+004	   -3.489500e+001
+1.533657e+004	   -3.496653e+001
+1.537113e+004	   -3.523116e+001
+1.540577e+004	   -3.515904e+001
+1.544048e+004	   -3.524308e+001
+1.547527e+004	   -3.526094e+001
+1.551014e+004	   -3.544796e+001
+1.554509e+004	   -3.564429e+001
+1.558012e+004	   -3.575969e+001
+1.561523e+004	   -3.580575e+001
+1.565042e+004	   -3.596605e+001
+1.568568e+004	   -3.612275e+001
+1.572103e+004	   -3.622255e+001
+1.575645e+004	   -3.636583e+001
+1.579196e+004	   -3.653458e+001
+1.582754e+004	   -3.632044e+001
+1.586321e+004	   -3.624048e+001
+1.589895e+004	   -3.614787e+001
+1.593478e+004	   -3.593288e+001
+1.597069e+004	   -3.583321e+001
+1.600667e+004	   -3.573680e+001
+1.604274e+004	   -3.602335e+001
+1.607889e+004	   -3.593353e+001
+1.611512e+004	   -3.591705e+001
+1.615144e+004	   -3.601458e+001
+1.618783e+004	   -3.612808e+001
+1.622431e+004	   -3.610903e+001
+1.626087e+004	   -3.617868e+001
+1.629751e+004	   -3.625048e+001
+1.633423e+004	   -3.617907e+001
+1.637104e+004	   -3.624660e+001
+1.640793e+004	   -3.609515e+001
+1.644490e+004	   -3.599989e+001
+1.648196e+004	   -3.585216e+001
+1.651910e+004	   -3.601518e+001
+1.655632e+004	   -3.600139e+001
+1.659363e+004	   -3.605774e+001
+1.663102e+004	   -3.622056e+001
+1.666849e+004	   -3.635989e+001
+1.670605e+004	   -3.637958e+001
+1.674370e+004	   -3.658295e+001
+1.678143e+004	   -3.668535e+001
+1.681924e+004	   -3.691726e+001
+1.685714e+004	   -3.692956e+001
+1.689513e+004	   -3.720781e+001
+1.693320e+004	   -3.700817e+001
+1.697136e+004	   -3.707214e+001
+1.700960e+004	   -3.699984e+001
+1.704793e+004	   -3.711485e+001
+1.708634e+004	   -3.701823e+001
+1.712484e+004	   -3.726990e+001
+1.716343e+004	   -3.727865e+001
+1.720211e+004	   -3.745086e+001
+1.724087e+004	   -3.747976e+001
+1.727972e+004	   -3.768644e+001
+1.731866e+004	   -3.765774e+001
+1.735768e+004	   -3.776588e+001
+1.739679e+004	   -3.783785e+001
+1.743599e+004	   -3.770356e+001
+1.747528e+004	   -3.775677e+001
+1.751466e+004	   -3.795803e+001
+1.755413e+004	   -3.796151e+001
+1.759368e+004	   -3.811486e+001
+1.763333e+004	   -3.835186e+001
+1.767306e+004	   -3.840647e+001
+1.771289e+004	   -3.844891e+001
+1.775280e+004	   -3.821428e+001
+1.779280e+004	   -3.830971e+001
+1.783290e+004	   -3.842573e+001
+1.787308e+004	   -3.849489e+001
+1.791336e+004	   -3.863786e+001
+1.795372e+004	   -3.871827e+001
+1.799418e+004	   -3.873893e+001
+1.803472e+004	   -3.895811e+001
+1.807536e+004	   -3.898090e+001
+1.811609e+004	   -3.909473e+001
+1.815691e+004	   -3.905351e+001
+1.819783e+004	   -3.916693e+001
+1.823883e+004	   -3.928889e+001
+1.827993e+004	   -3.944342e+001
+1.832112e+004	   -3.950103e+001
+1.836241e+004	   -3.955059e+001
+1.840379e+004	   -3.958207e+001
+1.844525e+004	   -3.966495e+001
+1.848682e+004	   -3.969473e+001
+1.852847e+004	   -3.978165e+001
+1.857023e+004	   -3.977977e+001
+1.861207e+004	   -4.008309e+001
+1.865401e+004	   -3.989285e+001
+1.869604e+004	   -4.001066e+001
+1.873817e+004	   -4.013879e+001
+1.878040e+004	   -4.039669e+001
+1.882272e+004	   -4.040081e+001
+1.886513e+004	   -4.065935e+001
+1.890764e+004	   -4.081235e+001
+1.895025e+004	   -4.099514e+001
+1.899295e+004	   -4.090563e+001
+1.903575e+004	   -4.088107e+001
+1.907864e+004	   -4.056963e+001
+1.912163e+004	   -4.043418e+001
+1.916472e+004	   -4.063438e+001
+1.920790e+004	   -4.073447e+001
+1.925119e+004	   -4.075842e+001
+1.929456e+004	   -4.080247e+001
+1.933804e+004	   -4.119551e+001
+1.938162e+004	   -4.121573e+001
+1.942529e+004	   -4.113611e+001
+1.946906e+004	   -4.101920e+001
+1.951293e+004	   -4.095052e+001
+1.955690e+004	   -4.052507e+001
+1.960097e+004	   -4.019588e+001
+1.964514e+004	   -3.980898e+001
+1.968941e+004	   -3.970020e+001
+1.973378e+004	   -3.962458e+001
+1.977824e+004	   -3.952589e+001
+1.982281e+004	   -3.955458e+001
+1.986748e+004	   -3.964796e+001
+1.991225e+004	   -3.986005e+001
+1.995712e+004	   -4.002333e+001
+2.000209e+004	   -4.004734e+001
+2.004716e+004	   -3.998853e+001
+2.009233e+004	   -4.003308e+001
+2.013761e+004	   -3.993294e+001
+2.018298e+004	   -3.979050e+001
+2.022846e+004	   -3.983820e+001
+2.027404e+004	   -3.986415e+001
+2.031973e+004	   -3.983671e+001
+2.036552e+004	   -3.991554e+001
+2.041141e+004	   -3.994915e+001
+2.045740e+004	   -4.019044e+001
+2.050350e+004	   -4.055127e+001
+2.054970e+004	   -4.092646e+001
+2.059601e+004	   -4.135162e+001
+2.064242e+004	   -4.143110e+001
+2.068893e+004	   -4.175595e+001
+2.073555e+004	   -4.197964e+001
+2.078227e+004	   -4.227198e+001
+2.082910e+004	   -4.243492e+001
+2.087604e+004	   -4.269804e+001
+2.092308e+004	   -4.286189e+001
+2.097023e+004	   -4.270903e+001
+2.101748e+004	   -4.268292e+001
+2.106484e+004	   -4.270213e+001
+2.111231e+004	   -4.273277e+001
+2.115988e+004	   -4.271810e+001
+2.120756e+004	   -4.269630e+001
+2.125535e+004	   -4.284253e+001
+2.130324e+004	   -4.268187e+001
+2.135125e+004	   -4.290054e+001
+2.139936e+004	   -4.278691e+001
+2.144758e+004	   -4.294420e+001
+2.149591e+004	   -4.283753e+001
+2.154435e+004	   -4.307458e+001
+2.159289e+004	   -4.302105e+001
+2.164155e+004	   -4.311538e+001
+2.169032e+004	   -4.308812e+001
+2.173919e+004	   -4.318842e+001
+2.178818e+004	   -4.341579e+001
+2.183728e+004	   -4.346676e+001
+2.188648e+004	   -4.343602e+001
+2.193580e+004	   -4.339540e+001
+2.198523e+004	   -4.347905e+001
+2.203477e+004	   -4.355504e+001
+2.208442e+004	   -4.342873e+001
+2.213419e+004	   -4.336085e+001
+2.218406e+004	   -4.337648e+001
+2.223405e+004	   -4.332754e+001
+2.228415e+004	   -4.350934e+001
+2.233437e+004	   -4.356668e+001
+2.238469e+004	   -4.360543e+001
+2.243513e+004	   -4.365780e+001
+2.248569e+004	   -4.368634e+001
+2.253636e+004	   -4.384374e+001
+2.258714e+004	   -4.396889e+001
+2.263803e+004	   -4.397272e+001
+2.268904e+004	   -4.406311e+001
+2.274017e+004	   -4.418177e+001
+2.279141e+004	   -4.420737e+001
+2.284277e+004	   -4.425222e+001
+2.289424e+004	   -4.445423e+001
+2.294583e+004	   -4.448875e+001
+2.299754e+004	   -4.459580e+001
+2.304936e+004	   -4.455320e+001
+2.310130e+004	   -4.471216e+001
+2.315335e+004	   -4.468570e+001
+2.320553e+004	   -4.476638e+001
+2.325781e+004	   -4.465458e+001
+2.331022e+004	   -4.481124e+001
+2.336275e+004	   -4.478209e+001
+2.341539e+004	   -4.482433e+001
+2.346816e+004	   -4.494457e+001
+2.352104e+004	   -4.500867e+001
+2.357404e+004	   -4.490248e+001
+2.362716e+004	   -4.494997e+001
+2.368040e+004	   -4.510265e+001
+2.373376e+004	   -4.531660e+001
+2.378724e+004	   -4.513732e+001
+2.384084e+004	   -4.524851e+001
+2.389456e+004	   -4.528780e+001
+2.394841e+004	   -4.539564e+001
+2.400237e+004	   -4.532970e+001
+2.405646e+004	   -4.540788e+001
+2.411066e+004	   -4.540927e+001
+2.416499e+004	   -4.546193e+001
+2.421945e+004	   -4.553065e+001
+2.427402e+004	   -4.546634e+001
+2.432872e+004	   -4.557751e+001
+2.438354e+004	   -4.568468e+001
+2.443849e+004	   -4.557342e+001
+2.449355e+004	   -4.565303e+001
+2.454875e+004	   -4.554844e+001
+2.460406e+004	   -4.572038e+001
+2.465951e+004	   -4.570858e+001
+2.471507e+004	   -4.591932e+001
+2.477076e+004	   -4.597886e+001
+2.482658e+004	   -4.602637e+001
+2.488252e+004	   -4.598390e+001
+2.493859e+004	   -4.637797e+001
+2.499479e+004	   -4.612452e+001
+2.505111e+004	   -4.615682e+001
+2.510756e+004	   -4.636171e+001
+2.516413e+004	   -4.645080e+001
+2.522084e+004	   -4.647792e+001
+2.527767e+004	   -4.660530e+001
+2.533463e+004	   -4.650151e+001
+2.539172e+004	   -4.663510e+001
+2.544893e+004	   -4.660473e+001
+2.550628e+004	   -4.661287e+001
+2.556375e+004	   -4.680720e+001
+2.562136e+004	   -4.678589e+001
+2.567909e+004	   -4.685986e+001
+2.573696e+004	   -4.707236e+001
+2.579495e+004	   -4.674449e+001
+2.585308e+004	   -4.690369e+001
+2.591133e+004	   -4.693684e+001
+2.596972e+004	   -4.711043e+001
+2.602824e+004	   -4.702495e+001
+2.608689e+004	   -4.712206e+001
+2.614567e+004	   -4.711634e+001
+2.620459e+004	   -4.727978e+001
+2.626363e+004	   -4.727494e+001
+2.632282e+004	   -4.716698e+001
+2.638213e+004	   -4.739147e+001
+2.644158e+004	   -4.733249e+001
+2.650116e+004	   -4.750703e+001
+2.656088e+004	   -4.748976e+001
+2.662073e+004	   -4.745703e+001
+2.668071e+004	   -4.745550e+001
+2.674084e+004	   -4.774637e+001
+2.680109e+004	   -4.763330e+001
+2.686148e+004	   -4.776242e+001
+2.692201e+004	   -4.780243e+001
+2.698268e+004	   -4.784862e+001
+2.704348e+004	   -4.783678e+001
+2.710442e+004	   -4.791779e+001
+2.716549e+004	   -4.787084e+001
+2.722671e+004	   -4.802940e+001
+2.728806e+004	   -4.793526e+001
+2.734955e+004	   -4.812962e+001
+2.741118e+004	   -4.794358e+001
+2.747294e+004	   -4.805670e+001
+2.753485e+004	   -4.805893e+001
+2.759689e+004	   -4.817216e+001
+2.765908e+004	   -4.825068e+001
+2.772141e+004	   -4.818772e+001
+2.778387e+004	   -4.823059e+001
+2.784648e+004	   -4.824025e+001
+2.790923e+004	   -4.833482e+001
+2.797212e+004	   -4.826556e+001
+2.803515e+004	   -4.845551e+001
+2.809832e+004	   -4.866294e+001
+2.816163e+004	   -4.873648e+001
+2.822509e+004	   -4.844215e+001
+2.828870e+004	   -4.865809e+001
+2.835244e+004	   -4.883048e+001
+2.841633e+004	   -4.884308e+001
+2.848036e+004	   -4.882096e+001
+2.854454e+004	   -4.882837e+001
+2.860886e+004	   -4.896564e+001
+2.867332e+004	   -4.926655e+001
+2.873793e+004	   -4.935603e+001
+2.880269e+004	   -4.955652e+001
+2.886759e+004	   -4.951225e+001
+2.893264e+004	   -4.952984e+001
+2.899784e+004	   -4.955281e+001
+2.906318e+004	   -4.975463e+001
+2.912867e+004	   -4.994629e+001
+2.919430e+004	   -4.969780e+001
+2.926009e+004	   -4.981940e+001
+2.932602e+004	   -4.996822e+001
+2.939211e+004	   -5.020424e+001
+2.945834e+004	   -5.004889e+001
+2.952472e+004	   -5.012282e+001
+2.959125e+004	   -5.013849e+001
+2.965793e+004	   -5.002751e+001
+2.972475e+004	   -5.025719e+001
+2.979173e+004	   -5.002113e+001
+2.985887e+004	   -5.010270e+001
+2.992615e+004	   -5.055279e+001
+2.999358e+004	   -5.038084e+001
+3.006117e+004	   -5.043244e+001
+3.012891e+004	   -5.032279e+001
+3.019680e+004	   -5.060337e+001
+3.026484e+004	   -5.056779e+001
+3.033304e+004	   -5.054809e+001
+3.040139e+004	   -5.067997e+001
+3.046990e+004	   -5.065805e+001
+3.053855e+004	   -5.087472e+001
+3.060737e+004	   -5.099177e+001
+3.067634e+004	   -5.106889e+001
+3.074546e+004	   -5.082055e+001
+3.081474e+004	   -5.128429e+001
+3.088418e+004	   -5.109830e+001
+3.095377e+004	   -5.094899e+001
+3.102352e+004	   -5.109138e+001
+3.109343e+004	   -5.101828e+001
+3.116349e+004	   -5.107947e+001
+3.123372e+004	   -5.103224e+001
+3.130410e+004	   -5.089535e+001
+3.137463e+004	   -5.063082e+001
+3.144533e+004	   -5.065243e+001
+3.151619e+004	   -5.059665e+001
+3.158721e+004	   -5.062965e+001
+3.165838e+004	   -5.064552e+001
+3.172972e+004	   -5.046545e+001
+3.180122e+004	   -5.043039e+001
+3.187288e+004	   -5.049892e+001
+3.194470e+004	   -5.042080e+001
+3.201668e+004	   -5.039161e+001
+3.208883e+004	   -5.045094e+001
+3.216114e+004	   -5.007382e+001
+3.223361e+004	   -4.984007e+001
+3.230624e+004	   -5.017908e+001
+3.237904e+004	   -5.080427e+001
+3.245200e+004	   -5.125614e+001
+3.252513e+004	   -5.142410e+001
+3.259841e+004	   -5.142859e+001
+3.267187e+004	   -5.169446e+001
+3.274549e+004	   -5.153409e+001
+3.281928e+004	   -5.156873e+001
+3.289323e+004	   -5.159690e+001
+3.296735e+004	   -5.200466e+001
+3.304164e+004	   -5.267208e+001
+3.311609e+004	   -5.293552e+001
+3.319071e+004	   -5.315890e+001
+3.326551e+004	   -5.305154e+001
+3.334046e+004	   -5.278867e+001
+3.341559e+004	   -5.290282e+001
+3.349089e+004	   -5.293623e+001
+3.356636e+004	   -5.282775e+001
+3.364199e+004	   -5.277103e+001
+3.371780e+004	   -5.271420e+001
+3.379378e+004	   -5.298970e+001
+3.386993e+004	   -5.329861e+001
+3.394625e+004	   -5.328206e+001
+3.402274e+004	   -5.372319e+001
+3.409941e+004	   -5.356990e+001
+3.417625e+004	   -5.343744e+001
+3.425325e+004	   -5.343560e+001
+3.433044e+004	   -5.371814e+001
+3.440780e+004	   -5.378926e+001
+3.448533e+004	   -5.336240e+001
+3.456304e+004	   -5.358273e+001
+3.464092e+004	   -5.383027e+001
+3.471898e+004	   -5.393456e+001
+3.479721e+004	   -5.390912e+001
+3.487563e+004	   -5.420628e+001
+3.495421e+004	   -5.402545e+001
+3.503298e+004	   -5.405179e+001
+3.511192e+004	   -5.405586e+001
+3.519104e+004	   -5.373389e+001
+3.527034e+004	   -5.416832e+001
+3.534981e+004	   -5.424813e+001
+3.542946e+004	   -5.432647e+001
+3.550930e+004	   -5.411732e+001
+3.558932e+004	   -5.419212e+001
+3.566951e+004	   -5.422808e+001
+3.574989e+004	   -5.442776e+001
+3.583045e+004	   -5.441961e+001
+3.591118e+004	   -5.424262e+001
+3.599211e+004	   -5.441034e+001
+3.607321e+004	   -5.429881e+001
+3.615449e+004	   -5.440169e+001
+3.623596e+004	   -5.456920e+001
+3.631761e+004	   -5.460128e+001
+3.639945e+004	   -5.444786e+001
+3.648147e+004	   -5.467287e+001
+3.656368e+004	   -5.455246e+001
+3.664607e+004	   -5.467363e+001
+3.672864e+004	   -5.484833e+001
+3.681141e+004	   -5.496820e+001
+3.689436e+004	   -5.534678e+001
+3.697749e+004	   -5.560471e+001
+3.706081e+004	   -5.576870e+001
+3.714432e+004	   -5.605591e+001
+3.722802e+004	   -5.581391e+001
+3.731191e+004	   -5.550218e+001
+3.739599e+004	   -5.544996e+001
+3.748025e+004	   -5.537096e+001
+3.756471e+004	   -5.562952e+001
+3.764936e+004	   -5.524649e+001
+3.773420e+004	   -5.545937e+001
+3.781922e+004	   -5.545646e+001
+3.790445e+004	   -5.558880e+001
+3.798986e+004	   -5.582352e+001
+3.807546e+004	   -5.521796e+001
+3.816126e+004	   -5.518228e+001
+3.824725e+004	   -5.483200e+001
+3.833343e+004	   -5.499858e+001
+3.841981e+004	   -5.486053e+001
+3.850639e+004	   -5.529767e+001
+3.859315e+004	   -5.558542e+001
+3.868012e+004	   -5.626528e+001
+3.876728e+004	   -5.653831e+001
+3.885463e+004	   -5.714919e+001
+3.894219e+004	   -5.716753e+001
+3.902994e+004	   -5.701027e+001
+3.911789e+004	   -5.684004e+001
+3.920603e+004	   -5.686691e+001
+3.929438e+004	   -5.665565e+001
+3.938292e+004	   -5.656173e+001
+3.947166e+004	   -5.660095e+001
+3.956061e+004	   -5.684342e+001
+3.964975e+004	   -5.683004e+001
+3.973910e+004	   -5.664911e+001
+3.982864e+004	   -5.690854e+001
+3.991839e+004	   -5.739920e+001
+4.000834e+004	   -5.724336e+001
+4.009849e+004	   -5.706504e+001
+4.018885e+004	   -5.730174e+001
+4.027941e+004	   -5.697564e+001
+4.037017e+004	   -5.690585e+001
+4.046114e+004	   -5.717208e+001
+4.055231e+004	   -5.737269e+001
+4.064369e+004	   -5.740850e+001
+4.073528e+004	   -5.758601e+001
+4.082707e+004	   -5.751297e+001
+4.091907e+004	   -5.773334e+001
+4.101127e+004	   -5.728362e+001
+4.110368e+004	   -5.736838e+001
+4.119630e+004	   -5.783072e+001
+4.128913e+004	   -5.779498e+001
+4.138217e+004	   -5.823119e+001
+4.147542e+004	   -5.808235e+001
+4.156888e+004	   -5.786859e+001
+4.166255e+004	   -5.809766e+001
+4.175643e+004	   -5.806040e+001
+4.185052e+004	   -5.818292e+001
+4.194482e+004	   -5.864128e+001
+4.203934e+004	   -5.854295e+001
+4.213407e+004	   -5.852958e+001
+4.222902e+004	   -5.905576e+001
+4.232417e+004	   -5.869770e+001
+4.241954e+004	   -5.879722e+001
+4.251513e+004	   -5.859095e+001
+4.261093e+004	   -5.860891e+001
+4.270695e+004	   -5.940038e+001
+4.280318e+004	   -5.962972e+001
+4.289963e+004	   -5.974192e+001
+4.299630e+004	   -5.999580e+001
+4.309319e+004	   -5.971115e+001
+4.319029e+004	   -6.011792e+001
+4.328761e+004	   -6.004073e+001
+4.338516e+004	   -5.985317e+001
+4.348292e+004	   -5.981696e+001
+4.358090e+004	   -5.979838e+001
+4.367910e+004	   -5.988023e+001
+4.377753e+004	   -5.958798e+001
+4.387617e+004	   -5.992959e+001
+4.397504e+004	   -5.992798e+001
+4.407413e+004	   -5.980829e+001
+4.417345e+004	   -6.002277e+001
+4.427298e+004	   -5.972450e+001
+4.437275e+004	   -6.033688e+001
+4.447273e+004	   -6.019519e+001
+4.457295e+004	   -6.044687e+001
+4.467339e+004	   -6.062635e+001
+4.477405e+004	   -6.065108e+001
+4.487494e+004	   -6.083097e+001
+4.497606e+004	   -6.096561e+001
+4.507741e+004	   -6.115561e+001
+4.517898e+004	   -6.108642e+001
+4.528079e+004	   -6.118684e+001
+4.538282e+004	   -6.116813e+001
+4.548509e+004	   -6.127127e+001
+4.558758e+004	   -6.113282e+001
+4.569030e+004	   -6.093935e+001
+4.579326e+004	   -6.118415e+001
+4.589645e+004	   -6.052946e+001
+4.599987e+004	   -6.070630e+001
+4.610352e+004	   -6.133873e+001
+4.620741e+004	   -6.103118e+001
+4.631153e+004	   -6.145594e+001
+4.641589e+004	   -6.170142e+001
+4.652048e+004	   -6.164798e+001
+4.662530e+004	   -6.180568e+001
+4.673037e+004	   -6.176375e+001
+4.683567e+004	   -6.218070e+001
+4.694121e+004	   -6.224682e+001
+4.704698e+004	   -6.208630e+001
+4.715300e+004	   -6.196856e+001
+4.725925e+004	   -6.215614e+001
+4.736574e+004	   -6.234368e+001
+4.747247e+004	   -6.259789e+001
+4.757944e+004	   -6.273552e+001
+4.768666e+004	   -6.227953e+001
+4.779411e+004	   -6.296464e+001
+4.790181e+004	   -6.301257e+001
+4.800975e+004	   -6.353071e+001
+4.811793e+004	   -6.314261e+001
+4.822636e+004	   -6.339798e+001
+4.833503e+004	   -6.348879e+001
+4.844395e+004	   -6.381745e+001
+4.855311e+004	   -6.377888e+001
+4.866251e+004	   -6.375980e+001
+4.877216e+004	   -6.451078e+001
+4.888207e+004	   -6.431882e+001
+4.899221e+004	   -6.392148e+001
+4.910261e+004	   -6.458417e+001
+4.921326e+004	   -6.488587e+001
+4.932415e+004	   -6.478956e+001
+4.943530e+004	   -6.486906e+001
+4.954669e+004	   -6.516174e+001
+4.965834e+004	   -6.456860e+001
+4.977023e+004	   -6.596707e+001
+4.988239e+004	   -6.602399e+001
+4.999479e+004	   -6.663457e+001
+5.010745e+004	   -6.729638e+001
+5.022035e+004	   -6.717611e+001
+5.033352e+004	   -6.761530e+001
+5.044694e+004	   -6.840012e+001
+5.056061e+004	   -6.987460e+001
+5.067454e+004	   -7.071529e+001
+5.078873e+004	   -7.215884e+001
+5.090318e+004	   -7.342281e+001
+5.101788e+004	   -7.548751e+001
+5.113284e+004	   -7.666588e+001
+5.124806e+004	   -7.674338e+001
+5.136354e+004	   -7.022291e+001
+5.147928e+004	   -6.404084e+001
+5.159528e+004	   -6.212339e+001
+5.171154e+004	   -6.427113e+001
+5.182807e+004	   -6.514499e+001
+5.194485e+004	   -7.135870e+001
+5.206190e+004	   -6.605887e+001
+5.217922e+004	   -6.181774e+001
+5.229679e+004	   -5.721992e+001
+5.241464e+004	   -4.951329e+001
+5.253275e+004	   -4.658709e+001
+5.265112e+004	   -4.895140e+001
+5.276976e+004	   -5.247282e+001
+5.288867e+004	   -5.476695e+001
+5.300785e+004	   -5.552607e+001
+5.312729e+004	   -5.627566e+001
+5.324701e+004	   -5.727712e+001
+5.336699e+004	   -5.847869e+001
+5.348725e+004	   -5.876361e+001
+5.360777e+004	   -5.953650e+001
+5.372857e+004	   -6.008951e+001
+5.384964e+004	   -6.063367e+001
+5.397098e+004	   -6.125163e+001
+5.409260e+004	   -6.205482e+001
+5.421448e+004	   -6.257182e+001
+5.433665e+004	   -6.238058e+001
+5.445909e+004	   -6.252893e+001
+5.458180e+004	   -6.360136e+001
+5.470480e+004	   -6.390242e+001
+5.482807e+004	   -6.401696e+001
+5.495161e+004	   -6.468840e+001
+5.507544e+004	   -6.410014e+001
+5.519954e+004	   -6.431758e+001
+5.532393e+004	   -6.462466e+001
+5.544859e+004	   -6.495419e+001
+5.557354e+004	   -6.512580e+001
+5.569876e+004	   -6.509375e+001
+5.582427e+004	   -6.578670e+001
+5.595006e+004	   -6.630087e+001
+5.607614e+004	   -6.566631e+001
+5.620250e+004	   -6.631725e+001
+5.632914e+004	   -6.697019e+001
+5.645607e+004	   -6.615648e+001
+5.658329e+004	   -6.726781e+001
+5.671079e+004	   -6.706638e+001
+5.683858e+004	   -6.664695e+001
+5.696666e+004	   -6.764853e+001
+5.709502e+004	   -6.727578e+001
+5.722368e+004	   -6.776571e+001
+5.735262e+004	   -6.725064e+001
+5.748186e+004	   -6.776033e+001
+5.761138e+004	   -6.746952e+001
+5.774120e+004	   -6.770335e+001
+5.787131e+004	   -6.787559e+001
+5.800172e+004	   -6.885631e+001
+5.813242e+004	   -6.838205e+001
+5.826341e+004	   -6.877406e+001
+5.839470e+004	   -6.940075e+001
+5.852628e+004	   -6.918977e+001
+5.865816e+004	   -6.843685e+001
+5.879034e+004	   -6.950446e+001
+5.892281e+004	   -7.043063e+001
+5.905559e+004	   -6.958933e+001
+5.918866e+004	   -6.996793e+001
+5.932204e+004	   -7.090037e+001
+5.945571e+004	   -7.098776e+001
+5.958968e+004	   -7.145641e+001
+5.972396e+004	   -7.322875e+001
+5.985854e+004	   -7.148135e+001
+5.999342e+004	   -7.196180e+001
+6.012861e+004	   -7.398888e+001
+6.026410e+004	   -7.224229e+001
+6.039989e+004	   -7.354273e+001
+6.053600e+004	   -7.342379e+001
+6.067240e+004	   -7.656307e+001
+6.080912e+004	   -7.543098e+001
+6.094614e+004	   -7.562507e+001
+6.108348e+004	   -7.520248e+001
+6.122112e+004	   -7.126568e+001
+6.135907e+004	   -6.917661e+001
+6.149734e+004	   -7.178732e+001
+6.163591e+004	   -7.229124e+001
+6.177480e+004	   -7.365267e+001
+6.191400e+004	   -7.356902e+001
+6.205351e+004	   -7.544466e+001
+6.219334e+004	   -7.583454e+001
+6.233348e+004	   -7.532879e+001
+6.247395e+004	   -7.959401e+001
+6.261472e+004	   -7.758028e+001
+6.275581e+004	   -7.979783e+001
+6.289722e+004	   -7.798129e+001
+6.303895e+004	   -7.987096e+001
+6.318100e+004	   -8.040255e+001
+6.332337e+004	   -8.006933e+001
+6.346606e+004	   -8.611063e+001
+6.360907e+004	   -8.361024e+001
+6.375241e+004	   -8.707851e+001
+6.389606e+004	   -9.332036e+001
+6.404004e+004	   -9.201365e+001
+6.418435e+004	   -9.117362e+001
+6.432898e+004	   -8.711761e+001
+6.447393e+004	   -9.112465e+001
+6.461921e+004	   -8.430112e+001
+6.476482e+004	   -9.084618e+001
+6.491076e+004	   -9.646075e+001
+6.505703e+004	   -9.242191e+001
+6.520363e+004	   -8.096799e+001
+6.535055e+004	   -8.086513e+001
+6.549781e+004	   -8.194772e+001
+6.564540e+004	   -7.865065e+001
+6.579332e+004	   -7.826505e+001
+6.594158e+004	   -7.752341e+001
+6.609016e+004	   -7.896601e+001
+6.623909e+004	   -7.383270e+001
+6.638835e+004	   -7.258495e+001
+6.653795e+004	   -7.271760e+001
+6.668788e+004	   -7.194183e+001
+6.683816e+004	   -7.128457e+001
+6.698877e+004	   -7.108372e+001
+6.713971e+004	   -7.147958e+001
+6.729100e+004	   -6.948305e+001
+6.744263e+004	   -7.074843e+001
+6.759460e+004	   -6.949162e+001
+6.774691e+004	   -6.959784e+001
+6.789958e+004	   -6.816248e+001
+6.805258e+004	   -6.817663e+001
+6.820592e+004	   -6.776105e+001
+6.835962e+004	   -6.652288e+001
+6.851366e+004	   -6.612241e+001
+6.866804e+004	   -6.576021e+001
+6.882277e+004	   -6.535816e+001
+6.897785e+004	   -6.523430e+001
+6.913328e+004	   -6.447385e+001
+6.928907e+004	   -6.516234e+001
+6.944520e+004	   -6.359165e+001
+6.960169e+004	   -6.307075e+001
+6.975852e+004	   -6.257626e+001
+6.991571e+004	   -6.184647e+001
+7.007326e+004	   -6.142449e+001
+7.023116e+004	   -6.119025e+001
+7.038941e+004	   -6.022580e+001
+7.054802e+004	   -5.942337e+001
+7.070699e+004	   -5.914291e+001
+7.086632e+004	   -5.811159e+001
+7.102601e+004	   -5.735945e+001
+7.118605e+004	   -5.662654e+001
+7.134646e+004	   -5.587679e+001
+7.150723e+004	   -5.477208e+001
+7.166836e+004	   -5.372198e+001
+7.182985e+004	   -5.240443e+001
+7.199171e+004	   -5.113629e+001
+7.215394e+004	   -4.970635e+001
+7.231652e+004	   -4.813197e+001
+7.247948e+004	   -4.618823e+001
+7.264280e+004	   -4.334760e+001
+7.280649e+004	   -3.934129e+001
+7.297055e+004	   -3.234166e+001
+7.313498e+004	   -2.683330e+001
+7.329977e+004	   -3.668404e+001
+7.346495e+004	   -4.156468e+001
+7.363048e+004	   -4.439283e+001
+7.379641e+004	   -4.651339e+001
+7.396270e+004	   -4.770576e+001
+7.412936e+004	   -4.880489e+001
+7.429640e+004	   -4.952540e+001
+7.446381e+004	   -4.999752e+001
+7.463160e+004	   -5.101551e+001
+7.479977e+004	   -5.209935e+001
+7.496833e+004	   -5.348188e+001
+7.513726e+004	   -5.535950e+001
+7.530656e+004	   -5.662308e+001
+7.547626e+004	   -5.714107e+001
+7.564634e+004	   -5.787963e+001
+7.581679e+004	   -5.820848e+001
+7.598763e+004	   -5.873640e+001
+7.615886e+004	   -5.921626e+001
+7.633047e+004	   -6.042568e+001
+7.650247e+004	   -6.074844e+001
+7.667486e+004	   -6.038237e+001
+7.684763e+004	   -6.030941e+001
+7.702080e+004	   -6.053190e+001
+7.719435e+004	   -6.092872e+001
+7.736830e+004	   -6.112289e+001
+7.754264e+004	   -6.121225e+001
+7.771737e+004	   -6.152295e+001
+7.789249e+004	   -6.194008e+001
+7.806801e+004	   -6.206126e+001
+7.824393e+004	   -6.263678e+001
+7.842023e+004	   -6.319838e+001
+7.859695e+004	   -6.324921e+001
+7.877405e+004	   -6.387675e+001
+7.895155e+004	   -6.358043e+001
+7.912946e+004	   -6.386087e+001
+7.930777e+004	   -6.414732e+001
+7.948648e+004	   -6.518487e+001
+7.966559e+004	   -6.511546e+001
+7.984510e+004	   -6.495695e+001
+8.002502e+004	   -6.518127e+001
+8.020534e+004	   -6.508438e+001
+8.038608e+004	   -6.609579e+001
+8.056722e+004	   -6.549445e+001
+8.074877e+004	   -6.579428e+001
+8.093072e+004	   -6.570190e+001
+8.111309e+004	   -6.680277e+001
+8.129586e+004	   -6.764554e+001
+8.147905e+004	   -6.788660e+001
+8.166265e+004	   -6.767291e+001
+8.184666e+004	   -6.761974e+001
+8.203109e+004	   -6.770135e+001
+8.221594e+004	   -6.709834e+001
+8.240120e+004	   -6.815378e+001
+8.258688e+004	   -6.832245e+001
+8.277298e+004	   -6.784643e+001
+8.295949e+004	   -6.745240e+001
+8.314643e+004	   -6.890163e+001
+8.333379e+004	   -6.846498e+001
+8.352157e+004	   -6.824615e+001
+8.370977e+004	   -6.856406e+001
+8.389840e+004	   -6.888918e+001
+8.408745e+004	   -6.850552e+001
+8.427693e+004	   -6.846558e+001
+8.446684e+004	   -6.933824e+001
+8.465716e+004	   -6.899434e+001
+8.484793e+004	   -6.965611e+001
+8.503913e+004	   -6.857235e+001
+8.523074e+004	   -6.947575e+001
+8.542280e+004	   -6.984586e+001
+8.561529e+004	   -6.967788e+001
+8.580821e+004	   -7.083487e+001
+8.600156e+004	   -6.967533e+001
+8.619536e+004	   -7.037871e+001
+8.638959e+004	   -7.035624e+001
+8.658425e+004	   -7.138680e+001
+8.677936e+004	   -6.919514e+001
+8.697490e+004	   -7.104855e+001
+8.717088e+004	   -7.146195e+001
+8.736731e+004	   -7.041774e+001
+8.756418e+004	   -7.039855e+001
+8.776149e+004	   -7.192494e+001
+8.795925e+004	   -7.154642e+001
+8.815745e+004	   -7.149653e+001
+8.835610e+004	   -7.179305e+001
+8.855520e+004	   -7.114630e+001
+8.875475e+004	   -7.222150e+001
+8.895474e+004	   -7.251574e+001
+8.915519e+004	   -7.239784e+001
+8.935609e+004	   -7.154005e+001
+8.955744e+004	   -7.236371e+001
+8.975924e+004	   -7.158131e+001
+8.996150e+004	   -7.230484e+001
+9.016422e+004	   -7.260667e+001
+9.036739e+004	   -7.298965e+001
+9.057102e+004	   -7.302266e+001
+9.077511e+004	   -7.287743e+001
+9.097966e+004	   -7.294525e+001
+9.118466e+004	   -7.348443e+001
+9.139013e+004	   -7.289536e+001
+9.159607e+004	   -7.384646e+001
+9.180247e+004	   -7.366011e+001
+9.200933e+004	   -7.436993e+001
+9.221666e+004	   -7.408331e+001
+9.242445e+004	   -7.442662e+001
+9.263272e+004	   -7.379174e+001
+9.284145e+004	   -7.370521e+001
+9.305066e+004	   -7.517693e+001
+9.326034e+004	   -7.387676e+001
+9.347048e+004	   -7.429710e+001
+9.368110e+004	   -7.459621e+001
+9.389220e+004	   -7.463638e+001
+9.410377e+004	   -7.413062e+001
+9.431582e+004	   -7.539201e+001
+9.452835e+004	   -7.504877e+001
+9.474135e+004	   -7.382851e+001
+9.495484e+004	   -7.442563e+001
+9.516880e+004	   -7.525301e+001
+9.538326e+004	   -7.440581e+001
+9.559819e+004	   -7.432401e+001
+9.581360e+004	   -7.606567e+001
+9.602951e+004	   -7.351236e+001
+9.624589e+004	   -7.379028e+001
+9.646277e+004	   -7.499260e+001
+9.668013e+004	   -7.498307e+001
+9.689798e+004	   -7.531688e+001
+9.711634e+004	   -7.431560e+001
+9.733517e+004	   -7.487128e+001
+9.755450e+004	   -7.482861e+001
+9.777433e+004	   -7.481165e+001
+9.799465e+004	   -7.478812e+001
+9.821546e+004	   -7.564105e+001
+9.843677e+004	   -7.501822e+001
+9.865859e+004	   -7.377407e+001
+9.888090e+004	   -7.546159e+001
+9.910371e+004	   -7.632495e+001
+9.932703e+004	   -7.544532e+001
+9.955085e+004	   -7.409476e+001
+9.977517e+004	   -7.632945e+001
+1.000000e+005	   -7.570676e+001
