+1.000000e+003	   -1.173271e+002
+1.002253e+003	   -1.192187e+002
+1.004512e+003	   -1.195503e+002
+1.006775e+003	   -1.204666e+002
+1.009044e+003	   -1.182696e+002
+1.011318e+003	   -1.197912e+002
+1.013596e+003	   -1.189566e+002
+1.015880e+003	   -1.192524e+002
+1.018170e+003	   -1.184953e+002
+1.020464e+003	   -1.176154e+002
+1.022763e+003	   -1.186993e+002
+1.025068e+003	   -1.199800e+002
+1.027378e+003	   -1.196407e+002
+1.029693e+003	   -1.186609e+002
+1.032013e+003	   -1.195188e+002
+1.034339e+003	   -1.195247e+002
+1.036669e+003	   -1.201018e+002
+1.039005e+003	   -1.198641e+002
+1.041347e+003	   -1.172711e+002
+1.043693e+003	   -1.199277e+002
+1.046045e+003	   -1.182654e+002
+1.048402e+003	   -1.202159e+002
+1.050764e+003	   -1.191361e+002
+1.053132e+003	   -1.190185e+002
+1.055505e+003	   -1.193252e+002
+1.057884e+003	   -1.191308e+002
+1.060267e+003	   -1.189429e+002
+1.062657e+003	   -1.204457e+002
+1.065051e+003	   -1.209774e+002
+1.067451e+003	   -1.192103e+002
+1.069856e+003	   -1.195105e+002
+1.072267e+003	   -1.197893e+002
+1.074683e+003	   -1.204309e+002
+1.077105e+003	   -1.223236e+002
+1.079532e+003	   -1.178496e+002
+1.081965e+003	   -1.209880e+002
+1.084403e+003	   -1.208692e+002
+1.086846e+003	   -1.196583e+002
+1.089295e+003	   -1.209730e+002
+1.091750e+003	   -1.212246e+002
+1.094210e+003	   -1.210538e+002
+1.096676e+003	   -1.206411e+002
+1.099147e+003	   -1.200281e+002
+1.101624e+003	   -1.214390e+002
+1.104106e+003	   -1.210413e+002
+1.106594e+003	   -1.194012e+002
+1.109087e+003	   -1.212458e+002
+1.111587e+003	   -1.212651e+002
+1.114091e+003	   -1.226558e+002
+1.116602e+003	   -1.227912e+002
+1.119118e+003	   -1.216664e+002
+1.121640e+003	   -1.198846e+002
+1.124167e+003	   -1.228169e+002
+1.126700e+003	   -1.231490e+002
+1.129239e+003	   -1.232919e+002
+1.131784e+003	   -1.230640e+002
+1.134334e+003	   -1.231901e+002
+1.136890e+003	   -1.248358e+002
+1.139452e+003	   -1.212385e+002
+1.142020e+003	   -1.234084e+002
+1.144593e+003	   -1.216347e+002
+1.147172e+003	   -1.247160e+002
+1.149757e+003	   -1.242036e+002
+1.152348e+003	   -1.245954e+002
+1.154944e+003	   -1.249716e+002
+1.157547e+003	   -1.252311e+002
+1.160155e+003	   -1.250232e+002
+1.162770e+003	   -1.264320e+002
+1.165390e+003	   -1.254653e+002
+1.168016e+003	   -1.249114e+002
+1.170648e+003	   -1.245816e+002
+1.173286e+003	   -1.245671e+002
+1.175929e+003	   -1.286364e+002
+1.178579e+003	   -1.239079e+002
+1.181235e+003	   -1.285549e+002
+1.183897e+003	   -1.274821e+002
+1.186564e+003	   -1.262967e+002
+1.189238e+003	   -1.279314e+002
+1.191918e+003	   -1.262351e+002
+1.194604e+003	   -1.298597e+002
+1.197296e+003	   -1.305654e+002
+1.199994e+003	   -1.262838e+002
+1.202698e+003	   -1.287636e+002
+1.205408e+003	   -1.290809e+002
+1.208124e+003	   -1.277471e+002
+1.210846e+003	   -1.244640e+002
+1.213575e+003	   -1.280129e+002
+1.216309e+003	   -1.279023e+002
+1.219050e+003	   -1.248078e+002
+1.221797e+003	   -1.246906e+002
+1.224550e+003	   -1.248095e+002
+1.227309e+003	   -1.286382e+002
+1.230075e+003	   -1.221760e+002
+1.232847e+003	   -1.226724e+002
+1.235625e+003	   -1.252980e+002
+1.238409e+003	   -1.251954e+002
+1.241200e+003	   -1.232432e+002
+1.243996e+003	   -1.198539e+002
+1.246800e+003	   -1.210142e+002
+1.249609e+003	   -1.210656e+002
+1.252425e+003	   -1.187685e+002
+1.255247e+003	   -1.198922e+002
+1.258076e+003	   -1.222487e+002
+1.260911e+003	   -1.160598e+002
+1.263752e+003	   -1.175083e+002
+1.266599e+003	   -1.151908e+002
+1.269453e+003	   -1.208081e+002
+1.272314e+003	   -1.161721e+002
+1.275181e+003	   -1.195742e+002
+1.278054e+003	   -1.201012e+002
+1.280934e+003	   -1.111688e+002
+1.283821e+003	   -1.165197e+002
+1.286714e+003	   -1.207232e+002
+1.289613e+003	   -1.145618e+002
+1.292519e+003	   -1.175015e+002
+1.295432e+003	   -1.211664e+002
+1.298351e+003	   -1.112512e+002
+1.301276e+003	   -1.162407e+002
+1.304208e+003	   -1.128389e+002
+1.307147e+003	   -1.156112e+002
+1.310093e+003	   -1.152137e+002
+1.313045e+003	   -1.146916e+002
+1.316004e+003	   -1.153390e+002
+1.318969e+003	   -1.126534e+002
+1.321941e+003	   -1.141529e+002
+1.324920e+003	   -1.147371e+002
+1.327905e+003	   -1.172465e+002
+1.330898e+003	   -1.171901e+002
+1.333897e+003	   -1.188420e+002
+1.336902e+003	   -1.174004e+002
+1.339915e+003	   -1.177335e+002
+1.342934e+003	   -1.184536e+002
+1.345960e+003	   -1.193125e+002
+1.348993e+003	   -1.209711e+002
+1.352033e+003	   -1.185584e+002
+1.355080e+003	   -1.208488e+002
+1.358133e+003	   -1.195676e+002
+1.361193e+003	   -1.214025e+002
+1.364261e+003	   -1.211979e+002
+1.367335e+003	   -1.202109e+002
+1.370416e+003	   -1.216675e+002
+1.373504e+003	   -1.200842e+002
+1.376599e+003	   -1.192439e+002
+1.379701e+003	   -1.200294e+002
+1.382810e+003	   -1.212179e+002
+1.385926e+003	   -1.198519e+002
+1.389049e+003	   -1.192314e+002
+1.392179e+003	   -1.202120e+002
+1.395316e+003	   -1.201276e+002
+1.398460e+003	   -1.199178e+002
+1.401611e+003	   -1.183097e+002
+1.404770e+003	   -1.196384e+002
+1.407935e+003	   -1.189270e+002
+1.411108e+003	   -1.180258e+002
+1.414287e+003	   -1.196056e+002
+1.417474e+003	   -1.191029e+002
+1.420668e+003	   -1.171708e+002
+1.423870e+003	   -1.191842e+002
+1.427078e+003	   -1.181333e+002
+1.430294e+003	   -1.197600e+002
+1.433517e+003	   -1.178913e+002
+1.436747e+003	   -1.175720e+002
+1.439984e+003	   -1.191089e+002
+1.443229e+003	   -1.167922e+002
+1.446481e+003	   -1.197702e+002
+1.449741e+003	   -1.164545e+002
+1.453007e+003	   -1.162990e+002
+1.456282e+003	   -1.155962e+002
+1.459563e+003	   -1.170405e+002
+1.462852e+003	   -1.162779e+002
+1.466148e+003	   -1.173997e+002
+1.469452e+003	   -1.157507e+002
+1.472763e+003	   -1.175797e+002
+1.476082e+003	   -1.177712e+002
+1.479408e+003	   -1.162458e+002
+1.482742e+003	   -1.166964e+002
+1.486083e+003	   -1.170519e+002
+1.489432e+003	   -1.162252e+002
+1.492788e+003	   -1.167027e+002
+1.496151e+003	   -1.170506e+002
+1.499523e+003	   -1.174222e+002
+1.502902e+003	   -1.188395e+002
+1.506288e+003	   -1.168405e+002
+1.509682e+003	   -1.183003e+002
+1.513084e+003	   -1.190319e+002
+1.516494e+003	   -1.185660e+002
+1.519911e+003	   -1.208209e+002
+1.523336e+003	   -1.208489e+002
+1.526769e+003	   -1.225419e+002
+1.530209e+003	   -1.283721e+002
+1.533657e+003	   -1.300936e+002
+1.537113e+003	   -1.336549e+002
+1.540577e+003	   -1.397025e+002
+1.544048e+003	   -1.412422e+002
+1.547527e+003	   -1.522492e+002
+1.551014e+003	   -1.545535e+002
+1.554509e+003	   -1.678147e+002
+1.558012e+003	   -1.653507e+002
+1.561523e+003	   -1.702055e+002
+1.565042e+003	   -1.714977e+002
+1.568568e+003	   -1.693178e+002
+1.572103e+003	   -1.660098e+002
+1.575645e+003	   -1.529360e+002
+1.579196e+003	   -1.398505e+002
+1.582754e+003	   -1.343730e+002
+1.586321e+003	   -1.293580e+002
+1.589895e+003	   -1.257747e+002
+1.593478e+003	   -1.252152e+002
+1.597069e+003	   -1.233873e+002
+1.600667e+003	   -1.218049e+002
+1.604274e+003	   -1.196167e+002
+1.607889e+003	   -1.187866e+002
+1.611512e+003	   -1.186663e+002
+1.615144e+003	   -1.189924e+002
+1.618783e+003	   -1.185132e+002
+1.622431e+003	   -1.191257e+002
+1.626087e+003	   -1.176783e+002
+1.629751e+003	   -1.176945e+002
+1.633423e+003	   -1.180467e+002
+1.637104e+003	   -1.194234e+002
+1.640793e+003	   -1.167304e+002
+1.644490e+003	   -1.177008e+002
+1.648196e+003	   -1.177275e+002
+1.651910e+003	   -1.187874e+002
+1.655632e+003	   -1.156396e+002
+1.659363e+003	   -1.184109e+002
+1.663102e+003	   -1.153367e+002
+1.666849e+003	   -1.180057e+002
+1.670605e+003	   -1.196793e+002
+1.674370e+003	   -1.177679e+002
+1.678143e+003	   -1.182509e+002
+1.681924e+003	   -1.187012e+002
+1.685714e+003	   -1.180186e+002
+1.689513e+003	   -1.175393e+002
+1.693320e+003	   -1.180431e+002
+1.697135e+003	   -1.185063e+002
+1.700960e+003	   -1.178746e+002
+1.704793e+003	   -1.183252e+002
+1.708634e+003	   -1.190278e+002
+1.712484e+003	   -1.186674e+002
+1.716343e+003	   -1.180691e+002
+1.720211e+003	   -1.193812e+002
+1.724087e+003	   -1.200896e+002
+1.727972e+003	   -1.185808e+002
+1.731866e+003	   -1.179683e+002
+1.735768e+003	   -1.195528e+002
+1.739679e+003	   -1.170201e+002
+1.743599e+003	   -1.196998e+002
+1.747528e+003	   -1.149525e+002
+1.751466e+003	   -1.183675e+002
+1.755413e+003	   -1.218905e+002
+1.759368e+003	   -1.227439e+002
+1.763333e+003	   -1.195079e+002
+1.767306e+003	   -1.180511e+002
+1.771289e+003	   -1.188067e+002
+1.775280e+003	   -1.205981e+002
+1.779280e+003	   -1.191828e+002
+1.783290e+003	   -1.205053e+002
+1.787308e+003	   -1.199106e+002
+1.791335e+003	   -1.207560e+002
+1.795372e+003	   -1.205721e+002
+1.799418e+003	   -1.210198e+002
+1.803472e+003	   -1.208890e+002
+1.807536e+003	   -1.198143e+002
+1.811609e+003	   -1.209993e+002
+1.815691e+003	   -1.205113e+002
+1.819783e+003	   -1.203283e+002
+1.823883e+003	   -1.225795e+002
+1.827993e+003	   -1.203274e+002
+1.832112e+003	   -1.211473e+002
+1.836241e+003	   -1.210704e+002
+1.840378e+003	   -1.204703e+002
+1.844526e+003	   -1.209356e+002
+1.848682e+003	   -1.206204e+002
+1.852848e+003	   -1.212357e+002
+1.857023e+003	   -1.207719e+002
+1.861207e+003	   -1.209301e+002
+1.865401e+003	   -1.208746e+002
+1.869604e+003	   -1.200234e+002
+1.873817e+003	   -1.217032e+002
+1.878040e+003	   -1.221718e+002
+1.882272e+003	   -1.185928e+002
+1.886513e+003	   -1.219424e+002
+1.890764e+003	   -1.208999e+002
+1.895025e+003	   -1.231553e+002
+1.899295e+003	   -1.212094e+002
+1.903575e+003	   -1.212455e+002
+1.907864e+003	   -1.237997e+002
+1.912163e+003	   -1.239571e+002
+1.916472e+003	   -1.228542e+002
+1.920790e+003	   -1.234720e+002
+1.925119e+003	   -1.230838e+002
+1.929457e+003	   -1.232220e+002
+1.933804e+003	   -1.221247e+002
+1.938162e+003	   -1.229527e+002
+1.942529e+003	   -1.227634e+002
+1.946906e+003	   -1.229842e+002
+1.951293e+003	   -1.247576e+002
+1.955690e+003	   -1.230646e+002
+1.960097e+003	   -1.239498e+002
+1.964514e+003	   -1.234712e+002
+1.968941e+003	   -1.248543e+002
+1.973377e+003	   -1.251635e+002
+1.977824e+003	   -1.245101e+002
+1.982281e+003	   -1.251919e+002
+1.986748e+003	   -1.248219e+002
+1.991224e+003	   -1.260605e+002
+1.995711e+003	   -1.251600e+002
+2.000208e+003	   -1.267895e+002
+2.004716e+003	   -1.259322e+002
+2.009233e+003	   -1.262572e+002
+2.013760e+003	   -1.268936e+002
+2.018298e+003	   -1.268182e+002
+2.022846e+003	   -1.272844e+002
+2.027404e+003	   -1.265243e+002
+2.031973e+003	   -1.266095e+002
+2.036552e+003	   -1.263311e+002
+2.041141e+003	   -1.272582e+002
+2.045740e+003	   -1.270098e+002
+2.050350e+003	   -1.264965e+002
+2.054970e+003	   -1.249063e+002
+2.059601e+003	   -1.269456e+002
+2.064241e+003	   -1.266297e+002
+2.068893e+003	   -1.271177e+002
+2.073555e+003	   -1.262722e+002
+2.078227e+003	   -1.275420e+002
+2.082910e+003	   -1.273660e+002
+2.087604e+003	   -1.272640e+002
+2.092308e+003	   -1.266885e+002
+2.097023e+003	   -1.269128e+002
+2.101748e+003	   -1.259981e+002
+2.106484e+003	   -1.259587e+002
+2.111231e+003	   -1.265407e+002
+2.115988e+003	   -1.261412e+002
+2.120756e+003	   -1.264569e+002
+2.125535e+003	   -1.261274e+002
+2.130324e+003	   -1.262434e+002
+2.135125e+003	   -1.262871e+002
+2.139936e+003	   -1.266249e+002
+2.144758e+003	   -1.257696e+002
+2.149591e+003	   -1.269694e+002
+2.154435e+003	   -1.254688e+002
+2.159289e+003	   -1.271542e+002
+2.164155e+003	   -1.265606e+002
+2.169032e+003	   -1.262413e+002
+2.173919e+003	   -1.260905e+002
+2.178818e+003	   -1.258931e+002
+2.183728e+003	   -1.264700e+002
+2.188648e+003	   -1.256450e+002
+2.193580e+003	   -1.259826e+002
+2.198523e+003	   -1.268972e+002
+2.203477e+003	   -1.268278e+002
+2.208442e+003	   -1.275449e+002
+2.213418e+003	   -1.272734e+002
+2.218406e+003	   -1.270892e+002
+2.223405e+003	   -1.261039e+002
+2.228415e+003	   -1.270543e+002
+2.233437e+003	   -1.264090e+002
+2.238469e+003	   -1.277153e+002
+2.243513e+003	   -1.260284e+002
+2.248569e+003	   -1.279533e+002
+2.253635e+003	   -1.269032e+002
+2.258714e+003	   -1.276428e+002
+2.263803e+003	   -1.256145e+002
+2.268905e+003	   -1.299434e+002
+2.274017e+003	   -1.272246e+002
+2.279141e+003	   -1.266617e+002
+2.284277e+003	   -1.269482e+002
+2.289424e+003	   -1.279093e+002
+2.294583e+003	   -1.267991e+002
+2.299754e+003	   -1.278148e+002
+2.304936e+003	   -1.276105e+002
+2.310130e+003	   -1.284606e+002
+2.315335e+003	   -1.268858e+002
+2.320552e+003	   -1.284706e+002
+2.325781e+003	   -1.268644e+002
+2.331022e+003	   -1.272853e+002
+2.336275e+003	   -1.280959e+002
+2.341539e+003	   -1.286362e+002
+2.346816e+003	   -1.283649e+002
+2.352104e+003	   -1.276216e+002
+2.357404e+003	   -1.284350e+002
+2.362716e+003	   -1.296788e+002
+2.368040e+003	   -1.290074e+002
+2.373376e+003	   -1.300869e+002
+2.378724e+003	   -1.283951e+002
+2.384084e+003	   -1.293088e+002
+2.389457e+003	   -1.285027e+002
+2.394841e+003	   -1.297905e+002
+2.400237e+003	   -1.275820e+002
+2.405646e+003	   -1.292192e+002
+2.411066e+003	   -1.290173e+002
+2.416500e+003	   -1.295598e+002
+2.421945e+003	   -1.293094e+002
+2.427402e+003	   -1.276924e+002
+2.432872e+003	   -1.291147e+002
+2.438354e+003	   -1.283664e+002
+2.443849e+003	   -1.292824e+002
+2.449355e+003	   -1.304042e+002
+2.454875e+003	   -1.297974e+002
+2.460406e+003	   -1.293855e+002
+2.465950e+003	   -1.297970e+002
+2.471507e+003	   -1.303190e+002
+2.477076e+003	   -1.304043e+002
+2.482658e+003	   -1.302141e+002
+2.488252e+003	   -1.297869e+002
+2.493859e+003	   -1.307076e+002
+2.499479e+003	   -1.305737e+002
+2.505111e+003	   -1.316503e+002
+2.510756e+003	   -1.308864e+002
+2.516414e+003	   -1.298840e+002
+2.522084e+003	   -1.304015e+002
+2.527767e+003	   -1.309876e+002
+2.533463e+003	   -1.312525e+002
+2.539172e+003	   -1.308425e+002
+2.544893e+003	   -1.306214e+002
+2.550628e+003	   -1.306988e+002
+2.556375e+003	   -1.296876e+002
+2.562136e+003	   -1.307387e+002
+2.567909e+003	   -1.312711e+002
+2.573696e+003	   -1.307886e+002
+2.579495e+003	   -1.305999e+002
+2.585308e+003	   -1.298395e+002
+2.591133e+003	   -1.327336e+002
+2.596972e+003	   -1.311808e+002
+2.602824e+003	   -1.326331e+002
+2.608689e+003	   -1.319783e+002
+2.614567e+003	   -1.320798e+002
+2.620459e+003	   -1.319195e+002
+2.626364e+003	   -1.309320e+002
+2.632282e+003	   -1.309992e+002
+2.638213e+003	   -1.323780e+002
+2.644158e+003	   -1.332514e+002
+2.650116e+003	   -1.325887e+002
+2.656088e+003	   -1.331839e+002
+2.662073e+003	   -1.328732e+002
+2.668072e+003	   -1.333424e+002
+2.674083e+003	   -1.323321e+002
+2.680109e+003	   -1.346483e+002
+2.686148e+003	   -1.336310e+002
+2.692201e+003	   -1.333987e+002
+2.698268e+003	   -1.320422e+002
+2.704348e+003	   -1.356713e+002
+2.710442e+003	   -1.335028e+002
+2.716549e+003	   -1.351796e+002
+2.722671e+003	   -1.340821e+002
+2.728806e+003	   -1.346427e+002
+2.734955e+003	   -1.346828e+002
+2.741118e+003	   -1.354162e+002
+2.747294e+003	   -1.388406e+002
+2.753485e+003	   -1.382050e+002
+2.759689e+003	   -1.359809e+002
+2.765908e+003	   -1.365520e+002
+2.772141e+003	   -1.370794e+002
+2.778387e+003	   -1.377931e+002
+2.784648e+003	   -1.378568e+002
+2.790923e+003	   -1.355311e+002
+2.797212e+003	   -1.385754e+002
+2.803515e+003	   -1.364147e+002
+2.809832e+003	   -1.385642e+002
+2.816164e+003	   -1.374923e+002
+2.822509e+003	   -1.396246e+002
+2.828869e+003	   -1.387544e+002
+2.835244e+003	   -1.366503e+002
+2.841633e+003	   -1.381422e+002
+2.848036e+003	   -1.397758e+002
+2.854454e+003	   -1.361941e+002
+2.860885e+003	   -1.383543e+002
+2.867332e+003	   -1.389807e+002
+2.873793e+003	   -1.379290e+002
+2.880269e+003	   -1.384301e+002
+2.886759e+003	   -1.383721e+002
+2.893264e+003	   -1.385846e+002
+2.899784e+003	   -1.390016e+002
+2.906318e+003	   -1.388091e+002
+2.912867e+003	   -1.405186e+002
+2.919430e+003	   -1.406219e+002
+2.926009e+003	   -1.421832e+002
+2.932602e+003	   -1.407113e+002
+2.939210e+003	   -1.423848e+002
+2.945833e+003	   -1.403972e+002
+2.952472e+003	   -1.409869e+002
+2.959125e+003	   -1.429001e+002
+2.965792e+003	   -1.458725e+002
+2.972476e+003	   -1.411833e+002
+2.979174e+003	   -1.409038e+002
+2.985887e+003	   -1.439144e+002
+2.992615e+003	   -1.430403e+002
+2.999358e+003	   -1.409764e+002
+3.006117e+003	   -1.422167e+002
+3.012891e+003	   -1.425883e+002
+3.019680e+003	   -1.444279e+002
+3.026484e+003	   -1.448075e+002
+3.033304e+003	   -1.441387e+002
+3.040139e+003	   -1.454179e+002
+3.046990e+003	   -1.442409e+002
+3.053855e+003	   -1.460884e+002
+3.060737e+003	   -1.420969e+002
+3.067634e+003	   -1.462400e+002
+3.074546e+003	   -1.452401e+002
+3.081474e+003	   -1.438557e+002
+3.088418e+003	   -1.418795e+002
+3.095377e+003	   -1.432025e+002
+3.102352e+003	   -1.432481e+002
+3.109343e+003	   -1.443037e+002
+3.116349e+003	   -1.410602e+002
+3.123372e+003	   -1.424545e+002
+3.130410e+003	   -1.414886e+002
+3.137464e+003	   -1.413312e+002
+3.144533e+003	   -1.419474e+002
+3.151619e+003	   -1.420878e+002
+3.158721e+003	   -1.447806e+002
+3.165839e+003	   -1.469074e+002
+3.172972e+003	   -1.498485e+002
+3.180122e+003	   -1.464860e+002
+3.187288e+003	   -1.492362e+002
+3.194470e+003	   -1.477233e+002
+3.201668e+003	   -1.478434e+002
+3.208883e+003	   -1.481410e+002
+3.216114e+003	   -1.461192e+002
+3.223361e+003	   -1.488781e+002
+3.230624e+003	   -1.508407e+002
+3.237904e+003	   -1.489238e+002
+3.245200e+003	   -1.501107e+002
+3.252512e+003	   -1.527070e+002
+3.259842e+003	   -1.517141e+002
+3.267187e+003	   -1.537919e+002
+3.274549e+003	   -1.566574e+002
+3.281928e+003	   -1.509433e+002
+3.289323e+003	   -1.513352e+002
+3.296735e+003	   -1.538822e+002
+3.304164e+003	   -1.495522e+002
+3.311609e+003	   -1.532858e+002
+3.319072e+003	   -1.533904e+002
+3.326551e+003	   -1.529179e+002
+3.334046e+003	   -1.500231e+002
+3.341559e+003	   -1.521176e+002
+3.349089e+003	   -1.563111e+002
+3.356636e+003	   -1.556736e+002
+3.364199e+003	   -1.535393e+002
+3.371780e+003	   -1.495542e+002
+3.379378e+003	   -1.493183e+002
+3.386993e+003	   -1.552309e+002
+3.394625e+003	   -1.570407e+002
+3.402274e+003	   -1.564288e+002
+3.409941e+003	   -1.540243e+002
+3.417625e+003	   -1.565491e+002
+3.425326e+003	   -1.559469e+002
+3.433044e+003	   -1.561322e+002
+3.440780e+003	   -1.556250e+002
+3.448533e+003	   -1.646268e+002
+3.456304e+003	   -1.619388e+002
+3.464092e+003	   -1.572592e+002
+3.471898e+003	   -1.612973e+002
+3.479721e+003	   -1.584606e+002
+3.487563e+003	   -1.564088e+002
+3.495421e+003	   -1.547946e+002
+3.503298e+003	   -1.688702e+002
+3.511192e+003	   -1.688341e+002
+3.519104e+003	   -1.582895e+002
+3.527033e+003	   -1.549074e+002
+3.534981e+003	   -1.590192e+002
+3.542947e+003	   -1.576561e+002
+3.550930e+003	   -1.534915e+002
+3.558932e+003	   -1.576781e+002
+3.566951e+003	   -1.646753e+002
+3.574989e+003	   -1.598437e+002
+3.583044e+003	   -1.602062e+002
+3.591118e+003	   -1.610968e+002
+3.599210e+003	   -1.614664e+002
+3.607321e+003	   -1.610621e+002
+3.615449e+003	   -1.610581e+002
+3.623596e+003	   -1.601054e+002
+3.631761e+003	   -1.627122e+002
+3.639945e+003	   -1.620776e+002
+3.648147e+003	   -1.636880e+002
+3.656368e+003	   -1.618521e+002
+3.664607e+003	   -1.621091e+002
+3.672864e+003	   -1.615984e+002
+3.681141e+003	   -1.630133e+002
+3.689436e+003	   -1.633595e+002
+3.697749e+003	   -1.652292e+002
+3.706081e+003	   -1.637265e+002
+3.714433e+003	   -1.650403e+002
+3.722802e+003	   -1.640914e+002
+3.731191e+003	   -1.647604e+002
+3.739599e+003	   -1.642278e+002
+3.748026e+003	   -1.649971e+002
+3.756471e+003	   -1.656158e+002
+3.764936e+003	   -1.671794e+002
+3.773419e+003	   -1.644507e+002
+3.781922e+003	   -1.670685e+002
+3.790444e+003	   -1.663726e+002
+3.798986e+003	   -1.673748e+002
+3.807546e+003	   -1.675364e+002
+3.816126e+003	   -1.690295e+002
+3.824725e+003	   -1.683942e+002
+3.833343e+003	   -1.653834e+002
+3.841981e+003	   -1.686293e+002
+3.850638e+003	   -1.682182e+002
+3.859315e+003	   -1.693273e+002
+3.868012e+003	   -1.674346e+002
+3.876728e+003	   -1.670406e+002
+3.885463e+003	   -1.702309e+002
+3.894219e+003	   -1.683423e+002
+3.902994e+003	   -1.685412e+002
+3.911789e+003	   -1.686080e+002
+3.920603e+003	   -1.660356e+002
+3.929438e+003	   -1.679683e+002
+3.938292e+003	   -1.696718e+002
+3.947167e+003	   -1.690470e+002
+3.956061e+003	   -1.718831e+002
+3.964975e+003	   -1.728277e+002
+3.973910e+003	   -1.723469e+002
+3.982864e+003	   -1.731715e+002
+3.991839e+003	   -1.754146e+002
+4.000834e+003	   -1.723553e+002
+4.009849e+003	   -1.724284e+002
+4.018885e+003	   -1.756701e+002
+4.027941e+003	   -1.729702e+002
+4.037017e+003	   -1.715105e+002
+4.046114e+003	   -1.722455e+002
+4.055231e+003	   -1.737613e+002
+4.064369e+003	   -1.736445e+002
+4.073528e+003	   -1.734308e+002
+4.082707e+003	   -1.721117e+002
+4.091906e+003	   -1.737019e+002
+4.101127e+003	   -1.746343e+002
+4.110368e+003	   -1.750609e+002
+4.119630e+003	   -1.735962e+002
+4.128914e+003	   -1.746791e+002
+4.138217e+003	   -1.744389e+002
+4.147542e+003	   -1.758531e+002
+4.156888e+003	   -1.769915e+002
+4.166255e+003	   -1.762069e+002
+4.175643e+003	   -1.757982e+002
+4.185052e+003	   -1.760209e+002
+4.194482e+003	   -1.763330e+002
+4.203934e+003	   -1.764168e+002
+4.213407e+003	   -1.768874e+002
+4.222901e+003	   -1.775514e+002
+4.232417e+003	   -1.783268e+002
+4.241954e+003	   -1.782384e+002
+4.251513e+003	   -1.789385e+002
+4.261093e+003	   -1.784733e+002
+4.270695e+003	   -1.793542e+002
+4.280318e+003	   -1.789341e+002
+4.289963e+003	   -1.794404e+002
+4.299630e+003	   -1.790305e+002
+4.309318e+003	   +1.794141e+002
+4.319029e+003	   +1.799586e+002
+4.328761e+003	   +1.797198e+002
+4.338516e+003	   +1.791382e+002
+4.348292e+003	   +1.789488e+002
+4.358090e+003	   +1.791259e+002
+4.367910e+003	   +1.796154e+002
+4.377752e+003	   +1.784414e+002
+4.387617e+003	   +1.771461e+002
+4.397504e+003	   +1.776681e+002
+4.407413e+003	   +1.776930e+002
+4.417345e+003	   +1.780073e+002
+4.427298e+003	   +1.778236e+002
+4.437275e+003	   +1.771692e+002
+4.447273e+003	   +1.766816e+002
+4.457295e+003	   +1.767825e+002
+4.467339e+003	   +1.763299e+002
+4.477405e+003	   +1.766891e+002
+4.487494e+003	   +1.769445e+002
+4.497606e+003	   +1.751948e+002
+4.507741e+003	   +1.758254e+002
+4.517898e+003	   +1.742269e+002
+4.528079e+003	   +1.758165e+002
+4.538282e+003	   +1.748412e+002
+4.548508e+003	   +1.743597e+002
+4.558758e+003	   +1.732164e+002
+4.569030e+003	   +1.739410e+002
+4.579326e+003	   +1.728477e+002
+4.589645e+003	   +1.725546e+002
+4.599987e+003	   +1.717625e+002
+4.610353e+003	   +1.716236e+002
+4.620741e+003	   +1.717284e+002
+4.631153e+003	   +1.711618e+002
+4.641589e+003	   +1.717823e+002
+4.652048e+003	   +1.706061e+002
+4.662531e+003	   +1.704398e+002
+4.673037e+003	   +1.702751e+002
+4.683567e+003	   +1.693085e+002
+4.694121e+003	   +1.695865e+002
+4.704698e+003	   +1.693844e+002
+4.715299e+003	   +1.693740e+002
+4.725925e+003	   +1.700734e+002
+4.736574e+003	   +1.690615e+002
+4.747247e+003	   +1.681817e+002
+4.757944e+003	   +1.687507e+002
+4.768666e+003	   +1.683213e+002
+4.779411e+003	   +1.678728e+002
+4.790181e+003	   +1.670515e+002
+4.800975e+003	   +1.668172e+002
+4.811793e+003	   +1.675294e+002
+4.822636e+003	   +1.671983e+002
+4.833503e+003	   +1.661814e+002
+4.844395e+003	   +1.665904e+002
+4.855311e+003	   +1.666061e+002
+4.866251e+003	   +1.654688e+002
+4.877217e+003	   +1.663730e+002
+4.888207e+003	   +1.655811e+002
+4.899222e+003	   +1.652304e+002
+4.910261e+003	   +1.655017e+002
+4.921326e+003	   +1.653487e+002
+4.932415e+003	   +1.644626e+002
+4.943530e+003	   +1.635704e+002
+4.954669e+003	   +1.640591e+002
+4.965834e+003	   +1.644537e+002
+4.977023e+003	   +1.642426e+002
+4.988239e+003	   +1.632799e+002
+4.999479e+003	   +1.634389e+002
+5.010744e+003	   +1.629019e+002
+5.022035e+003	   +1.632614e+002
+5.033352e+003	   +1.626918e+002
+5.044694e+003	   +1.625650e+002
+5.056061e+003	   +1.618735e+002
+5.067454e+003	   +1.617844e+002
+5.078873e+003	   +1.608938e+002
+5.090317e+003	   +1.618450e+002
+5.101788e+003	   +1.605838e+002
+5.113284e+003	   +1.608144e+002
+5.124806e+003	   +1.607577e+002
+5.136354e+003	   +1.603162e+002
+5.147928e+003	   +1.590300e+002
+5.159528e+003	   +1.596284e+002
+5.171154e+003	   +1.589398e+002
+5.182807e+003	   +1.588334e+002
+5.194485e+003	   +1.580354e+002
+5.206190e+003	   +1.585491e+002
+5.217922e+003	   +1.578248e+002
+5.229680e+003	   +1.573214e+002
+5.241464e+003	   +1.566959e+002
+5.253274e+003	   +1.570766e+002
+5.265112e+003	   +1.569302e+002
+5.276976e+003	   +1.566871e+002
+5.288867e+003	   +1.560348e+002
+5.300785e+003	   +1.553978e+002
+5.312729e+003	   +1.552277e+002
+5.324701e+003	   +1.546461e+002
+5.336699e+003	   +1.543885e+002
+5.348725e+003	   +1.539178e+002
+5.360777e+003	   +1.537220e+002
+5.372857e+003	   +1.530713e+002
+5.384964e+003	   +1.523649e+002
+5.397098e+003	   +1.521205e+002
+5.409260e+003	   +1.521998e+002
+5.421449e+003	   +1.517957e+002
+5.433665e+003	   +1.514642e+002
+5.445909e+003	   +1.512229e+002
+5.458181e+003	   +1.502025e+002
+5.470480e+003	   +1.502278e+002
+5.482807e+003	   +1.493445e+002
+5.495161e+003	   +1.491065e+002
+5.507544e+003	   +1.490287e+002
+5.519954e+003	   +1.486747e+002
+5.532393e+003	   +1.482881e+002
+5.544859e+003	   +1.478333e+002
+5.557354e+003	   +1.474866e+002
+5.569876e+003	   +1.471658e+002
+5.582427e+003	   +1.462854e+002
+5.595006e+003	   +1.462704e+002
+5.607614e+003	   +1.452465e+002
+5.620250e+003	   +1.454250e+002
+5.632914e+003	   +1.446626e+002
+5.645607e+003	   +1.444112e+002
+5.658329e+003	   +1.436660e+002
+5.671079e+003	   +1.435224e+002
+5.683858e+003	   +1.431757e+002
+5.696666e+003	   +1.423469e+002
+5.709502e+003	   +1.420606e+002
+5.722368e+003	   +1.414527e+002
+5.735262e+003	   +1.408178e+002
+5.748186e+003	   +1.406160e+002
+5.761138e+003	   +1.400864e+002
+5.774120e+003	   +1.394840e+002
+5.787131e+003	   +1.393134e+002
+5.800172e+003	   +1.387653e+002
+5.813242e+003	   +1.380045e+002
+5.826341e+003	   +1.375399e+002
+5.839470e+003	   +1.368773e+002
+5.852628e+003	   +1.363295e+002
+5.865816e+003	   +1.356405e+002
+5.879034e+003	   +1.347059e+002
+5.892281e+003	   +1.344126e+002
+5.905559e+003	   +1.334577e+002
+5.918866e+003	   +1.328604e+002
+5.932204e+003	   +1.323277e+002
+5.945571e+003	   +1.317640e+002
+5.958968e+003	   +1.310641e+002
+5.972396e+003	   +1.302544e+002
+5.985854e+003	   +1.295499e+002
+5.999342e+003	   +1.288618e+002
+6.012860e+003	   +1.280641e+002
+6.026410e+003	   +1.272754e+002
+6.039989e+003	   +1.264058e+002
+6.053600e+003	   +1.259692e+002
+6.067240e+003	   +1.248543e+002
+6.080912e+003	   +1.241796e+002
+6.094614e+003	   +1.234027e+002
+6.108348e+003	   +1.226770e+002
+6.122112e+003	   +1.216766e+002
+6.135907e+003	   +1.207760e+002
+6.149733e+003	   +1.201036e+002
+6.163591e+003	   +1.195477e+002
+6.177480e+003	   +1.185325e+002
+6.191400e+003	   +1.174401e+002
+6.205351e+003	   +1.163825e+002
+6.219334e+003	   +1.153762e+002
+6.233349e+003	   +1.138546e+002
+6.247395e+003	   +1.128252e+002
+6.261472e+003	   +1.115711e+002
+6.275581e+003	   +1.104318e+002
+6.289722e+003	   +1.092887e+002
+6.303896e+003	   +1.081155e+002
+6.318100e+003	   +1.069957e+002
+6.332337e+003	   +1.062667e+002
+6.346606e+003	   +1.054268e+002
+6.360907e+003	   +1.049801e+002
+6.375241e+003	   +1.044021e+002
+6.389606e+003	   +1.037373e+002
+6.404004e+003	   +1.028219e+002
+6.418435e+003	   +1.020810e+002
+6.432898e+003	   +1.011723e+002
+6.447393e+003	   +1.001528e+002
+6.461921e+003	   +9.902853e+001
+6.476482e+003	   +9.783712e+001
+6.491076e+003	   +9.682259e+001
+6.505703e+003	   +9.565030e+001
+6.520363e+003	   +9.437189e+001
+6.535055e+003	   +9.307272e+001
+6.549781e+003	   +9.169778e+001
+6.564540e+003	   +9.050807e+001
+6.579332e+003	   +8.934961e+001
+6.594158e+003	   +8.801923e+001
+6.609017e+003	   +8.661947e+001
+6.623909e+003	   +8.512012e+001
+6.638835e+003	   +8.374119e+001
+6.653795e+003	   +8.248238e+001
+6.668788e+003	   +8.105882e+001
+6.683815e+003	   +7.955419e+001
+6.698876e+003	   +7.809443e+001
+6.713971e+003	   +7.667921e+001
+6.729100e+003	   +7.531337e+001
+6.744263e+003	   +7.402602e+001
+6.759460e+003	   +7.268531e+001
+6.774692e+003	   +7.116364e+001
+6.789958e+003	   +6.955843e+001
+6.805258e+003	   +6.841759e+001
+6.820592e+003	   +6.709220e+001
+6.835961e+003	   +6.552116e+001
+6.851365e+003	   +6.417976e+001
+6.866804e+003	   +6.298097e+001
+6.882277e+003	   +6.171036e+001
+6.897785e+003	   +6.045191e+001
+6.913329e+003	   +5.945720e+001
+6.928907e+003	   +5.788889e+001
+6.944520e+003	   +5.705705e+001
+6.960168e+003	   +5.609545e+001
+6.975852e+003	   +5.487590e+001
+6.991571e+003	   +5.378418e+001
+7.007326e+003	   +5.256974e+001
+7.023116e+003	   +5.142598e+001
+7.038941e+003	   +5.062592e+001
+7.054802e+003	   +4.967813e+001
+7.070699e+003	   +4.855005e+001
+7.086632e+003	   +4.775829e+001
+7.102601e+003	   +4.662946e+001
+7.118605e+003	   +4.571975e+001
+7.134646e+003	   +4.492831e+001
+7.150723e+003	   +4.392916e+001
+7.166836e+003	   +4.342020e+001
+7.182985e+003	   +4.251062e+001
+7.199171e+003	   +4.178483e+001
+7.215394e+003	   +4.086420e+001
+7.231652e+003	   +4.008404e+001
+7.247948e+003	   +3.930253e+001
+7.264280e+003	   +3.858473e+001
+7.280649e+003	   +3.804758e+001
+7.297055e+003	   +3.741980e+001
+7.313498e+003	   +3.688898e+001
+7.329978e+003	   +3.633456e+001
+7.346495e+003	   +3.573517e+001
+7.363049e+003	   +3.514017e+001
+7.379640e+003	   +3.469301e+001
+7.396269e+003	   +3.416287e+001
+7.412936e+003	   +3.358219e+001
+7.429640e+003	   +3.317333e+001
+7.446381e+003	   +3.286246e+001
+7.463161e+003	   +3.207385e+001
+7.479978e+003	   +3.174418e+001
+7.496833e+003	   +3.152855e+001
+7.513726e+003	   +3.104804e+001
+7.530657e+003	   +3.049622e+001
+7.547626e+003	   +2.972937e+001
+7.564633e+003	   +2.966554e+001
+7.581679e+003	   +2.936734e+001
+7.598763e+003	   +2.894956e+001
+7.615886e+003	   +2.855890e+001
+7.633047e+003	   +2.830627e+001
+7.650247e+003	   +2.778347e+001
+7.667486e+003	   +2.732150e+001
+7.684763e+003	   +2.700035e+001
+7.702080e+003	   +2.662129e+001
+7.719436e+003	   +2.675161e+001
+7.736830e+003	   +2.624548e+001
+7.754264e+003	   +2.629907e+001
+7.771737e+003	   +2.649098e+001
+7.789249e+003	   +2.602776e+001
+7.806801e+003	   +2.588561e+001
+7.824393e+003	   +2.557430e+001
+7.842024e+003	   +2.566921e+001
+7.859694e+003	   +2.522204e+001
+7.877405e+003	   +2.484051e+001
+7.895156e+003	   +2.492567e+001
+7.912946e+003	   +2.478506e+001
+7.930777e+003	   +2.435905e+001
+7.948648e+003	   +2.400088e+001
+7.966559e+003	   +2.366741e+001
+7.984510e+003	   +2.312077e+001
+8.002502e+003	   +2.284016e+001
+8.020535e+003	   +2.254258e+001
+8.038608e+003	   +2.226591e+001
+8.056722e+003	   +2.247637e+001
+8.074876e+003	   +2.249282e+001
+8.093072e+003	   +2.201550e+001
+8.111308e+003	   +2.221321e+001
+8.129586e+003	   +2.182875e+001
+8.147905e+003	   +2.211410e+001
+8.166265e+003	   +2.165662e+001
+8.184667e+003	   +2.180158e+001
+8.203109e+003	   +2.197547e+001
+8.221594e+003	   +2.201812e+001
+8.240120e+003	   +2.128329e+001
+8.258688e+003	   +2.104564e+001
+8.277298e+003	   +2.147884e+001
+8.295949e+003	   +2.086151e+001
+8.314643e+003	   +2.111735e+001
+8.333379e+003	   +2.090309e+001
+8.352156e+003	   +2.078893e+001
+8.370977e+003	   +2.133524e+001
+8.389840e+003	   +2.097698e+001
+8.408745e+003	   +2.129504e+001
+8.427692e+003	   +2.194049e+001
+8.446684e+003	   +2.195391e+001
+8.465717e+003	   +2.237214e+001
+8.484793e+003	   +2.201781e+001
+8.503912e+003	   +2.338396e+001
+8.523074e+003	   +2.373289e+001
+8.542280e+003	   +2.422034e+001
+8.561528e+003	   +2.489894e+001
+8.580821e+003	   +2.568897e+001
+8.600156e+003	   +2.648304e+001
+8.619536e+003	   +2.695460e+001
+8.638959e+003	   +2.728903e+001
+8.658425e+003	   +2.803478e+001
+8.677936e+003	   +2.878617e+001
+8.697490e+003	   +2.920015e+001
+8.717089e+003	   +3.016170e+001
+8.736731e+003	   +3.016726e+001
+8.756418e+003	   +3.088799e+001
+8.776149e+003	   +3.125337e+001
+8.795925e+003	   +3.149593e+001
+8.815745e+003	   +3.193322e+001
+8.835610e+003	   +3.231171e+001
+8.855521e+003	   +3.301402e+001
+8.875475e+003	   +3.239184e+001
+8.895475e+003	   +3.320824e+001
+8.915519e+003	   +3.330769e+001
+8.935608e+003	   +3.363445e+001
+8.955744e+003	   +3.348329e+001
+8.975924e+003	   +3.373833e+001
+8.996150e+003	   +3.418662e+001
+9.016422e+003	   +3.387011e+001
+9.036739e+003	   +3.409798e+001
+9.057102e+003	   +3.323706e+001
+9.077511e+003	   +3.362961e+001
+9.097966e+003	   +3.328088e+001
+9.118467e+003	   +3.294537e+001
+9.139014e+003	   +3.247672e+001
+9.159606e+003	   +3.186522e+001
+9.180247e+003	   +3.139417e+001
+9.200933e+003	   +3.115902e+001
+9.221666e+003	   +3.010850e+001
+9.242445e+003	   +2.901940e+001
+9.263272e+003	   +2.817122e+001
+9.284146e+003	   +2.751346e+001
+9.305065e+003	   +2.687410e+001
+9.326033e+003	   +2.591768e+001
+9.347048e+003	   +2.498487e+001
+9.368110e+003	   +2.378147e+001
+9.389220e+003	   +2.290716e+001
+9.410377e+003	   +2.203265e+001
+9.431582e+003	   +2.115878e+001
+9.452835e+003	   +2.056627e+001
+9.474136e+003	   +1.967882e+001
+9.495484e+003	   +1.916146e+001
+9.516881e+003	   +1.843044e+001
+9.538325e+003	   +1.780991e+001
+9.559818e+003	   +1.726017e+001
+9.581360e+003	   +1.611237e+001
+9.602950e+003	   +1.591845e+001
+9.624590e+003	   +1.541890e+001
+9.646277e+003	   +1.495649e+001
+9.668014e+003	   +1.489769e+001
+9.689799e+003	   +1.422168e+001
+9.711634e+003	   +1.413869e+001
+9.733517e+003	   +1.390972e+001
+9.755450e+003	   +1.397971e+001
+9.777433e+003	   +1.353184e+001
+9.799465e+003	   +1.349912e+001
+9.821546e+003	   +1.314882e+001
+9.843678e+003	   +1.286506e+001
+9.865858e+003	   +1.262580e+001
+9.888090e+003	   +1.247093e+001
+9.910371e+003	   +1.227731e+001
+9.932703e+003	   +1.192496e+001
+9.955085e+003	   +1.169204e+001
+9.977518e+003	   +1.170407e+001
+1.000000e+004	   +1.141860e+001
+1.002253e+004	   +1.124149e+001
+1.004512e+004	   +1.084429e+001
+1.006775e+004	   +1.075273e+001
+1.009044e+004	   +1.095504e+001
+1.011318e+004	   +1.043035e+001
+1.013596e+004	   +1.056594e+001
+1.015880e+004	   +1.032495e+001
+1.018170e+004	   +1.001491e+001
+1.020464e+004	   +1.014717e+001
+1.022763e+004	   +1.031817e+001
+1.025068e+004	   +1.027817e+001
+1.027378e+004	   +1.029218e+001
+1.029693e+004	   +1.021985e+001
+1.032013e+004	   +1.034800e+001
+1.034339e+004	   +1.025731e+001
+1.036669e+004	   +1.017926e+001
+1.039005e+004	   +1.004604e+001
+1.041347e+004	   +1.047049e+001
+1.043693e+004	   +1.011505e+001
+1.046045e+004	   +1.075668e+001
+1.048402e+004	   +1.034417e+001
+1.050764e+004	   +1.048173e+001
+1.053132e+004	   +1.052958e+001
+1.055505e+004	   +1.078992e+001
+1.057884e+004	   +1.114347e+001
+1.060267e+004	   +1.150788e+001
+1.062657e+004	   +1.133005e+001
+1.065051e+004	   +1.282145e+001
+1.067451e+004	   +1.279654e+001
+1.069856e+004	   +1.438336e+001
+1.072267e+004	   +1.386701e+001
+1.074683e+004	   +1.482236e+001
+1.077105e+004	   +1.548148e+001
+1.079532e+004	   +1.575572e+001
+1.081965e+004	   +1.719007e+001
+1.084403e+004	   +1.710903e+001
+1.086846e+004	   +1.798390e+001
+1.089295e+004	   +1.847144e+001
+1.091750e+004	   +1.946908e+001
+1.094210e+004	   +2.040481e+001
+1.096676e+004	   +2.112875e+001
+1.099147e+004	   +2.335480e+001
+1.101624e+004	   +2.397230e+001
+1.104106e+004	   +2.439486e+001
+1.106594e+004	   +2.557363e+001
+1.109087e+004	   +2.730838e+001
+1.111587e+004	   +2.888457e+001
+1.114091e+004	   +3.282934e+001
+1.116602e+004	   +3.530980e+001
+1.119118e+004	   +3.868736e+001
+1.121640e+004	   +4.464139e+001
+1.124167e+004	   +4.934219e+001
+1.126700e+004	   +5.615639e+001
+1.129239e+004	   +6.241275e+001
+1.131784e+004	   +6.764286e+001
+1.134334e+004	   +7.405222e+001
+1.136890e+004	   +7.964994e+001
+1.139452e+004	   +8.496129e+001
+1.142019e+004	   +8.954419e+001
+1.144593e+004	   +9.219193e+001
+1.147172e+004	   +9.611327e+001
+1.149757e+004	   +1.004173e+002
+1.152348e+004	   +1.028621e+002
+1.154944e+004	   +1.054814e+002
+1.157547e+004	   +1.068516e+002
+1.160155e+004	   +1.084804e+002
+1.162770e+004	   +1.095787e+002
+1.165390e+004	   +1.109909e+002
+1.168016e+004	   +1.115977e+002
+1.170648e+004	   +1.126820e+002
+1.173286e+004	   +1.133218e+002
+1.175929e+004	   +1.135138e+002
+1.178579e+004	   +1.135811e+002
+1.181235e+004	   +1.136495e+002
+1.183897e+004	   +1.135473e+002
+1.186564e+004	   +1.130491e+002
+1.189238e+004	   +1.126296e+002
+1.191918e+004	   +1.116006e+002
+1.194604e+004	   +1.106407e+002
+1.197296e+004	   +1.092149e+002
+1.199993e+004	   +1.071628e+002
+1.202697e+004	   +1.049358e+002
+1.205408e+004	   +1.019505e+002
+1.208124e+004	   +9.934098e+001
+1.210846e+004	   +9.641185e+001
+1.213575e+004	   +9.237338e+001
+1.216309e+004	   +8.817617e+001
+1.219050e+004	   +8.366879e+001
+1.221797e+004	   +7.876585e+001
+1.224550e+004	   +7.291231e+001
+1.227309e+004	   +6.631290e+001
+1.230075e+004	   +5.904634e+001
+1.232847e+004	   +5.166298e+001
+1.235625e+004	   +4.408640e+001
+1.238409e+004	   +3.738318e+001
+1.241200e+004	   +3.131327e+001
+1.243996e+004	   +2.652025e+001
+1.246800e+004	   +2.210861e+001
+1.249609e+004	   +1.905394e+001
+1.252425e+004	   +1.634182e+001
+1.255247e+004	   +1.389166e+001
+1.258076e+004	   +1.130903e+001
+1.260911e+004	   +9.517578e+000
+1.263752e+004	   +8.136720e+000
+1.266599e+004	   +7.446150e+000
+1.269454e+004	   +7.229064e+000
+1.272314e+004	   +7.515829e+000
+1.275181e+004	   +8.368065e+000
+1.278054e+004	   +9.246080e+000
+1.280934e+004	   +9.558454e+000
+1.283821e+004	   +8.507312e+000
+1.286714e+004	   +7.036090e+000
+1.289613e+004	   +5.348855e+000
+1.292519e+004	   +3.569607e+000
+1.295432e+004	   +2.525043e+000
+1.298351e+004	   +1.233844e+000
+1.301276e+004	   +4.281055e-001
+1.304208e+004	   -2.115401e-001
+1.307147e+004	   -1.046726e+000
+1.310093e+004	   -1.605998e+000
+1.313045e+004	   -1.994949e+000
+1.316004e+004	   -2.128424e+000
+1.318969e+004	   -2.479063e+000
+1.321941e+004	   -2.675812e+000
+1.324920e+004	   -2.832181e+000
+1.327905e+004	   -3.329577e+000
+1.330898e+004	   -3.233658e+000
+1.333897e+004	   -3.355266e+000
+1.336902e+004	   -3.492707e+000
+1.339915e+004	   -3.840634e+000
+1.342934e+004	   -4.312140e+000
+1.345960e+004	   -4.592829e+000
+1.348993e+004	   -5.287716e+000
+1.352033e+004	   -5.950780e+000
+1.355080e+004	   -6.496721e+000
+1.358133e+004	   -7.247732e+000
+1.361193e+004	   -7.546164e+000
+1.364261e+004	   -7.762831e+000
+1.367335e+004	   -7.892270e+000
+1.370416e+004	   -7.975756e+000
+1.373504e+004	   -8.024672e+000
+1.376599e+004	   -7.945153e+000
+1.379701e+004	   -7.545436e+000
+1.382810e+004	   -7.157284e+000
+1.385926e+004	   -6.891025e+000
+1.389049e+004	   -6.817377e+000
+1.392179e+004	   -6.925147e+000
+1.395316e+004	   -7.580203e+000
+1.398460e+004	   -8.248527e+000
+1.401611e+004	   -9.235686e+000
+1.404770e+004	   -9.730401e+000
+1.407935e+004	   -1.013603e+001
+1.411108e+004	   -1.027374e+001
+1.414287e+004	   -1.078392e+001
+1.417474e+004	   -1.093646e+001
+1.420668e+004	   -1.119190e+001
+1.423870e+004	   -1.141608e+001
+1.427078e+004	   -1.191130e+001
+1.430294e+004	   -1.177206e+001
+1.433517e+004	   -1.196787e+001
+1.436747e+004	   -1.175689e+001
+1.439984e+004	   -1.205571e+001
+1.443229e+004	   -1.190899e+001
+1.446481e+004	   -1.162085e+001
+1.449741e+004	   -1.142399e+001
+1.453007e+004	   -1.074976e+001
+1.456282e+004	   -1.008639e+001
+1.459563e+004	   -9.975545e+000
+1.462852e+004	   -1.064903e+001
+1.466148e+004	   -1.099008e+001
+1.469452e+004	   -1.188818e+001
+1.472763e+004	   -1.243007e+001
+1.476082e+004	   -1.259198e+001
+1.479408e+004	   -1.232051e+001
+1.482742e+004	   -1.236373e+001
+1.486083e+004	   -1.277021e+001
+1.489431e+004	   -1.279127e+001
+1.492788e+004	   -1.281683e+001
+1.496151e+004	   -1.314803e+001
+1.499523e+004	   -1.299695e+001
+1.502902e+004	   -1.322126e+001
+1.506288e+004	   -1.334058e+001
+1.509683e+004	   -1.348345e+001
+1.513084e+004	   -1.367344e+001
+1.516494e+004	   -1.372586e+001
+1.519911e+004	   -1.387840e+001
+1.523336e+004	   -1.385610e+001
+1.526769e+004	   -1.414632e+001
+1.530209e+004	   -1.445259e+001
+1.533657e+004	   -1.399881e+001
+1.537113e+004	   -1.426458e+001
+1.540577e+004	   -1.414238e+001
+1.544048e+004	   -1.391925e+001
+1.547527e+004	   -1.425363e+001
+1.551014e+004	   -1.383818e+001
+1.554509e+004	   -1.474816e+001
+1.558012e+004	   -1.421036e+001
+1.561523e+004	   -1.375881e+001
+1.565042e+004	   -1.332148e+001
+1.568568e+004	   -1.302664e+001
+1.572103e+004	   -1.176698e+001
+1.575645e+004	   -1.099189e+001
+1.579196e+004	   -9.253802e+000
+1.582754e+004	   -7.232117e+000
+1.586321e+004	   -6.936045e+000
+1.589895e+004	   -6.506915e+000
+1.593478e+004	   -6.358880e+000
+1.597069e+004	   -7.798572e+000
+1.600667e+004	   -8.301808e+000
+1.604274e+004	   -9.534804e+000
+1.607889e+004	   -9.898545e+000
+1.611512e+004	   -1.044527e+001
+1.615144e+004	   -1.054483e+001
+1.618783e+004	   -1.050594e+001
+1.622431e+004	   -1.040444e+001
+1.626087e+004	   -1.052046e+001
+1.629751e+004	   -1.073147e+001
+1.633423e+004	   -9.799805e+000
+1.637104e+004	   -9.914915e+000
+1.640793e+004	   -9.762316e+000
+1.644490e+004	   -1.010234e+001
+1.648196e+004	   -1.113225e+001
+1.651910e+004	   -1.247535e+001
+1.655632e+004	   -1.302841e+001
+1.659363e+004	   -1.476022e+001
+1.663102e+004	   -1.484617e+001
+1.666849e+004	   -1.572798e+001
+1.670605e+004	   -1.607442e+001
+1.674370e+004	   -1.613078e+001
+1.678143e+004	   -1.623016e+001
+1.681924e+004	   -1.636241e+001
+1.685714e+004	   -1.578098e+001
+1.689513e+004	   -1.636224e+001
+1.693320e+004	   -1.529331e+001
+1.697136e+004	   -1.515834e+001
+1.700960e+004	   -1.548934e+001
+1.704793e+004	   -1.654741e+001
+1.708634e+004	   -1.725802e+001
+1.712484e+004	   -1.769179e+001
+1.716343e+004	   -1.778256e+001
+1.720211e+004	   -1.796059e+001
+1.724087e+004	   -1.841154e+001
+1.727972e+004	   -1.824018e+001
+1.731866e+004	   -1.796738e+001
+1.735768e+004	   -1.782628e+001
+1.739679e+004	   -1.815913e+001
+1.743599e+004	   -1.829762e+001
+1.747528e+004	   -1.879140e+001
+1.751466e+004	   -1.959315e+001
+1.755413e+004	   -1.937748e+001
+1.759368e+004	   -1.975476e+001
+1.763333e+004	   -2.019539e+001
+1.767306e+004	   -1.949882e+001
+1.771289e+004	   -1.856547e+001
+1.775280e+004	   -1.845768e+001
+1.779280e+004	   -1.931160e+001
+1.783290e+004	   -1.982835e+001
+1.787308e+004	   -2.012271e+001
+1.791336e+004	   -2.037356e+001
+1.795372e+004	   -2.027312e+001
+1.799418e+004	   -2.056251e+001
+1.803472e+004	   -2.091527e+001
+1.807536e+004	   -2.072090e+001
+1.811609e+004	   -2.094597e+001
+1.815691e+004	   -2.127069e+001
+1.819783e+004	   -2.080601e+001
+1.823883e+004	   -2.140932e+001
+1.827993e+004	   -2.178471e+001
+1.832112e+004	   -2.168268e+001
+1.836241e+004	   -2.105377e+001
+1.840379e+004	   -2.073663e+001
+1.844525e+004	   -2.072247e+001
+1.848682e+004	   -2.054290e+001
+1.852847e+004	   -2.075262e+001
+1.857023e+004	   -2.102293e+001
+1.861207e+004	   -2.072253e+001
+1.865401e+004	   -2.154461e+001
+1.869604e+004	   -2.164162e+001
+1.873817e+004	   -2.138008e+001
+1.878040e+004	   -2.098678e+001
+1.882272e+004	   -2.069248e+001
+1.886513e+004	   -2.087438e+001
+1.890764e+004	   -1.970120e+001
+1.895025e+004	   -1.811035e+001
+1.899295e+004	   -1.658362e+001
+1.903575e+004	   -1.496897e+001
+1.907864e+004	   -1.472645e+001
+1.912163e+004	   -1.565098e+001
+1.916472e+004	   -1.706401e+001
+1.920790e+004	   -1.756238e+001
+1.925119e+004	   -1.774649e+001
+1.929456e+004	   -1.751762e+001
+1.933804e+004	   -1.655810e+001
+1.938162e+004	   -1.557910e+001
+1.942529e+004	   -1.408031e+001
+1.946906e+004	   -1.286014e+001
+1.951293e+004	   -1.144323e+001
+1.955690e+004	   -9.952053e+000
+1.960097e+004	   -1.021605e+001
+1.964514e+004	   -1.136808e+001
+1.968941e+004	   -1.323275e+001
+1.973378e+004	   -1.583372e+001
+1.977824e+004	   -1.664770e+001
+1.982281e+004	   -1.810974e+001
+1.986748e+004	   -1.943716e+001
+1.991225e+004	   -2.052670e+001
+1.995712e+004	   -2.020489e+001
+2.000209e+004	   -2.117498e+001
+2.004716e+004	   -2.095250e+001
+2.009233e+004	   -2.088389e+001
+2.013761e+004	   -2.169408e+001
+2.018298e+004	   -2.185514e+001
+2.022846e+004	   -2.360478e+001
+2.027404e+004	   -2.478189e+001
+2.031973e+004	   -2.658618e+001
+2.036552e+004	   -2.861393e+001
+2.041141e+004	   -3.053461e+001
+2.045740e+004	   -3.267593e+001
+2.050350e+004	   -3.423193e+001
+2.054970e+004	   -3.497649e+001
+2.059601e+004	   -3.440031e+001
+2.064242e+004	   -3.479568e+001
+2.068893e+004	   -3.626964e+001
+2.073555e+004	   -3.440894e+001
+2.078227e+004	   -3.365386e+001
+2.082910e+004	   -3.218000e+001
+2.087604e+004	   -3.132930e+001
+2.092308e+004	   -2.945002e+001
+2.097023e+004	   -2.915191e+001
+2.101748e+004	   -2.887614e+001
+2.106484e+004	   -2.788353e+001
+2.111231e+004	   -2.842766e+001
+2.115988e+004	   -2.798498e+001
+2.120756e+004	   -2.762281e+001
+2.125535e+004	   -2.748935e+001
+2.130324e+004	   -2.780803e+001
+2.135125e+004	   -2.747615e+001
+2.139936e+004	   -2.770222e+001
+2.144758e+004	   -2.787461e+001
+2.149591e+004	   -2.765985e+001
+2.154435e+004	   -2.863628e+001
+2.159289e+004	   -2.800106e+001
+2.164155e+004	   -2.844011e+001
+2.169032e+004	   -2.824580e+001
+2.173919e+004	   -2.819009e+001
+2.178818e+004	   -2.842128e+001
+2.183728e+004	   -2.907622e+001
+2.188648e+004	   -2.873320e+001
+2.193580e+004	   -2.881998e+001
+2.198523e+004	   -2.875300e+001
+2.203477e+004	   -2.757089e+001
+2.208442e+004	   -2.812898e+001
+2.213419e+004	   -2.776537e+001
+2.218406e+004	   -2.799581e+001
+2.223405e+004	   -2.877615e+001
+2.228415e+004	   -2.954868e+001
+2.233437e+004	   -2.970983e+001
+2.238469e+004	   -3.060392e+001
+2.243513e+004	   -3.048132e+001
+2.248569e+004	   -3.050603e+001
+2.253636e+004	   -3.070213e+001
+2.258714e+004	   -3.125094e+001
+2.263803e+004	   -3.073089e+001
+2.268904e+004	   -3.115170e+001
+2.274017e+004	   -3.123303e+001
+2.279141e+004	   -3.186074e+001
+2.284277e+004	   -3.171617e+001
+2.289424e+004	   -3.130286e+001
+2.294583e+004	   -3.193396e+001
+2.299754e+004	   -3.220195e+001
+2.304936e+004	   -3.123310e+001
+2.310130e+004	   -3.101043e+001
+2.315335e+004	   -3.067957e+001
+2.320553e+004	   -3.065041e+001
+2.325781e+004	   -3.053035e+001
+2.331022e+004	   -3.032064e+001
+2.336275e+004	   -3.160247e+001
+2.341539e+004	   -3.111659e+001
+2.346816e+004	   -3.121570e+001
+2.352104e+004	   -3.135398e+001
+2.357404e+004	   -3.106239e+001
+2.362716e+004	   -3.188503e+001
+2.368040e+004	   -3.170108e+001
+2.373376e+004	   -3.207335e+001
+2.378724e+004	   -3.148487e+001
+2.384084e+004	   -3.119962e+001
+2.389456e+004	   -3.167607e+001
+2.394841e+004	   -3.228403e+001
+2.400237e+004	   -3.230409e+001
+2.405646e+004	   -3.304434e+001
+2.411066e+004	   -3.240406e+001
+2.416499e+004	   -3.287632e+001
+2.421945e+004	   -3.214785e+001
+2.427402e+004	   -3.247757e+001
+2.432872e+004	   -3.197498e+001
+2.438354e+004	   -3.342271e+001
+2.443849e+004	   -3.304544e+001
+2.449355e+004	   -3.345058e+001
+2.454875e+004	   -3.320549e+001
+2.460406e+004	   -3.362198e+001
+2.465951e+004	   -3.331031e+001
+2.471507e+004	   -3.410676e+001
+2.477076e+004	   -3.448250e+001
+2.482658e+004	   -3.455233e+001
+2.488252e+004	   -3.426915e+001
+2.493859e+004	   -3.510665e+001
+2.499479e+004	   -3.438964e+001
+2.505111e+004	   -3.415037e+001
+2.510756e+004	   -3.454419e+001
+2.516413e+004	   -3.529569e+001
+2.522084e+004	   -3.484060e+001
+2.527767e+004	   -3.444516e+001
+2.533463e+004	   -3.555914e+001
+2.539172e+004	   -3.615983e+001
+2.544893e+004	   -3.394698e+001
+2.550628e+004	   -3.520698e+001
+2.556375e+004	   -3.571624e+001
+2.562136e+004	   -3.550782e+001
+2.567909e+004	   -3.551468e+001
+2.573696e+004	   -3.519264e+001
+2.579495e+004	   -3.461910e+001
+2.585308e+004	   -3.598528e+001
+2.591133e+004	   -3.542653e+001
+2.596972e+004	   -3.615425e+001
+2.602824e+004	   -3.553529e+001
+2.608689e+004	   -3.674570e+001
+2.614567e+004	   -3.670945e+001
+2.620459e+004	   -3.685051e+001
+2.626363e+004	   -3.750963e+001
+2.632282e+004	   -3.714204e+001
+2.638213e+004	   -3.717385e+001
+2.644158e+004	   -3.650063e+001
+2.650116e+004	   -3.609621e+001
+2.656088e+004	   -3.730742e+001
+2.662073e+004	   -3.637413e+001
+2.668071e+004	   -3.727715e+001
+2.674084e+004	   -3.747592e+001
+2.680109e+004	   -3.689217e+001
+2.686148e+004	   -3.752311e+001
+2.692201e+004	   -3.686368e+001
+2.698268e+004	   -3.786893e+001
+2.704348e+004	   -3.821053e+001
+2.710442e+004	   -3.800339e+001
+2.716549e+004	   -3.794952e+001
+2.722671e+004	   -3.784465e+001
+2.728806e+004	   -3.921738e+001
+2.734955e+004	   -3.909050e+001
+2.741118e+004	   -3.873281e+001
+2.747294e+004	   -3.848112e+001
+2.753485e+004	   -3.889389e+001
+2.759689e+004	   -3.867649e+001
+2.765908e+004	   -3.954919e+001
+2.772141e+004	   -3.950549e+001
+2.778387e+004	   -4.003442e+001
+2.784648e+004	   -4.141941e+001
+2.790923e+004	   -3.994185e+001
+2.797212e+004	   -4.117157e+001
+2.803515e+004	   -4.174261e+001
+2.809832e+004	   -4.098719e+001
+2.816163e+004	   -4.170502e+001
+2.822509e+004	   -4.114731e+001
+2.828870e+004	   -4.195975e+001
+2.835244e+004	   -4.257741e+001
+2.841633e+004	   -4.329535e+001
+2.848036e+004	   -4.270346e+001
+2.854454e+004	   -4.285983e+001
+2.860886e+004	   -4.378948e+001
+2.867332e+004	   -4.227540e+001
+2.873793e+004	   -4.371938e+001
+2.880269e+004	   -4.272370e+001
+2.886759e+004	   -4.223519e+001
+2.893264e+004	   -4.336421e+001
+2.899784e+004	   -4.397144e+001
+2.906318e+004	   -4.436350e+001
+2.912867e+004	   -4.342564e+001
+2.919430e+004	   -4.312432e+001
+2.926009e+004	   -4.381496e+001
+2.932602e+004	   -4.221447e+001
+2.939211e+004	   -4.483097e+001
+2.945834e+004	   -4.202198e+001
+2.952472e+004	   -4.384532e+001
+2.959125e+004	   -4.307964e+001
+2.965793e+004	   -4.298178e+001
+2.972475e+004	   -4.419409e+001
+2.979173e+004	   -4.332102e+001
+2.985887e+004	   -4.380338e+001
+2.992615e+004	   -4.454777e+001
+2.999358e+004	   -4.415028e+001
+3.006117e+004	   -4.310571e+001
+3.012891e+004	   -4.369650e+001
+3.019680e+004	   -4.332270e+001
+3.026484e+004	   -4.363015e+001
+3.033304e+004	   -4.358903e+001
+3.040139e+004	   -4.381763e+001
+3.046990e+004	   -4.324220e+001
+3.053855e+004	   -4.346795e+001
+3.060737e+004	   -4.467337e+001
+3.067634e+004	   -4.364686e+001
+3.074546e+004	   -4.360810e+001
+3.081474e+004	   -4.405606e+001
+3.088418e+004	   -4.295221e+001
+3.095377e+004	   -4.306404e+001
+3.102352e+004	   -4.258477e+001
+3.109343e+004	   -4.169120e+001
+3.116349e+004	   -4.173918e+001
+3.123372e+004	   -4.168678e+001
+3.130410e+004	   -4.087257e+001
+3.137463e+004	   -4.156229e+001
+3.144533e+004	   -4.199459e+001
+3.151619e+004	   -4.265303e+001
+3.158721e+004	   -4.309890e+001
+3.165838e+004	   -4.343786e+001
+3.172972e+004	   -4.334050e+001
+3.180122e+004	   -4.445850e+001
+3.187288e+004	   -4.431006e+001
+3.194470e+004	   -4.492792e+001
+3.201668e+004	   -4.543251e+001
+3.208883e+004	   -4.653426e+001
+3.216114e+004	   -4.807230e+001
+3.223361e+004	   -5.108846e+001
+3.230624e+004	   -5.591589e+001
+3.237904e+004	   -5.632026e+001
+3.245200e+004	   -5.601009e+001
+3.252513e+004	   -5.577785e+001
+3.259841e+004	   -5.622144e+001
+3.267187e+004	   -5.532931e+001
+3.274549e+004	   -5.595153e+001
+3.281928e+004	   -5.667559e+001
+3.289323e+004	   -5.898529e+001
+3.296735e+004	   -6.057862e+001
+3.304164e+004	   -6.029553e+001
+3.311609e+004	   -5.762066e+001
+3.319071e+004	   -5.629666e+001
+3.326551e+004	   -5.543906e+001
+3.334046e+004	   -5.485313e+001
+3.341559e+004	   -5.392899e+001
+3.349089e+004	   -5.365450e+001
+3.356636e+004	   -5.403397e+001
+3.364199e+004	   -5.573504e+001
+3.371780e+004	   -5.510025e+001
+3.379378e+004	   -5.496626e+001
+3.386993e+004	   -5.758430e+001
+3.394625e+004	   -5.545637e+001
+3.402274e+004	   -5.534132e+001
+3.409941e+004	   -5.510925e+001
+3.417625e+004	   -5.541330e+001
+3.425325e+004	   -5.283429e+001
+3.433044e+004	   -5.453351e+001
+3.440780e+004	   -5.450073e+001
+3.448533e+004	   -5.314088e+001
+3.456304e+004	   -5.451220e+001
+3.464092e+004	   -5.379922e+001
+3.471898e+004	   -5.322888e+001
+3.479721e+004	   -5.400298e+001
+3.487563e+004	   -5.391905e+001
+3.495421e+004	   -5.362162e+001
+3.503298e+004	   -5.415591e+001
+3.511192e+004	   -5.254857e+001
+3.519104e+004	   -5.364822e+001
+3.527034e+004	   -5.420929e+001
+3.534981e+004	   -5.423421e+001
+3.542946e+004	   -5.252212e+001
+3.550930e+004	   -5.535734e+001
+3.558932e+004	   -5.466344e+001
+3.566951e+004	   -5.396072e+001
+3.574989e+004	   -5.531936e+001
+3.583045e+004	   -5.404214e+001
+3.591118e+004	   -5.440644e+001
+3.599211e+004	   -5.460397e+001
+3.607321e+004	   -5.517444e+001
+3.615449e+004	   -5.345354e+001
+3.623596e+004	   -5.405532e+001
+3.631761e+004	   -5.604364e+001
+3.639945e+004	   -5.607647e+001
+3.648147e+004	   -5.702489e+001
+3.656368e+004	   -5.810015e+001
+3.664607e+004	   -5.883184e+001
+3.672864e+004	   -5.966324e+001
+3.681141e+004	   -5.973632e+001
+3.689436e+004	   -6.312020e+001
+3.697749e+004	   -5.987025e+001
+3.706081e+004	   -5.829712e+001
+3.714432e+004	   -5.867375e+001
+3.722802e+004	   -5.737423e+001
+3.731191e+004	   -5.508677e+001
+3.739599e+004	   -5.503717e+001
+3.748025e+004	   -5.702132e+001
+3.756471e+004	   -5.682534e+001
+3.764936e+004	   -5.805064e+001
+3.773420e+004	   -5.655800e+001
+3.781922e+004	   -5.741806e+001
+3.790445e+004	   -5.783131e+001
+3.798986e+004	   -5.710155e+001
+3.807546e+004	   -5.586942e+001
+3.816126e+004	   -5.683044e+001
+3.824725e+004	   -5.863206e+001
+3.833343e+004	   -6.004840e+001
+3.841981e+004	   -6.497249e+001
+3.850639e+004	   -6.650204e+001
+3.859315e+004	   -6.742830e+001
+3.868012e+004	   -6.807652e+001
+3.876728e+004	   -6.592565e+001
+3.885463e+004	   -6.403015e+001
+3.894219e+004	   -6.298249e+001
+3.902994e+004	   -6.132204e+001
+3.911789e+004	   -6.070416e+001
+3.920603e+004	   -6.224963e+001
+3.929438e+004	   -6.108998e+001
+3.938292e+004	   -6.284993e+001
+3.947166e+004	   -6.270231e+001
+3.956061e+004	   -6.321905e+001
+3.964975e+004	   -6.310188e+001
+3.973910e+004	   -6.435604e+001
+3.982864e+004	   -6.508755e+001
+3.991839e+004	   -6.466176e+001
+4.000834e+004	   -6.420204e+001
+4.009849e+004	   -6.513358e+001
+4.018885e+004	   -6.416476e+001
+4.027941e+004	   -6.496222e+001
+4.037017e+004	   -6.475155e+001
+4.046114e+004	   -6.575069e+001
+4.055231e+004	   -6.456924e+001
+4.064369e+004	   -6.429863e+001
+4.073528e+004	   -6.619438e+001
+4.082707e+004	   -6.598917e+001
+4.091907e+004	   -6.691212e+001
+4.101127e+004	   -6.656225e+001
+4.110368e+004	   -6.631651e+001
+4.119630e+004	   -6.623215e+001
+4.128913e+004	   -6.774768e+001
+4.138217e+004	   -6.659482e+001
+4.147542e+004	   -6.503528e+001
+4.156888e+004	   -6.828876e+001
+4.166255e+004	   -6.794138e+001
+4.175643e+004	   -6.926165e+001
+4.185052e+004	   -6.846276e+001
+4.194482e+004	   -6.930040e+001
+4.203934e+004	   -7.013988e+001
+4.213407e+004	   -6.931439e+001
+4.222902e+004	   -7.151207e+001
+4.232417e+004	   -6.920390e+001
+4.241954e+004	   -7.112981e+001
+4.251513e+004	   -7.362576e+001
+4.261093e+004	   -7.246473e+001
+4.270695e+004	   -7.336860e+001
+4.280318e+004	   -7.313020e+001
+4.289963e+004	   -7.223729e+001
+4.299630e+004	   -7.097921e+001
+4.309319e+004	   -6.959978e+001
+4.319029e+004	   -7.043817e+001
+4.328761e+004	   -6.988641e+001
+4.338516e+004	   -6.695905e+001
+4.348292e+004	   -6.846238e+001
+4.358090e+004	   -7.069513e+001
+4.367910e+004	   -6.960284e+001
+4.377753e+004	   -6.901353e+001
+4.387617e+004	   -7.026491e+001
+4.397504e+004	   -7.110326e+001
+4.407413e+004	   -7.002492e+001
+4.417345e+004	   -7.215305e+001
+4.427298e+004	   -7.238913e+001
+4.437275e+004	   -7.170214e+001
+4.447273e+004	   -7.249362e+001
+4.457295e+004	   -7.306183e+001
+4.467339e+004	   -7.489288e+001
+4.477405e+004	   -7.432348e+001
+4.487494e+004	   -7.329617e+001
+4.497606e+004	   -7.192482e+001
+4.507741e+004	   -7.536928e+001
+4.517898e+004	   -7.305495e+001
+4.528079e+004	   -7.297488e+001
+4.538282e+004	   -7.269770e+001
+4.548509e+004	   -7.267619e+001
+4.558758e+004	   -6.862901e+001
+4.569030e+004	   -7.055723e+001
+4.579326e+004	   -7.082552e+001
+4.589645e+004	   -7.391815e+001
+4.599987e+004	   -7.611350e+001
+4.610352e+004	   -7.646297e+001
+4.620741e+004	   -7.615764e+001
+4.631153e+004	   -7.651880e+001
+4.641589e+004	   -7.623022e+001
+4.652048e+004	   -7.720105e+001
+4.662530e+004	   -8.049246e+001
+4.673037e+004	   -7.669303e+001
+4.683567e+004	   -7.650896e+001
+4.694121e+004	   -7.642641e+001
+4.704698e+004	   -7.856129e+001
+4.715300e+004	   -7.470172e+001
+4.725925e+004	   -7.771221e+001
+4.736574e+004	   -7.991402e+001
+4.747247e+004	   -8.021619e+001
+4.757944e+004	   -7.929949e+001
+4.768666e+004	   -8.059605e+001
+4.779411e+004	   -7.960113e+001
+4.790181e+004	   -8.157448e+001
+4.800975e+004	   -7.861633e+001
+4.811793e+004	   -7.962426e+001
+4.822636e+004	   -8.406271e+001
+4.833503e+004	   -8.296288e+001
+4.844395e+004	   -8.484866e+001
+4.855311e+004	   -8.438071e+001
+4.866251e+004	   -8.467694e+001
+4.877216e+004	   -8.523647e+001
+4.888207e+004	   -8.439481e+001
+4.899221e+004	   -8.239580e+001
+4.910261e+004	   -8.540050e+001
+4.921326e+004	   -8.610896e+001
+4.932415e+004	   -8.941455e+001
+4.943530e+004	   -8.478750e+001
+4.954669e+004	   -8.576801e+001
+4.965834e+004	   -8.762045e+001
+4.977023e+004	   -9.329717e+001
+4.988239e+004	   -9.064187e+001
+4.999479e+004	   -9.245902e+001
+5.010745e+004	   -1.005407e+002
+5.022035e+004	   -9.575508e+001
+5.033352e+004	   -9.684296e+001
+5.044694e+004	   -9.488810e+001
+5.056061e+004	   -1.090375e+002
+5.067454e+004	   -1.106191e+002
+5.078873e+004	   -1.255072e+002
+5.090318e+004	   -1.242905e+002
+5.101788e+004	   -1.374233e+002
+5.113284e+004	   -1.653253e+002
+5.124806e+004	   +1.466398e+002
+5.136354e+004	   +1.022298e+002
+5.147928e+004	   +7.318967e+001
+5.159528e+004	   +2.870921e+001
+5.171154e+004	   +5.354005e+000
+5.182807e+004	   -2.132821e+000
+5.194485e+004	   -1.197736e+000
+5.206190e+004	   +5.869269e+001
+5.217922e+004	   +5.475981e+001
+5.229679e+004	   +6.490240e+001
+5.241464e+004	   +4.020194e+001
+5.253275e+004	   -1.053385e+001
+5.265112e+004	   -5.136883e+001
+5.276976e+004	   -6.790360e+001
+5.288867e+004	   -7.299400e+001
+5.300785e+004	   -7.232993e+001
+5.312729e+004	   -7.912233e+001
+5.324701e+004	   -8.353127e+001
+5.336699e+004	   -8.661446e+001
+5.348725e+004	   -8.682154e+001
+5.360777e+004	   -8.860375e+001
+5.372857e+004	   -8.978406e+001
+5.384964e+004	   -9.176476e+001
+5.397098e+004	   -9.243832e+001
+5.409260e+004	   -9.341209e+001
+5.421448e+004	   -9.156564e+001
+5.433665e+004	   -9.290584e+001
+5.445909e+004	   -9.328104e+001
+5.458180e+004	   -9.364241e+001
+5.470480e+004	   -9.089632e+001
+5.482807e+004	   -9.248457e+001
+5.495161e+004	   -9.352701e+001
+5.507544e+004	   -9.600233e+001
+5.519954e+004	   -9.588634e+001
+5.532393e+004	   -9.715414e+001
+5.544859e+004	   -9.134644e+001
+5.557354e+004	   -9.387432e+001
+5.569876e+004	   -9.471947e+001
+5.582427e+004	   -9.440379e+001
+5.595006e+004	   -9.428764e+001
+5.607614e+004	   -9.046240e+001
+5.620250e+004	   -9.238470e+001
+5.632914e+004	   -9.616643e+001
+5.645607e+004	   -9.579218e+001
+5.658329e+004	   -9.746099e+001
+5.671079e+004	   -9.605924e+001
+5.683858e+004	   -9.976743e+001
+5.696666e+004	   -9.365739e+001
+5.709502e+004	   -9.656191e+001
+5.722368e+004	   -9.306094e+001
+5.735262e+004	   -9.888787e+001
+5.748186e+004	   -9.680574e+001
+5.761138e+004	   -9.551090e+001
+5.774120e+004	   -9.846547e+001
+5.787131e+004	   -1.025736e+002
+5.800172e+004	   -9.751212e+001
+5.813242e+004	   -9.526283e+001
+5.826341e+004	   -9.990098e+001
+5.839470e+004	   -1.069372e+002
+5.852628e+004	   -1.042839e+002
+5.865816e+004	   -1.018630e+002
+5.879034e+004	   -1.000681e+002
+5.892281e+004	   -1.061288e+002
+5.905559e+004	   -1.058512e+002
+5.918866e+004	   -1.025658e+002
+5.932204e+004	   -1.034885e+002
+5.945571e+004	   -1.012518e+002
+5.958968e+004	   -1.059350e+002
+5.972396e+004	   -1.019758e+002
+5.985854e+004	   -1.092797e+002
+5.999342e+004	   -1.039482e+002
+6.012861e+004	   -1.075930e+002
+6.026410e+004	   -1.032826e+002
+6.039989e+004	   -1.105526e+002
+6.053600e+004	   -9.928233e+001
+6.067240e+004	   -1.016466e+002
+6.080912e+004	   -8.669573e+001
+6.094614e+004	   -9.275733e+001
+6.108348e+004	   -5.750001e+001
+6.122112e+004	   -6.871322e+001
+6.135907e+004	   -9.555638e+001
+6.149734e+004	   -1.052678e+002
+6.163591e+004	   -1.123021e+002
+6.177480e+004	   -1.155080e+002
+6.191400e+004	   -1.161707e+002
+6.205351e+004	   -1.167241e+002
+6.219334e+004	   -1.174776e+002
+6.233348e+004	   -1.204556e+002
+6.247395e+004	   -1.124612e+002
+6.261472e+004	   -1.230817e+002
+6.275581e+004	   -1.203118e+002
+6.289722e+004	   -1.234959e+002
+6.303895e+004	   -1.295011e+002
+6.318100e+004	   -1.416425e+002
+6.332337e+004	   -1.543752e+002
+6.346606e+004	   -1.572564e+002
+6.360907e+004	   -1.671086e+002
+6.375241e+004	   +1.623128e+002
+6.389606e+004	   +1.147232e+001
+6.404004e+004	   +8.582030e+001
+6.418435e+004	   +1.013803e+002
+6.432898e+004	   +1.043111e+002
+6.447393e+004	   +6.790380e+001
+6.461921e+004	   +6.653815e+001
+6.476482e+004	   +5.301477e+001
+6.491076e+004	   +7.706214e+001
+6.505703e+004	   +7.499763e+001
+6.520363e+004	   +7.314339e+001
+6.535055e+004	   +7.642190e+001
+6.549781e+004	   +8.033095e+001
+6.564540e+004	   +7.115852e+001
+6.579332e+004	   +6.521340e+001
+6.594158e+004	   +8.343032e+001
+6.609016e+004	   +7.046386e+001
+6.623909e+004	   +7.544656e+001
+6.638835e+004	   +8.229150e+001
+6.653795e+004	   +6.213960e+001
+6.668788e+004	   +5.996688e+001
+6.683816e+004	   +5.794203e+001
+6.698877e+004	   +5.429543e+001
+6.713971e+004	   +6.346868e+001
+6.729100e+004	   +4.846979e+001
+6.744263e+004	   +6.205620e+001
+6.759460e+004	   +5.918188e+001
+6.774691e+004	   +5.877771e+001
+6.789958e+004	   +5.262429e+001
+6.805258e+004	   +5.874452e+001
+6.820592e+004	   +5.565704e+001
+6.835962e+004	   +6.185338e+001
+6.851366e+004	   +5.765211e+001
+6.866804e+004	   +5.026581e+001
+6.882277e+004	   +4.817041e+001
+6.897785e+004	   +5.053283e+001
+6.913328e+004	   +4.939111e+001
+6.928907e+004	   +5.365361e+001
+6.944520e+004	   +5.063311e+001
+6.960169e+004	   +4.982333e+001
+6.975852e+004	   +4.856860e+001
+6.991571e+004	   +5.051794e+001
+7.007326e+004	   +4.952180e+001
+7.023116e+004	   +5.050757e+001
+7.038941e+004	   +4.792753e+001
+7.054802e+004	   +4.768307e+001
+7.070699e+004	   +4.765249e+001
+7.086632e+004	   +4.692427e+001
+7.102601e+004	   +4.558715e+001
+7.118605e+004	   +4.622322e+001
+7.134646e+004	   +4.615351e+001
+7.150723e+004	   +4.560100e+001
+7.166836e+004	   +4.571260e+001
+7.182985e+004	   +4.392398e+001
+7.199171e+004	   +4.321460e+001
+7.215394e+004	   +4.184881e+001
+7.231652e+004	   +4.056855e+001
+7.247948e+004	   +3.972494e+001
+7.264280e+004	   +3.804303e+001
+7.280649e+004	   +3.477234e+001
+7.297055e+004	   +2.289421e+001
+7.313498e+004	   -9.178388e+001
+7.329977e+004	   -1.240662e+002
+7.346495e+004	   -1.284164e+002
+7.363048e+004	   -1.294401e+002
+7.379641e+004	   -1.294412e+002
+7.396270e+004	   -1.295300e+002
+7.412936e+004	   -1.314941e+002
+7.429640e+004	   -1.337133e+002
+7.446381e+004	   -1.387706e+002
+7.463160e+004	   -1.433144e+002
+7.479977e+004	   -1.487955e+002
+7.496833e+004	   -1.546084e+002
+7.513726e+004	   -1.551074e+002
+7.530656e+004	   -1.508199e+002
+7.547626e+004	   -1.489964e+002
+7.564634e+004	   -1.479010e+002
+7.581679e+004	   -1.481293e+002
+7.598763e+004	   -1.474360e+002
+7.615886e+004	   -1.486623e+002
+7.633047e+004	   -1.463703e+002
+7.650247e+004	   -1.409778e+002
+7.667486e+004	   -1.389810e+002
+7.684763e+004	   -1.415426e+002
+7.702080e+004	   -1.430570e+002
+7.719435e+004	   -1.446678e+002
+7.736830e+004	   -1.451083e+002
+7.754264e+004	   -1.468308e+002
+7.771737e+004	   -1.492546e+002
+7.789249e+004	   -1.496398e+002
+7.806801e+004	   -1.530617e+002
+7.824393e+004	   -1.501876e+002
+7.842023e+004	   -1.512032e+002
+7.859695e+004	   -1.530950e+002
+7.877405e+004	   -1.510393e+002
+7.895155e+004	   -1.534237e+002
+7.912946e+004	   -1.546681e+002
+7.930777e+004	   -1.599279e+002
+7.948648e+004	   -1.544445e+002
+7.966559e+004	   -1.557079e+002
+7.984510e+004	   -1.532936e+002
+8.002502e+004	   -1.562294e+002
+8.020534e+004	   -1.545818e+002
+8.038608e+004	   -1.563193e+002
+8.056722e+004	   -1.563412e+002
+8.074877e+004	   -1.576039e+002
+8.093072e+004	   -1.583212e+002
+8.111309e+004	   -1.650230e+002
+8.129586e+004	   -1.657923e+002
+8.147905e+004	   -1.602732e+002
+8.166265e+004	   -1.547909e+002
+8.184666e+004	   -1.566586e+002
+8.203109e+004	   -1.618669e+002
+8.221594e+004	   -1.602277e+002
+8.240120e+004	   -1.606454e+002
+8.258688e+004	   -1.595800e+002
+8.277298e+004	   -1.648680e+002
+8.295949e+004	   -1.624523e+002
+8.314643e+004	   -1.593627e+002
+8.333379e+004	   -1.590101e+002
+8.352157e+004	   -1.626203e+002
+8.370977e+004	   -1.657278e+002
+8.389840e+004	   -1.621887e+002
+8.408745e+004	   -1.641879e+002
+8.427693e+004	   -1.679576e+002
+8.446684e+004	   -1.653045e+002
+8.465716e+004	   -1.732148e+002
+8.484793e+004	   -1.678394e+002
+8.503913e+004	   -1.715745e+002
+8.523074e+004	   -1.720538e+002
+8.542280e+004	   -1.762024e+002
+8.561529e+004	   -1.727914e+002
+8.580821e+004	   -1.760341e+002
+8.600156e+004	   -1.757335e+002
+8.619536e+004	   -1.716641e+002
+8.638959e+004	   -1.622438e+002
+8.658425e+004	   -1.713088e+002
+8.677936e+004	   -1.775089e+002
+8.697490e+004	   +1.755715e+002
+8.717088e+004	   +1.794024e+002
+8.736731e+004	   +1.764819e+002
+8.756418e+004	   -1.754950e+002
+8.776149e+004	   -1.733890e+002
+8.795925e+004	   -1.754947e+002
+8.815745e+004	   +1.785619e+002
+8.835610e+004	   -1.784587e+002
+8.855520e+004	   +1.752678e+002
+8.875475e+004	   +1.779297e+002
+8.895474e+004	   +1.790917e+002
+8.915519e+004	   +1.778327e+002
+8.935609e+004	   -1.768962e+002
+8.955744e+004	   -1.775489e+002
+8.975924e+004	   +1.775230e+002
+8.996150e+004	   +1.743412e+002
+9.016422e+004	   +1.738503e+002
+9.036739e+004	   +1.765537e+002
+9.057102e+004	   +1.761794e+002
+9.077511e+004	   +1.786336e+002
+9.097966e+004	   +1.694520e+002
+9.118466e+004	   +1.706803e+002
+9.139013e+004	   +1.747084e+002
+9.159607e+004	   +1.667472e+002
+9.180247e+004	   +1.649703e+002
+9.200933e+004	   +1.660155e+002
+9.221666e+004	   +1.723476e+002
+9.242445e+004	   +1.702581e+002
+9.263272e+004	   +1.708597e+002
+9.284145e+004	   +1.744809e+002
+9.305066e+004	   +1.679769e+002
+9.326034e+004	   +1.664460e+002
+9.347048e+004	   +1.679439e+002
+9.368110e+004	   +1.686672e+002
+9.389220e+004	   +1.647425e+002
+9.410377e+004	   +1.653176e+002
+9.431582e+004	   +1.658922e+002
+9.452835e+004	   +1.645898e+002
+9.474135e+004	   +1.732790e+002
+9.495484e+004	   +1.637996e+002
+9.516880e+004	   +1.698472e+002
+9.538326e+004	   +1.633951e+002
+9.559819e+004	   +1.551472e+002
+9.581360e+004	   +1.606230e+002
+9.602951e+004	   +1.680463e+002
+9.624589e+004	   +1.559685e+002
+9.646277e+004	   +1.619489e+002
+9.668013e+004	   +1.545781e+002
+9.689798e+004	   +1.532782e+002
+9.711634e+004	   +1.619322e+002
+9.733517e+004	   +1.539706e+002
+9.755450e+004	   +1.549862e+002
+9.777433e+004	   +1.588671e+002
+9.799465e+004	   +1.528226e+002
+9.821546e+004	   +1.599475e+002
+9.843677e+004	   +1.512429e+002
+9.865859e+004	   +1.489283e+002
+9.888090e+004	   +1.497206e+002
+9.910371e+004	   +1.439051e+002
+9.932703e+004	   +1.530783e+002
+9.955085e+004	   +1.453729e+002
+9.977517e+004	   +1.548610e+002
+1.000000e+005	   +1.487369e+002
